UNIX time 	 watts
1330250650 	00200
1330250656 	00200
1330250662 	00197
1330250668 	00196
1330250674 	00197
1330250680 	00200
1330250686 	00196
1330250692 	00196
1330250698 	00197
1330250704 	00197
1330250710 	00198
1330250717 	00199
1330250723 	00197
1330250735 	00197
1330250741 	00197
1330250747 	00198
1330250753 	00198
1330250759 	00197
1330250765 	00197
1330250771 	00198
1330250777 	00196
1330250783 	00198
1330250789 	00198
1330250795 	00198
1330250801 	00202
1330250807 	00207
1330250814 	00206
1330250820 	00211
1330250826 	00211
1330250832 	00211
1330250838 	00211
1330250844 	00212
1330250850 	00209
1330250856 	00211
1330250862 	00202
1330250868 	00199
1330250874 	00199
1330250880 	00199
1330250886 	00204
1330250892 	00206
1330250898 	00207
1330250904 	00205
1330250911 	00199
1330250917 	00200
1330250923 	00234
1330250929 	00235
1330250935 	00239
1330250941 	00234
1330250947 	00234
1330250953 	00235
1330250959 	00231
1330250965 	00234
1330250977 	00235
1330250983 	00233
1330250989 	00239
1330250995 	00236
1330251001 	00231
1330251007 	00234
1330251014 	00235
1330251020 	00232
1330251026 	00233
1330251032 	00232
1330251038 	00232
1330251044 	00232
1330251050 	00232
1330251056 	00233
1330251062 	00233
1330251068 	00232
1330251074 	00232
1330251080 	00232
1330251086 	00230
1330251092 	00230
1330251098 	00232
1330251104 	00195
1330251111 	00195
1330251117 	00197
1330251123 	00194
1330251129 	00196
1330251135 	00196
1330251141 	00196
1330251147 	00195
1330251159 	00195
1330251165 	00195
1330251171 	00197
1330251177 	00197
1330251183 	00195
1330251189 	00205
1330251195 	00199
1330251208 	00206
1330251214 	00196
1330251220 	00198
1330251226 	00195
1330251232 	00197
1330251238 	00196
1330251244 	00197
1330251256 	00200
1330251262 	00198
1330251268 	00197
1330251274 	00197
1330251280 	00195
1330251286 	00202
1330251292 	00197
1330251304 	00196
1330251311 	00196
1330251317 	00198
1330251323 	00196
1330251329 	00198
1330251335 	00199
1330251353 	00211
1330251359 	00197
1330251365 	00197
1330251371 	00211
1330251377 	00197
1330251383 	00197
1330251389 	00235
1330251395 	00232
1330251401 	00235
1330251408 	00236
1330251414 	00233
1330251420 	00233
1330251426 	00233
1330251432 	00232
1330251438 	00242
1330251444 	00538
1330251450 	00318
1330251456 	00315
1330251462 	00314
1330251468 	00312
1330251474 	00314
1330251480 	00307
1330251486 	00309
1330251492 	00313
1330251498 	00313
1330251504 	00304
1330251511 	00301
1330251517 	00302
1330251523 	00303
1330251529 	00300
1330251535 	00302
1330251541 	00301
1330251547 	00306
1330251553 	00301
1330251559 	00308
1330251565 	00304
1330251571 	00300
1330251577 	00302
1330251583 	00304
1330251589 	00302
1330251595 	00304
1330251601 	00303
1330251608 	00301
1330251614 	00303
1330251620 	00302
1330251626 	00304
1330251632 	00306
1330251638 	00302
1330251650 	00304
1330251656 	00302
1330251662 	00311
1330251668 	00308
1330251674 	00304
1330251680 	00304
1330251686 	00302
1330251698 	00304
1330251705 	00306
1330251711 	00306
1330251717 	00317
1330251723 	00310
1330251729 	00308
1330251735 	00313
1330251747 	00300
1330251753 	00303
1330251759 	00303
1330251765 	00309
1330251771 	00301
1330251777 	00304
1330251783 	00303
1330251795 	00304
1330251801 	00308
1330251808 	00304
1330251814 	00304
1330251820 	00301
1330251826 	00304
1330251832 	00306
1330251838 	00302
1330251844 	00306
1330251850 	00303
1330251856 	00301
1330251862 	00300
1330251868 	00300
1330251874 	00315
1330251880 	00306
1330251886 	00302
1330251892 	00300
1330251898 	00302
1330251905 	00299
1330251911 	00304
1330251917 	00299
1330251923 	00300
1330251929 	00299
1330251935 	00299
1330251941 	00303
1330251947 	00317
1330251953 	00298
1330251959 	00301
1330251965 	00298
1330251977 	00298
1330251983 	00300
1330251995 	00300
1330252001 	00297
1330252008 	00299
1330252014 	00297
1330252020 	00300
1330252026 	00301
1330252032 	00231
1330252044 	00231
1330252050 	00232
1330252056 	00232
1330252062 	00230
1330252068 	00231
1330252074 	00231
1330252080 	00233
1330252086 	00231
1330252092 	00238
1330252098 	00239
1330252104 	00240
1330252111 	00234
1330252117 	00234
1330252123 	00234
1330252135 	00244
1330252147 	00231
1330252153 	00232
1330252159 	00233
1330252165 	00232
1330252171 	00235
1330252177 	00231
1330252183 	00231
1330252189 	00232
1330252195 	00232
1330252201 	00232
1330252207 	00232
1330252220 	00231
1330252226 	00232
1330252232 	00233
1330252238 	00231
1330252250 	00232
1330252256 	00231
1330252262 	00232
1330252268 	00232
1330252274 	00231
1330252280 	00233
1330252286 	00231
1330252292 	00232
1330252298 	00230
1330252304 	00232
1330252310 	00232
1330252317 	00231
1330252323 	00231
1330252329 	00233
1330252335 	00231
1330252341 	00233
1330252353 	00231
1330252359 	00232
1330252365 	00230
1330252371 	00231
1330252377 	00231
1330252383 	00231
1330252389 	00232
1330252395 	00239
1330252407 	00232
1330252413 	00234
1330252419 	00241
1330252426 	00232
1330252432 	00232
1330252438 	00234
1330252444 	00233
1330252450 	00230
1330252456 	00230
1330252462 	00231
1330252468 	00231
1330252474 	00230
1330252480 	00234
1330252486 	00234
1330252492 	00232
1330252498 	00231
1330252510 	00232
1330252516 	00232
1330252522 	00232
1330252529 	00232
1330252541 	00231
1330252547 	00232
1330252553 	00230
1330252559 	00230
1330252565 	00230
1330252571 	00233
1330252577 	00233
1330252589 	00234
1330252595 	00232
1330252601 	00236
1330252607 	00232
1330252613 	00233
1330252619 	00238
1330252625 	00236
1330252631 	00231
1330252638 	00232
1330252644 	00235
1330252650 	00231
1330252656 	00234
1330252668 	00233
1330252674 	00233
1330252680 	00232
1330252686 	00232
1330252692 	00241
1330252698 	00239
1330252704 	00240
1330252710 	00249
1330252722 	00232
1330252728 	00232
1330252734 	00231
1330252741 	00234
1330252747 	00234
1330252759 	00233
1330252765 	00232
1330252771 	00232
1330252783 	00234
1330252789 	00231
1330252795 	00233
1330252801 	00232
1330252807 	00232
1330252813 	00235
1330252819 	00232
1330252825 	00233
1330252831 	00236
1330252837 	00233
1330252843 	00232
1330252850 	00231
1330252856 	00232
1330252862 	00231
1330252868 	00232
1330252880 	00232
1330252886 	00232
1330252892 	00242
1330252898 	00231
1330252904 	00231
1330252910 	00234
1330252916 	00232
1330252922 	00232
1330252934 	00232
1330252940 	00232
1330252946 	00235
1330252952 	00232
1330252959 	00234
1330252965 	00234
1330252971 	00231
1330252977 	00246
1330252983 	00231
1330252989 	00232
1330252995 	00232
1330253001 	00234
1330253007 	00235
1330253013 	00256
1330253019 	00234
1330253025 	00232
1330253031 	00233
1330253037 	00231
