UNIX time 	 watts
1335554584 	00285
1335554590 	00317
1335554596 	00360
1335554602 	00348
1335554608 	00378
1335554614 	00363
1335554626 	00361
1335554632 	00360
1335554638 	00355
1335554644 	00352
1335554650 	00353
1335554656 	00352
1335554662 	00356
1335554668 	00355
1335554674 	00354
1335554680 	00354
1335554686 	00354
1335554692 	00353
1335554698 	00355
1335554704 	00352
1335554711 	00356
1335554723 	00356
1335554729 	00338
1335554735 	00303
1335554741 	00304
1335554747 	00327
1335554753 	00325
1335554759 	00325
1335554765 	00322
1335554771 	00325
1335554777 	00325
1335554783 	00326
1335554789 	00325
1335554795 	00324
1335554801 	00327
1335554819 	00325
1335554825 	00325
1335554831 	00329
1335554837 	00331
1335554843 	00303
1335554849 	00323
1335554855 	00604
1335554861 	00682
1335554867 	00671
1335554873 	00672
1335554879 	00662
1335554885 	00681
1335554891 	00669
1335554898 	00675
1335554910 	00680
1335554916 	00669
1335554922 	00658
1335554928 	00661
1335554934 	00683
1335554940 	00660
1335554946 	00658
1335554952 	00652
1335554958 	00674
1335554964 	00666
1335554970 	00652
1335554976 	00658
1335554982 	00659
1335554988 	02502
1335555001 	02465
1335555008 	02472
1335555014 	02456
1335555020 	02428
1335555027 	02454
1335555033 	02424
1335555039 	00657
1335555045 	00659
1335555051 	00655
1335555057 	00655
1335555063 	00665
1335555069 	00657
1335555075 	00662
1335555081 	00657
1335555087 	00664
1335555093 	00674
1335555099 	00659
1335555111 	00668
1335555124 	00668
1335555136 	00662
1335555142 	00655
1335555148 	00670
1335555154 	00662
1335555160 	00666
1335555166 	00659
1335555172 	00663
1335555178 	00662
1335555184 	00653
1335555190 	00648
1335555196 	00654
1335555202 	00645
1335555214 	00672
1335555220 	00679
1335555226 	00665
1335555232 	00670
1335555238 	00661
1335555244 	00649
1335555250 	00661
1335555256 	00663
1335555262 	00679
1335555268 	00642
1335555274 	00671
1335555280 	00681
1335555286 	00671
1335555292 	00671
1335555298 	00682
1335555311 	00660
1335555317 	02208
1335555323 	02212
1335555330 	02186
1335555336 	02236
1335555349 	02237
1335555355 	02185
1335555368 	02209
1335555374 	02230
1335555381 	02184
1335555387 	02208
1335555394 	02205
1335555406 	02232
1335555413 	02184
1335555419 	02227
1335555426 	02212
1335555432 	02210
1335555438 	02180
1335555445 	02222
1335555451 	02184
1335555457 	00666
1335555463 	00668
1335555469 	00664
1335555475 	00664
1335555481 	00677
1335555487 	00668
1335555493 	00662
1335555499 	00684
1335555505 	00664
1335555511 	00675
1335555523 	00662
1335555530 	00682
1335555536 	00669
1335555542 	00662
1335555548 	00666
1335555554 	00668
1335555560 	00655
1335555566 	00664
1335555572 	00672
1335555578 	00655
1335555584 	00674
1335555590 	00685
1335555596 	00688
1335555602 	00660
1335555614 	00655
1335555620 	00663
1335555626 	00668
1335555632 	00673
1335555638 	00699
1335555644 	00695
1335555650 	00655
1335555656 	00657
1335555662 	00659
1335555668 	00657
1335555674 	00665
1335555680 	00685
1335555686 	00668
1335555692 	00659
1335555698 	00664
1335555710 	00664
1335555717 	00680
1335555723 	00669
1335555729 	00672
1335555735 	00660
1335555741 	00676
1335555747 	00664
1335555753 	00657
1335555759 	00684
1335555765 	00661
1335555771 	00670
1335555777 	00659
1335555783 	00677
1335555789 	00662
1335555801 	00660
1335555813 	00675
1335555819 	00680
1335555825 	00686
1335555831 	00664
1335555837 	00661
1335555843 	00681
1335555849 	00664
1335555855 	00682
1335555861 	00679
1335555867 	00662
1335555873 	00672
1335555879 	00670
1335555891 	00666
1335555897 	00653
1335555904 	00682
1335555910 	00682
1335555916 	00668
1335555922 	00692
1335555928 	00672
1335555934 	00674
1335555940 	00660
1335555946 	00675
1335555952 	00666
1335555958 	00679
1335555964 	00682
1335555970 	00664
1335555982 	00658
1335555988 	00652
1335555994 	00686
1335556000 	00696
1335556006 	00685
1335556012 	00687
1335556018 	00684
1335556024 	00677
1335556030 	00683
1335556036 	00684
1335556042 	00760
1335556048 	00770
1335556054 	00752
1335556060 	00757
1335556066 	00748
1335556078 	00751
1335556084 	00755
1335556091 	00760
1335556097 	00745
1335556103 	00740
1335556109 	00750
1335556115 	00739
1335556121 	00742
1335556127 	00753
1335556133 	00742
1335556139 	00731
1335556145 	00745
1335556151 	00737
1335556157 	00739
1335556169 	00743
1335556175 	00740
1335556181 	00742
1335556187 	00737
1335556193 	00742
1335556199 	00741
1335556205 	00743
1335556211 	00731
1335556217 	00740
1335556223 	00741
1335556229 	00752
1335556235 	00743
1335556241 	00743
1335556247 	00743
1335556259 	00734
1335556265 	00743
1335556271 	00743
1335556278 	00732
1335556290 	00743
1335556296 	00751
1335556302 	00745
1335556308 	00741
1335556314 	00744
1335556320 	00740
1335556326 	00747
1335556332 	00745
1335556338 	00748
1335556350 	00749
1335556356 	00750
1335556362 	00749
1335556368 	00739
1335556374 	00745
1335556380 	00727
1335556386 	00749
1335556392 	00749
1335556398 	00747
1335556404 	00737
1335556410 	00743
1335556416 	00734
1335556422 	00747
1335556428 	00761
1335556434 	00763
1335556446 	00744
1335556452 	00733
1335556458 	00742
1335556465 	00738
1335556471 	00730
1335556477 	00727
1335556483 	00745
1335556489 	00741
1335556495 	00738
1335556501 	00750
1335556507 	00751
1335556513 	00756
1335556519 	00776
1335556525 	00788
1335556537 	00768
1335556543 	00786
1335556549 	00759
1335556555 	00744
1335556561 	00745
1335556567 	00751
1335556573 	00745
1335556579 	00745
1335556585 	00752
1335556591 	00750
1335556597 	00740
1335556603 	00875
1335556609 	00868
1335556615 	00870
1335556627 	00858
1335556633 	00861
1335556639 	00858
1335556645 	00871
1335556652 	00858
1335556658 	00854
1335556664 	00856
1335556670 	00865
1335556676 	00871
1335556682 	00745
1335556688 	00796
1335556694 	00857
1335556700 	00850
1335556706 	00855
1335556718 	00500
1335556724 	00525
1335556730 	00516
1335556736 	00518
1335556742 	00502
1335556748 	00503
1335556754 	00819
1335556760 	00729
1335556766 	00733
1335556772 	00723
1335556778 	00729
1335556784 	00732
1335556790 	00725
1335556796 	00730
1335556808 	00847
1335556814 	00500
1335556820 	00502
1335556826 	00482
1335556833 	00483
1335556839 	00495
1335556845 	00507
1335556851 	00502
1335556857 	00494
1335556863 	00496
1335556869 	00503
1335556875 	00498
1335556881 	00506
1335556887 	00501
1335556899 	00489
1335556905 	00492
1335556911 	00491
1335556917 	00488
1335556923 	00494
1335556929 	00496
1335556935 	00495
1335556941 	00495
1335556953 	00496
1335556959 	00496
1335556965 	00499
1335556971 	00493
1335556977 	00492
1335556989 	00495
1335556995 	00515
1335557001 	00433
1335557007 	00432
1335557013 	00433
1335557019 	00432
1335557026 	00433
1335557032 	00433
1335557038 	00433
1335557044 	00432
1335557050 	00432
1335557056 	00433
1335557062 	00433
1335557068 	00431
1335557074 	00433
1335557086 	00433
1335557092 	00433
1335557098 	00433
1335557104 	00431
1335557110 	00433
1335557116 	00431
1335557128 	00433
1335557134 	00432
1335557140 	00437
1335557146 	00431
1335557152 	00430
1335557158 	00431
1335557164 	00431
1335557176 	00432
1335557182 	00431
1335557188 	00440
1335557194 	00440
1335557200 	00443
1335557206 	00439
1335557213 	00440
1335557219 	00437
1335557231 	00442
1335557237 	00431
1335557243 	00439
1335557249 	00442
1335557255 	00433
1335557267 	00437
1335557279 	00440
1335557285 	00437
1335557291 	00436
1335557297 	00433
1335557303 	00436
1335557309 	00437
1335557315 	00438
1335557321 	00437
1335557327 	00435
1335557333 	00437
1335557339 	00442
1335557345 	00435
1335557357 	00439
1335557363 	00435
1335557369 	00437
1335557375 	00436
1335557381 	00438
1335557387 	00437
1335557393 	00437
1335557400 	00435
1335557406 	00436
1335557412 	00436
1335557418 	00436
1335557424 	00436
1335557430 	00435
1335557436 	00434
1335557448 	00440
1335557454 	00433
1335557460 	00435
1335557466 	00434
1335557472 	00432
1335557478 	00434
1335557484 	00432
1335557490 	00434
1335557496 	00435
1335557502 	00434
1335557508 	00433
1335557514 	00439
1335557520 	00434
1335557526 	00433
1335557532 	00431
1335557538 	00433
1335557544 	00431
1335557550 	00433
1335557556 	00433
1335557562 	00432
1335557568 	00431
1335557574 	00467
1335557581 	00430
1335557587 	00317
1335557593 	00319
1335557599 	00318
1335557605 	00318
1335557611 	00354
1335557617 	00342
1335557623 	00342
1335557635 	00326
1335557641 	00320
1335557647 	00324
1335557653 	00321
1335557659 	00322
1335557665 	00322
1335557671 	00319
1335557677 	00320
1335557683 	00322
1335557689 	00322
1335557695 	00430
1335557701 	00440
1335557707 	00440
1335557713 	00438
1335557725 	00442
1335557731 	00428
1335557738 	02528
1335557744 	02530
1335557750 	02579
1335557757 	02550
1335557763 	02522
1335557770 	02521
1335557776 	02540
1335557782 	02579
1335557789 	02523
1335557795 	02523
1335557802 	02558
1335557808 	02570
1335557814 	02518
1335557821 	02562
1335557827 	02532
1335557834 	02529
1335557840 	02579
1335557846 	02525
1335557859 	02545
1335557866 	02569
1335557872 	02587
1335557885 	02531
1335557891 	02519
1335557897 	02527
1335557904 	02550
1335557910 	02553
1335557917 	02578
1335557923 	02526
1335557929 	02475
1335557936 	02485
1335557949 	02500
1335557955 	02522
1335557961 	02543
1335557968 	02534
1335557974 	02489
1335557981 	02481
1335557987 	02475
1335557993 	02479
1335558000 	02477
1335558006 	02476
1335558013 	02478
1335558019 	02477
1335558025 	02480
1335558032 	02476
1335558038 	02475
1335558044 	02476
1335558051 	02512
1335558057 	02541
1335558064 	02482
1335558070 	02477
1335558076 	02485
1335558083 	02477
1335558096 	02539
1335558102 	02535
1335558108 	02482
1335558115 	02488
1335558121 	02488
1335558128 	02520
1335558134 	02531
1335558140 	02477
1335558147 	02483
1335558153 	02484
1335558160 	02476
1335558166 	02486
1335558172 	02501
1335558185 	02478
1335558191 	02482
1335558198 	02536
1335558204 	02526
1335558211 	02478
1335558217 	02509
1335558223 	02519
1335558230 	02487
1335558243 	02544
1335558249 	02487
1335558255 	02486
1335558262 	02524
1335558268 	02479
1335558275 	02549
1335558281 	02479
1335558287 	02532
1335558294 	02486
1335558300 	02530
1335558306 	02495
1335558313 	02481
1335558319 	02501
1335558332 	02481
1335558338 	02481
1335558345 	02491
1335558351 	02530
1335558358 	02532
1335558364 	02482
1335558370 	02488
1335558377 	02479
1335558383 	00363
1335558389 	00364
1335558395 	00357
1335558401 	00359
1335558407 	00357
1335558413 	00361
1335558419 	00358
1335558425 	00359
1335558431 	00367
1335558437 	00386
1335558449 	00731
1335558455 	00754
1335558461 	00744
1335558467 	00731
1335558473 	00744
1335558479 	00726
1335558485 	00728
1335558491 	00749
1335558497 	00730
1335558503 	00733
1335558510 	00733
1335558516 	00389
1335558522 	00387
1335558528 	00368
1335558540 	00360
1335558546 	00361
1335558552 	00370
1335558558 	00358
1335558564 	00360
1335558570 	00360
1335558576 	00358
1335558582 	00358
1335558588 	00364
1335558594 	00357
1335558600 	00360
1335558606 	00360
1335558612 	00364
1335558618 	00356
1335558624 	00358
1335558636 	00361
1335558642 	00359
1335558648 	00359
1335558654 	00357
