1343836220 0 /dev/ttyUSB0 5
1343836226 1 /dev/ttyUSB0 5
1343836275 1 /dev/ttyUSB0 5
1343836288 0 /dev/ttyUSB0 5
1343836300 0 /dev/ttyUSB0 5
1343836306 0 /dev/ttyUSB0 5
1343836312 0 /dev/ttyUSB0 5
1343836330 1 /dev/ttyUSB0 5
1343836337 0 /dev/ttyUSB0 5
1343836349 0 /dev/ttyUSB0 5
1343836355 0 /dev/ttyUSB0 5
1343836361 1 /dev/ttyUSB0 5
1343836367 1 /dev/ttyUSB0 5
1343836373 0 /dev/ttyUSB0 5
1343836380 0 /dev/ttyUSB0 5
1343836386 1 /dev/ttyUSB0 5
1343836392 0 /dev/ttyUSB0 5
1343836398 1 /dev/ttyUSB0 5
1343836404 1 /dev/ttyUSB0 5
1343836410 1 /dev/ttyUSB0 5
1343836416 1 /dev/ttyUSB0 5
1343836422 0 /dev/ttyUSB0 5
1343836429 0 /dev/ttyUSB0 5
1343836435 1 /dev/ttyUSB0 5
1343836441 1 /dev/ttyUSB0 5
1343836447 0 /dev/ttyUSB0 5
1343836453 0 /dev/ttyUSB0 5
1343836459 1 /dev/ttyUSB0 5
1343836465 1 /dev/ttyUSB0 5
1343836471 0 /dev/ttyUSB0 5
1343836478 0 /dev/ttyUSB0 5
1343836484 0 /dev/ttyUSB0 5
1343836514 0 /dev/ttyUSB0 5
1343836520 1 /dev/ttyUSB0 5
1343836527 0 /dev/ttyUSB0 5
1343836533 0 /dev/ttyUSB0 5
1343836539 0 /dev/ttyUSB0 5
1343836545 0 /dev/ttyUSB0 5
1343836551 0 /dev/ttyUSB0 5
1343836557 0 /dev/ttyUSB0 5
1343836569 0 /dev/ttyUSB0 5
1343836576 0 /dev/ttyUSB0 5
1343836588 0 /dev/ttyUSB0 5
1343836594 1 /dev/ttyUSB0 5
1343836600 0 /dev/ttyUSB0 5
1343836649 0 /dev/ttyUSB0 5
1343836680 0 /dev/ttyUSB0 5
1343836686 1 /dev/ttyUSB0 5
1343836692 1 /dev/ttyUSB0 5
1343836698 1 /dev/ttyUSB0 5
1343836704 1 /dev/ttyUSB0 5
1343836710 0 /dev/ttyUSB0 5
1343836716 0 /dev/ttyUSB0 5
1343836723 0 /dev/ttyUSB0 5
1343836729 0 /dev/ttyUSB0 5
1343836998 0 /dev/ttyUSB0 5
1343837004 0 /dev/ttyUSB0 5
1343837011 1 /dev/ttyUSB0 5
1343837017 0 /dev/ttyUSB0 5
1343837023 0 /dev/ttyUSB0 5
1343837035 1 /dev/ttyUSB0 5
1343837041 0 /dev/ttyUSB0 5
1343837047 0 /dev/ttyUSB0 5
1343837060 0 /dev/ttyUSB0 5
1343837066 0 /dev/ttyUSB0 5
1343837072 1 /dev/ttyUSB0 5
1343837078 0 /dev/ttyUSB0 5
1343837084 0 /dev/ttyUSB0 5
1343837090 1 /dev/ttyUSB0 5
1343837102 0 /dev/ttyUSB0 5
1343837109 1 /dev/ttyUSB0 5
1343837115 0 /dev/ttyUSB0 5
1343837121 0 /dev/ttyUSB0 5
1343837127 0 /dev/ttyUSB0 5
1343837133 0 /dev/ttyUSB0 5
1343837139 0 /dev/ttyUSB0 5
1343837145 0 /dev/ttyUSB0 5
1343837151 0 /dev/ttyUSB0 5
1343837158 1 /dev/ttyUSB0 5
1343837164 0 /dev/ttyUSB0 5
1343837170 0 /dev/ttyUSB0 5
1343837176 0 /dev/ttyUSB0 5
1343837188 0 /dev/ttyUSB0 5
1343837194 0 /dev/ttyUSB0 5
1343837200 0 /dev/ttyUSB0 5
1343837213 0 /dev/ttyUSB0 5
1343837219 1 /dev/ttyUSB0 5
1343837225 1 /dev/ttyUSB0 5
1343837237 0 /dev/ttyUSB0 5
1343837243 0 /dev/ttyUSB0 5
1343837250 0 /dev/ttyUSB0 5
1343837262 0 /dev/ttyUSB0 5
1343837268 0 /dev/ttyUSB0 5
1343837274 0 /dev/ttyUSB0 5
1343837280 0 /dev/ttyUSB0 5
1343837286 0 /dev/ttyUSB0 5
1343837292 0 /dev/ttyUSB0 5
1343837299 0 /dev/ttyUSB0 5
1343837305 88 /dev/ttyUSB0 5
1343837311 86 /dev/ttyUSB0 5
1343837317 86 /dev/ttyUSB0 5
1343837323 85 /dev/ttyUSB0 5
1343837329 85 /dev/ttyUSB0 5
1343837335 84 /dev/ttyUSB0 5
1343837341 85 /dev/ttyUSB0 5
1343837348 84 /dev/ttyUSB0 5
1343837354 84 /dev/ttyUSB0 5
1343837360 85 /dev/ttyUSB0 5
1343837366 85 /dev/ttyUSB0 5
1343837378 81 /dev/ttyUSB0 5
1343837384 80 /dev/ttyUSB0 5
1343837390 80 /dev/ttyUSB0 5
1343837397 77 /dev/ttyUSB0 5
1343837403 78 /dev/ttyUSB0 5
1343837409 78 /dev/ttyUSB0 5
1343837415 79 /dev/ttyUSB0 5
1343837421 78 /dev/ttyUSB0 5
1343837427 79 /dev/ttyUSB0 5
1343837433 79 /dev/ttyUSB0 5
1343837513 83 /dev/ttyUSB0 5
1343837525 84 /dev/ttyUSB0 5
1343837531 84 /dev/ttyUSB0 5
1343837537 84 /dev/ttyUSB0 5
1343837550 84 /dev/ttyUSB0 5
1343837556 84 /dev/ttyUSB0 5
1343837562 84 /dev/ttyUSB0 5
1343837574 85 /dev/ttyUSB0 5
1343837580 85 /dev/ttyUSB0 5
1343837586 85 /dev/ttyUSB0 5
1343837599 85 /dev/ttyUSB0 5
1343837605 85 /dev/ttyUSB0 5
1343837611 85 /dev/ttyUSB0 5
1343837623 85 /dev/ttyUSB0 5
1343837642 85 /dev/ttyUSB0 5
1343837654 85 /dev/ttyUSB0 5
1343837660 85 /dev/ttyUSB0 5
1343837685 85 /dev/ttyUSB0 5
1343837691 85 /dev/ttyUSB0 5
1343837697 84 /dev/ttyUSB0 5
1343837703 85 /dev/ttyUSB0 5
1343837709 84 /dev/ttyUSB0 5
1343837715 84 /dev/ttyUSB0 5
1343837721 84 /dev/ttyUSB0 5
1343838181 82 /dev/ttyUSB0 5
1343838187 82 /dev/ttyUSB0 5
1343838193 82 /dev/ttyUSB0 5
1343838199 82 /dev/ttyUSB0 5
1343838205 81 /dev/ttyUSB0 5
1343838230 82 /dev/ttyUSB0 5
1343838236 81 /dev/ttyUSB0 5
1343838242 82 /dev/ttyUSB0 5
1343838248 82 /dev/ttyUSB0 5
1343838254 82 /dev/ttyUSB0 5
1343838260 82 /dev/ttyUSB0 5
1343838273 82 /dev/ttyUSB0 5
1343838279 82 /dev/ttyUSB0 5
1343838285 82 /dev/ttyUSB0 5
1343838291 81 /dev/ttyUSB0 5
1343838297 82 /dev/ttyUSB0 5
1343838303 82 /dev/ttyUSB0 5
1343838309 82 /dev/ttyUSB0 5
1343838316 82 /dev/ttyUSB0 5
1343838444 82 /dev/ttyUSB0 5
1343838445 82 /dev/ttyUSB0 5
1343838450 83 /dev/ttyUSB0 5
1343838469 82 /dev/ttyUSB0 5
1343838475 81 /dev/ttyUSB0 5
1343838487 82 /dev/ttyUSB0 5
1343838499 81 /dev/ttyUSB0 5
1343838530 82 /dev/ttyUSB0 5
1343838971 81 /dev/ttyUSB0 5
1343838977 30 /dev/ttyUSB0 5
1343838983 1 /dev/ttyUSB0 5
1343838990 0 /dev/ttyUSB0 5
1343838996 0 /dev/ttyUSB0 5
1343839002 0 /dev/ttyUSB0 5
1343839008 0 /dev/ttyUSB0 5
1343839014 0 /dev/ttyUSB0 5
1343839020 0 /dev/ttyUSB0 5
1343839026 0 /dev/ttyUSB0 5
1343839039 1 /dev/ttyUSB0 5
1343839045 0 /dev/ttyUSB0 5
1343839051 0 /dev/ttyUSB0 5
1343839063 1 /dev/ttyUSB0 5
1343839069 0 /dev/ttyUSB0 5
1343839075 0 /dev/ttyUSB0 5
1343839088 0 /dev/ttyUSB0 5
1343839094 1 /dev/ttyUSB0 5
1343839100 0 /dev/ttyUSB0 5
1343839106 0 /dev/ttyUSB0 5
1343839112 0 /dev/ttyUSB0 5
1343839118 0 /dev/ttyUSB0 5
1343839124 0 /dev/ttyUSB0 5
1343839130 0 /dev/ttyUSB0 5
1343839302 0 /dev/ttyUSB0 5
1343839308 1 /dev/ttyUSB0 5
1343839314 0 /dev/ttyUSB0 5
1343839327 1 /dev/ttyUSB0 5
1343839333 0 /dev/ttyUSB0 5
1343839437 0 /dev/ttyUSB0 5
1343839443 1 /dev/ttyUSB0 5
1343839449 1 /dev/ttyUSB0 5
1343839455 1 /dev/ttyUSB0 5
1343839461 1 /dev/ttyUSB0 5
1343839467 0 /dev/ttyUSB0 5
1343839474 1 /dev/ttyUSB0 5
1343839480 0 /dev/ttyUSB0 5
1343839486 0 /dev/ttyUSB0 5
1343839492 1 /dev/ttyUSB0 5
1343839498 0 /dev/ttyUSB0 5
1343839504 1 /dev/ttyUSB0 5
1343839510 0 /dev/ttyUSB0 5
1343839516 0 /dev/ttyUSB0 5
1343839523 0 /dev/ttyUSB0 5
1343839529 0 /dev/ttyUSB0 5
1343839535 1 /dev/ttyUSB0 5
1343839541 1 /dev/ttyUSB0 5
1343839547 1 /dev/ttyUSB0 5
1343839553 1 /dev/ttyUSB0 5
1343839559 0 /dev/ttyUSB0 5
1343839565 0 /dev/ttyUSB0 5
1343839651 0 /dev/ttyUSB0 5
1343839670 0 /dev/ttyUSB0 5
1343839676 1 /dev/ttyUSB0 5
1343839682 0 /dev/ttyUSB0 5
1343839688 1 /dev/ttyUSB0 5
1343839700 0 /dev/ttyUSB0 5
1343839804 1 /dev/ttyUSB0 5
1343839835 0 /dev/ttyUSB0 5
1343840527 0 /dev/ttyUSB0 5
1343840534 0 /dev/ttyUSB0 5
1343840540 0 /dev/ttyUSB0 5
1343840546 0 /dev/ttyUSB0 5
1343840552 0 /dev/ttyUSB0 5
1343840558 0 /dev/ttyUSB0 5
1343840583 0 /dev/ttyUSB0 5
1343840589 0 /dev/ttyUSB0 5
1343840595 0 /dev/ttyUSB0 5
1343840601 0 /dev/ttyUSB0 5
1343840607 1 /dev/ttyUSB0 5
1343840613 0 /dev/ttyUSB0 5
1343840779 0 /dev/ttyUSB0 5
1343840785 0 /dev/ttyUSB0 5
1343840791 0 /dev/ttyUSB0 5
1343840797 0 /dev/ttyUSB0 5
1343840803 0 /dev/ttyUSB0 5
1343840933 1 /dev/ttyUSB0 5
1343840938 0 /dev/ttyUSB0 5
1343840944 0 /dev/ttyUSB0 5
1343840950 1 /dev/ttyUSB0 5
1343840962 1 /dev/ttyUSB0 5
1343840969 0 /dev/ttyUSB0 5
1343840981 0 /dev/ttyUSB0 5
1343840987 0 /dev/ttyUSB0 5
1343840993 1 /dev/ttyUSB0 5
1343841005 0 /dev/ttyUSB0 5
1343841011 0 /dev/ttyUSB0 5
1343841018 0 /dev/ttyUSB0 5
1343841024 1 /dev/ttyUSB0 5
1343841030 0 /dev/ttyUSB0 5
1343841036 1 /dev/ttyUSB0 5
1343841042 1 /dev/ttyUSB0 5
1343841048 1 /dev/ttyUSB0 5
1343841054 0 /dev/ttyUSB0 5
1343841061 0 /dev/ttyUSB0 5
1343841067 1 /dev/ttyUSB0 5
1343841073 0 /dev/ttyUSB0 5
1343841097 0 /dev/ttyUSB0 5
1343841103 0 /dev/ttyUSB0 5
1343841116 0 /dev/ttyUSB0 5
1343841122 0 /dev/ttyUSB0 5
1343841128 0 /dev/ttyUSB0 5
1343841134 0 /dev/ttyUSB0 5
1343841159 1 /dev/ttyUSB0 5
1343841177 0 /dev/ttyUSB0 5
1343841183 0 /dev/ttyUSB0 5
1343841189 0 /dev/ttyUSB0 5
1343841195 1 /dev/ttyUSB0 5
1343841201 1 /dev/ttyUSB0 5
1343841226 1 /dev/ttyUSB0 5
1343841244 92 /dev/ttyUSB0 5
1343841250 92 /dev/ttyUSB0 5
1343841257 89 /dev/ttyUSB0 5
1343841281 85 /dev/ttyUSB0 5
1343841293 82 /dev/ttyUSB0 5
1343841312 81 /dev/ttyUSB0 5
1343841318 81 /dev/ttyUSB0 5
1343841330 81 /dev/ttyUSB0 5
1343841342 82 /dev/ttyUSB0 5
1343841379 82 /dev/ttyUSB0 5
1343841410 83 /dev/ttyUSB0 5
1343841422 82 /dev/ttyUSB0 5
1343841428 81 /dev/ttyUSB0 5
1343841440 81 /dev/ttyUSB0 5
1343841447 81 /dev/ttyUSB0 5
1343841453 82 /dev/ttyUSB0 5
1343841459 82 /dev/ttyUSB0 5
1343841477 81 /dev/ttyUSB0 5
1343841483 81 /dev/ttyUSB0 5
1343841489 81 /dev/ttyUSB0 5
1343841496 80 /dev/ttyUSB0 5
1343841514 81 /dev/ttyUSB0 5
1343841520 80 /dev/ttyUSB0 5
1343841538 80 /dev/ttyUSB0 5
1343841545 80 /dev/ttyUSB0 5
1343841612 79 /dev/ttyUSB0 5
1343841618 79 /dev/ttyUSB0 5
1343841624 80 /dev/ttyUSB0 5
1343841630 79 /dev/ttyUSB0 5
1343841636 79 /dev/ttyUSB0 5
1343841643 79 /dev/ttyUSB0 5
1343841649 79 /dev/ttyUSB0 5
1343841655 80 /dev/ttyUSB0 5
1343841661 79 /dev/ttyUSB0 5
1343841667 79 /dev/ttyUSB0 5
1343841673 79 /dev/ttyUSB0 5
1343841679 79 /dev/ttyUSB0 5
1343841685 79 /dev/ttyUSB0 5
1343841710 78 /dev/ttyUSB0 5
1343841716 79 /dev/ttyUSB0 5
1343841722 79 /dev/ttyUSB0 5
1343841728 78 /dev/ttyUSB0 5
1343841734 78 /dev/ttyUSB0 5
1343841741 79 /dev/ttyUSB0 5
1343841777 78 /dev/ttyUSB0 5
1343841784 78 /dev/ttyUSB0 5
1343841796 77 /dev/ttyUSB0 5
1343841833 78 /dev/ttyUSB0 5
1343841845 94 /dev/ttyUSB0 5
1343841851 77 /dev/ttyUSB0 5
1343841857 43 /dev/ttyUSB0 5
1343841863 1 /dev/ttyUSB0 5
1343841869 1 /dev/ttyUSB0 5
1343841875 1 /dev/ttyUSB0 5
1343841882 0 /dev/ttyUSB0 5
1343841888 0 /dev/ttyUSB0 5
1343841894 1 /dev/ttyUSB0 5
1343841900 0 /dev/ttyUSB0 5
1343841906 1 /dev/ttyUSB0 5
1343841912 1 /dev/ttyUSB0 5
1343841918 1 /dev/ttyUSB0 5
1343841924 1 /dev/ttyUSB0 5
1343841931 0 /dev/ttyUSB0 5
1343841937 0 /dev/ttyUSB0 5
1343841943 1 /dev/ttyUSB0 5
1343841949 0 /dev/ttyUSB0 5
1343841955 0 /dev/ttyUSB0 5
1343841967 1 /dev/ttyUSB0 5
1343841973 1 /dev/ttyUSB0 5
1343841980 0 /dev/ttyUSB0 5
1343841986 0 /dev/ttyUSB0 5
1343841992 1 /dev/ttyUSB0 5
1343841998 0 /dev/ttyUSB0 5
1343842004 1 /dev/ttyUSB0 5
1343842010 0 /dev/ttyUSB0 5
1343842016 17 /dev/ttyUSB0 5
1343842029 1 /dev/ttyUSB0 5
1343842047 1 /dev/ttyUSB0 5
1343842059 0 /dev/ttyUSB0 5
1343842065 1 /dev/ttyUSB0 5
1343842071 0 /dev/ttyUSB0 5
1343842096 1 /dev/ttyUSB0 5
1343842114 0 /dev/ttyUSB0 5
1343842120 0 /dev/ttyUSB0 5
1343842139 0 /dev/ttyUSB0 5
1343842145 1 /dev/ttyUSB0 5
1343842151 0 /dev/ttyUSB0 5
1343842170 0 /dev/ttyUSB0 5
1343842176 1 /dev/ttyUSB0 5
1343842188 1 /dev/ttyUSB0 5
1343842194 16 /dev/ttyUSB0 5
1343842200 11 /dev/ttyUSB0 5
1343842206 0 /dev/ttyUSB0 5
1343842212 0 /dev/ttyUSB0 5
1343842219 0 /dev/ttyUSB0 5
1343842225 1 /dev/ttyUSB0 5
1343842231 0 /dev/ttyUSB0 5
1343842237 0 /dev/ttyUSB0 5
1343842243 1 /dev/ttyUSB0 5
1343842249 1 /dev/ttyUSB0 5
1343842255 0 /dev/ttyUSB0 5
1343842261 0 /dev/ttyUSB0 5
1343842274 1 /dev/ttyUSB0 5
1343842286 0 /dev/ttyUSB0 5
1343842292 1 /dev/ttyUSB0 5
1343842298 0 /dev/ttyUSB0 5
1343842304 0 /dev/ttyUSB0 5
1343842310 0 /dev/ttyUSB0 5
1343842317 0 /dev/ttyUSB0 5
1343842378 0 /dev/ttyUSB0 5
1343842384 0 /dev/ttyUSB0 5
1343842396 1 /dev/ttyUSB0 5
1343842402 0 /dev/ttyUSB0 5
1343842421 1 /dev/ttyUSB0 5
1343842427 0 /dev/ttyUSB0 5
1343842433 0 /dev/ttyUSB0 5
1343842439 0 /dev/ttyUSB0 5
1343842445 1 /dev/ttyUSB0 5
1343842457 0 /dev/ttyUSB0 5
1343842464 1 /dev/ttyUSB0 5
1343842470 1 /dev/ttyUSB0 5
1343842476 0 /dev/ttyUSB0 5
1343842482 0 /dev/ttyUSB0 5
1343842488 17 /dev/ttyUSB0 5
1343842494 1 /dev/ttyUSB0 5
1343842500 0 /dev/ttyUSB0 5
1343842506 0 /dev/ttyUSB0 5
1343842513 0 /dev/ttyUSB0 5
1343842519 1 /dev/ttyUSB0 5
1343842525 0 /dev/ttyUSB0 5
1343842531 0 /dev/ttyUSB0 5
1343842537 0 /dev/ttyUSB0 5
1343842543 0 /dev/ttyUSB0 5
1343842549 0 /dev/ttyUSB0 5
1343842556 0 /dev/ttyUSB0 5
1343842574 1 /dev/ttyUSB0 5
1343842580 0 /dev/ttyUSB0 5
1343842592 0 /dev/ttyUSB0 5
1343842598 0 /dev/ttyUSB0 5
1343842617 2 /dev/ttyUSB0 5
1343842623 17 /dev/ttyUSB0 5
1343842635 1 /dev/ttyUSB0 5
1343842641 1 /dev/ttyUSB0 5
1343842647 1 /dev/ttyUSB0 5
1343842660 0 /dev/ttyUSB0 5
1343842684 0 /dev/ttyUSB0 5
1343842690 1 /dev/ttyUSB0 5
1343842770 1 /dev/ttyUSB0 5
1343842776 1 /dev/ttyUSB0 5
1343842782 0 /dev/ttyUSB0 5
1343842788 0 /dev/ttyUSB0 5
1343842794 1 /dev/ttyUSB0 5
1343842801 1 /dev/ttyUSB0 5
1343842807 0 /dev/ttyUSB0 5
1343842819 0 /dev/ttyUSB0 5
1343842831 0 /dev/ttyUSB0 5
1343842837 0 /dev/ttyUSB0 5
1343842843 1 /dev/ttyUSB0 5
1343842874 1 /dev/ttyUSB0 5
1343842978 94 /dev/ttyUSB0 5
1343842984 87 /dev/ttyUSB0 5
1343842997 85 /dev/ttyUSB0 5
1343843003 84 /dev/ttyUSB0 5
1343843009 84 /dev/ttyUSB0 5
1343843021 83 /dev/ttyUSB0 5
1343843027 83 /dev/ttyUSB0 5
1343843033 82 /dev/ttyUSB0 5
1343843040 84 /dev/ttyUSB0 5
1343843046 83 /dev/ttyUSB0 5
1343843052 81 /dev/ttyUSB0 5
1343843058 80 /dev/ttyUSB0 5
1343843064 79 /dev/ttyUSB0 5
1343843070 78 /dev/ttyUSB0 5
1343843076 78 /dev/ttyUSB0 5
1343843082 77 /dev/ttyUSB0 5
1343843089 77 /dev/ttyUSB0 5
1343843131 81 /dev/ttyUSB0 5
1343843168 82 /dev/ttyUSB0 5
1343843180 83 /dev/ttyUSB0 5
1343843187 82 /dev/ttyUSB0 5
1343843193 83 /dev/ttyUSB0 5
1343843199 83 /dev/ttyUSB0 5
1343843205 84 /dev/ttyUSB0 5
1343843211 84 /dev/ttyUSB0 5
1343843217 84 /dev/ttyUSB0 5
1343843229 85 /dev/ttyUSB0 5
1343843236 84 /dev/ttyUSB0 5
1343843248 84 /dev/ttyUSB0 5
1343843260 85 /dev/ttyUSB0 5
1343843266 85 /dev/ttyUSB0 5
1343843321 86 /dev/ttyUSB0 5
1343843328 86 /dev/ttyUSB0 5
1343843334 85 /dev/ttyUSB0 5
1343843346 85 /dev/ttyUSB0 5
1343843352 86 /dev/ttyUSB0 5
1343843358 86 /dev/ttyUSB0 5
1343843364 85 /dev/ttyUSB0 5
1343843370 86 /dev/ttyUSB0 5
1343843383 85 /dev/ttyUSB0 5
1343843419 84 /dev/ttyUSB0 5
1343843432 84 /dev/ttyUSB0 5
1343843438 83 /dev/ttyUSB0 5
1343843444 84 /dev/ttyUSB0 5
1343843456 84 /dev/ttyUSB0 5
1343843462 84 /dev/ttyUSB0 5
1343843468 84 /dev/ttyUSB0 5
1343843511 82 /dev/ttyUSB0 5
1343843517 83 /dev/ttyUSB0 5
1343843524 82 /dev/ttyUSB0 5
1343843530 83 /dev/ttyUSB0 5
1343843536 82 /dev/ttyUSB0 5
1343843548 83 /dev/ttyUSB0 5
1343843554 82 /dev/ttyUSB0 5
1343843560 83 /dev/ttyUSB0 5
1343843573 82 /dev/ttyUSB0 5
1343843579 82 /dev/ttyUSB0 5
1343843585 82 /dev/ttyUSB0 5
1343843603 83 /dev/ttyUSB0 5
1343843609 82 /dev/ttyUSB0 5
1343843622 82 /dev/ttyUSB0 5
1343843628 82 /dev/ttyUSB0 5
1343843634 82 /dev/ttyUSB0 5
1343843640 82 /dev/ttyUSB0 5
1343843701 83 /dev/ttyUSB0 5
1343843714 82 /dev/ttyUSB0 5
1343843720 82 /dev/ttyUSB0 5
1343843732 82 /dev/ttyUSB0 5
1343843738 82 /dev/ttyUSB0 5
1343843750 82 /dev/ttyUSB0 5
1343843756 82 /dev/ttyUSB0 5
1343843763 82 /dev/ttyUSB0 5
1343843861 82 /dev/ttyUSB0 5
1343843873 82 /dev/ttyUSB0 5
1343843891 82 /dev/ttyUSB0 5
1343843897 82 /dev/ttyUSB0 5
1343843903 82 /dev/ttyUSB0 5
1343843928 82 /dev/ttyUSB0 5
1343843940 82 /dev/ttyUSB0 5
1343843946 82 /dev/ttyUSB0 5
1343843965 82 /dev/ttyUSB0 5
1343843971 82 /dev/ttyUSB0 5
1343843977 82 /dev/ttyUSB0 5
1343843989 82 /dev/ttyUSB0 5
1343843995 82 /dev/ttyUSB0 5
1343844008 83 /dev/ttyUSB0 5
1343844014 82 /dev/ttyUSB0 5
1343844020 82 /dev/ttyUSB0 5
1343844026 82 /dev/ttyUSB0 5
1343844038 83 /dev/ttyUSB0 5
1343844044 83 /dev/ttyUSB0 5
1343844050 82 /dev/ttyUSB0 5
1343844057 82 /dev/ttyUSB0 5
1343844075 82 /dev/ttyUSB0 5
1343844093 82 /dev/ttyUSB0 5
1343844100 82 /dev/ttyUSB0 5
1343844112 82 /dev/ttyUSB0 5
1343844130 82 /dev/ttyUSB0 5
1343844136 83 /dev/ttyUSB0 5
1343844155 83 /dev/ttyUSB0 5
1343844161 82 /dev/ttyUSB0 5
1343844179 83 /dev/ttyUSB0 5
1343844204 83 /dev/ttyUSB0 5
1343844234 82 /dev/ttyUSB0 5
1343844240 82 /dev/ttyUSB0 5
1343844247 82 /dev/ttyUSB0 5
1343844259 82 /dev/ttyUSB0 5
1343844265 82 /dev/ttyUSB0 5
1343844277 82 /dev/ttyUSB0 5
1343844283 82 /dev/ttyUSB0 5
1343844289 83 /dev/ttyUSB0 5
1343844296 82 /dev/ttyUSB0 5
1343844302 82 /dev/ttyUSB0 5
1343844308 82 /dev/ttyUSB0 5
1343844320 82 /dev/ttyUSB0 5
1343844326 82 /dev/ttyUSB0 5
1343844345 82 /dev/ttyUSB0 5
1343844351 82 /dev/ttyUSB0 5
1343844357 83 /dev/ttyUSB0 5
1343844363 82 /dev/ttyUSB0 5
1343844369 82 /dev/ttyUSB0 5
1343844375 83 /dev/ttyUSB0 5
1343844387 82 /dev/ttyUSB0 5
1343844400 82 /dev/ttyUSB0 5
1343844406 82 /dev/ttyUSB0 5
1343844418 83 /dev/ttyUSB0 5
1343844424 82 /dev/ttyUSB0 5
1343844436 83 /dev/ttyUSB0 5
1343844443 82 /dev/ttyUSB0 5
1343844449 82 /dev/ttyUSB0 5
1343844467 82 /dev/ttyUSB0 5
1343844473 82 /dev/ttyUSB0 5
1343844485 82 /dev/ttyUSB0 5
1343844492 82 /dev/ttyUSB0 5
1343844498 82 /dev/ttyUSB0 5
1343844504 82 /dev/ttyUSB0 5
1343844516 82 /dev/ttyUSB0 5
1343844522 82 /dev/ttyUSB0 5
1343844528 84 /dev/ttyUSB0 5
1343844541 82 /dev/ttyUSB0 5
1343844553 82 /dev/ttyUSB0 5
1343844565 82 /dev/ttyUSB0 5
1343844577 82 /dev/ttyUSB0 5
1343844584 82 /dev/ttyUSB0 5
1343844590 82 /dev/ttyUSB0 5
1343844596 82 /dev/ttyUSB0 5
1343844608 83 /dev/ttyUSB0 5
1343844614 82 /dev/ttyUSB0 5
1343844626 83 /dev/ttyUSB0 5
1343844633 83 /dev/ttyUSB0 5
1343844694 83 /dev/ttyUSB0 5
1343844706 83 /dev/ttyUSB0 5
1343844712 82 /dev/ttyUSB0 5
1343844718 82 /dev/ttyUSB0 5
1343844724 82 /dev/ttyUSB0 5
1343844749 0 /dev/ttyUSB0 5
1343844755 0 /dev/ttyUSB0 5
1343844761 1 /dev/ttyUSB0 5
1343844773 0 /dev/ttyUSB0 5
1343844798 1 /dev/ttyUSB0 5
1343844804 0 /dev/ttyUSB0 5
1343844810 1 /dev/ttyUSB0 5
1343844835 1 /dev/ttyUSB0 5
1343844841 0 /dev/ttyUSB0 5
1343844847 1 /dev/ttyUSB0 5
1343844859 0 /dev/ttyUSB0 5
1343844871 0 /dev/ttyUSB0 5
1343844878 0 /dev/ttyUSB0 5
1343844890 0 /dev/ttyUSB0 5
1343844896 0 /dev/ttyUSB0 5
1343844908 0 /dev/ttyUSB0 5
1343844914 0 /dev/ttyUSB0 5
1343844920 0 /dev/ttyUSB0 5
1343845006 1 /dev/ttyUSB0 5
1343845019 0 /dev/ttyUSB0 5
1343845025 1 /dev/ttyUSB0 5
1343845037 1 /dev/ttyUSB0 5
1343845043 0 /dev/ttyUSB0 5
1343845049 1 /dev/ttyUSB0 5
1343845068 0 /dev/ttyUSB0 5
1343845110 0 /dev/ttyUSB0 5
1343845123 0 /dev/ttyUSB0 5
1343845129 1 /dev/ttyUSB0 5
1343845147 0 /dev/ttyUSB0 5
1343845153 0 /dev/ttyUSB0 5
1343845159 1 /dev/ttyUSB0 5
1343845166 0 /dev/ttyUSB0 5
1343845172 0 /dev/ttyUSB0 5
1343845190 0 /dev/ttyUSB0 5
1343845264 0 /dev/ttyUSB0 5
1343845276 0 /dev/ttyUSB0 5
1343845282 1 /dev/ttyUSB0 5
1343845429 0 /dev/ttyUSB0 5
1343845441 0 /dev/ttyUSB0 5
1343845447 0 /dev/ttyUSB0 5
1343845460 1 /dev/ttyUSB0 5
1343845466 0 /dev/ttyUSB0 5
1343845472 1 /dev/ttyUSB0 5
1343845478 1 /dev/ttyUSB0 5
1343845490 0 /dev/ttyUSB0 5
1343845496 0 /dev/ttyUSB0 5
1343845503 1 /dev/ttyUSB0 5
1343845509 1 /dev/ttyUSB0 5
1343845515 0 /dev/ttyUSB0 5
1343845521 1 /dev/ttyUSB0 5
1343845527 0 /dev/ttyUSB0 5
1343845539 17 /dev/ttyUSB0 5
1343845545 17 /dev/ttyUSB0 5
1343845552 17 /dev/ttyUSB0 5
1343845558 8 /dev/ttyUSB0 5
1343845570 0 /dev/ttyUSB0 5
1343845576 0 /dev/ttyUSB0 5
1343845582 15 /dev/ttyUSB0 5
1343845588 16 /dev/ttyUSB0 5
1343845601 17 /dev/ttyUSB0 5
1343845607 12 /dev/ttyUSB0 5
1343845643 0 /dev/ttyUSB0 5
1343845650 0 /dev/ttyUSB0 5
1343845674 0 /dev/ttyUSB0 5
1343845686 1 /dev/ttyUSB0 5
1343845692 1 /dev/ttyUSB0 5
1343845699 0 /dev/ttyUSB0 5
1343845717 1 /dev/ttyUSB0 5
1343845723 0 /dev/ttyUSB0 5
1343845748 0 /dev/ttyUSB0 5
1343845754 0 /dev/ttyUSB0 5
1343845772 1 /dev/ttyUSB0 5
1343845778 0 /dev/ttyUSB0 5
1343845784 0 /dev/ttyUSB0 5
1343845797 1 /dev/ttyUSB0 5
1343845827 0 /dev/ttyUSB0 5
1343845833 16 /dev/ttyUSB0 5
1343845840 16 /dev/ttyUSB0 5
1343845846 1 /dev/ttyUSB0 5
1343845852 1 /dev/ttyUSB0 5
1343845858 0 /dev/ttyUSB0 5
1343845864 0 /dev/ttyUSB0 5
1343845870 0 /dev/ttyUSB0 5
1343845876 0 /dev/ttyUSB0 5
1343845889 1 /dev/ttyUSB0 5
1343845901 1 /dev/ttyUSB0 5
1343845907 16 /dev/ttyUSB0 5
1343845913 11 /dev/ttyUSB0 5
1343845919 0 /dev/ttyUSB0 5
1343845925 0 /dev/ttyUSB0 5
1343845931 0 /dev/ttyUSB0 5
1343845938 1 /dev/ttyUSB0 5
1343845944 0 /dev/ttyUSB0 5
1343845950 0 /dev/ttyUSB0 5
1343845974 0 /dev/ttyUSB0 5
1343845980 0 /dev/ttyUSB0 5
1343845987 0 /dev/ttyUSB0 5
1343845999 16 /dev/ttyUSB0 5
1343846005 17 /dev/ttyUSB0 5
1343846011 13 /dev/ttyUSB0 5
1343846023 0 /dev/ttyUSB0 5
1343846029 0 /dev/ttyUSB0 5
1343846036 1 /dev/ttyUSB0 5
1343846048 0 /dev/ttyUSB0 5
1343846054 0 /dev/ttyUSB0 5
1343846060 0 /dev/ttyUSB0 5
1343846066 0 /dev/ttyUSB0 5
1343846072 0 /dev/ttyUSB0 5
1343846078 0 /dev/ttyUSB0 5
1343846085 1 /dev/ttyUSB0 5
1343846097 0 /dev/ttyUSB0 5
1343846134 0 /dev/ttyUSB0 5
1343846140 1 /dev/ttyUSB0 5
1343846146 0 /dev/ttyUSB0 5
1343846152 0 /dev/ttyUSB0 5
1343846158 0 /dev/ttyUSB0 5
1343846164 1 /dev/ttyUSB0 5
1343846170 1 /dev/ttyUSB0 5
1343846176 0 /dev/ttyUSB0 5
1343846183 0 /dev/ttyUSB0 5
1343846189 1 /dev/ttyUSB0 5
1343846201 0 /dev/ttyUSB0 5
1343846213 0 /dev/ttyUSB0 5
1343846219 0 /dev/ttyUSB0 5
1343846226 0 /dev/ttyUSB0 5
1343846238 1 /dev/ttyUSB0 5
1343846262 0 /dev/ttyUSB0 5
1343846268 0 /dev/ttyUSB0 5
1343846275 0 /dev/ttyUSB0 5
1343846281 0 /dev/ttyUSB0 5
1343846287 1 /dev/ttyUSB0 5
1343846293 0 /dev/ttyUSB0 5
1343846311 0 /dev/ttyUSB0 5
1343846317 0 /dev/ttyUSB0 5
1343846336 1 /dev/ttyUSB0 5
1343846342 0 /dev/ttyUSB0 5
1343846348 0 /dev/ttyUSB0 5
1343846366 1 /dev/ttyUSB0 5
1343846373 1 /dev/ttyUSB0 5
1343846379 0 /dev/ttyUSB0 5
1343846385 1 /dev/ttyUSB0 5
1343846391 0 /dev/ttyUSB0 5
1343846403 1 /dev/ttyUSB0 5
1343846409 0 /dev/ttyUSB0 5
1343846415 0 /dev/ttyUSB0 5
1343846422 0 /dev/ttyUSB0 5
1343846428 1 /dev/ttyUSB0 5
1343846434 0 /dev/ttyUSB0 5
1343846440 0 /dev/ttyUSB0 5
1343846446 0 /dev/ttyUSB0 5
1343846477 0 /dev/ttyUSB0 5
1343846483 1 /dev/ttyUSB0 5
1343846489 1 /dev/ttyUSB0 5
1343846495 0 /dev/ttyUSB0 5
1343846501 0 /dev/ttyUSB0 5
1343846532 0 /dev/ttyUSB0 5
1343846538 0 /dev/ttyUSB0 5
1343846544 0 /dev/ttyUSB0 5
1343846550 0 /dev/ttyUSB0 5
1343846562 0 /dev/ttyUSB0 5
1343846569 1 /dev/ttyUSB0 5
1343846581 1 /dev/ttyUSB0 5
1343846593 16 /dev/ttyUSB0 5
1343846599 6 /dev/ttyUSB0 5
1343846605 1 /dev/ttyUSB0 5
1343846611 1 /dev/ttyUSB0 5
1343846618 0 /dev/ttyUSB0 5
1343846624 1 /dev/ttyUSB0 5
1343846630 0 /dev/ttyUSB0 5
1343846636 0 /dev/ttyUSB0 5
1343846648 0 /dev/ttyUSB0 5
1343846654 0 /dev/ttyUSB0 5
1343846661 0 /dev/ttyUSB0 5
1343846673 0 /dev/ttyUSB0 5
1343846679 0 /dev/ttyUSB0 5
1343846746 90 /dev/ttyUSB0 5
1343846752 88 /dev/ttyUSB0 5
1343846759 87 /dev/ttyUSB0 5
1343846771 86 /dev/ttyUSB0 5
1343846783 98 /dev/ttyUSB0 5
1343846789 98 /dev/ttyUSB0 5
1343846795 81 /dev/ttyUSB0 5
1343846814 82 /dev/ttyUSB0 5
1343846832 85 /dev/ttyUSB0 5
1343846844 86 /dev/ttyUSB0 5
1343846850 87 /dev/ttyUSB0 5
1343846869 87 /dev/ttyUSB0 5
1343846875 88 /dev/ttyUSB0 5
1343847053 87 /dev/ttyUSB0 5
1343847065 87 /dev/ttyUSB0 5
1343847071 87 /dev/ttyUSB0 5
1343847077 86 /dev/ttyUSB0 5
1343847083 86 /dev/ttyUSB0 5
1343847089 86 /dev/ttyUSB0 5
1343847102 85 /dev/ttyUSB0 5
1343847108 85 /dev/ttyUSB0 5
1343847114 86 /dev/ttyUSB0 5
1343847138 85 /dev/ttyUSB0 5
1343847145 84 /dev/ttyUSB0 5
1343847181 85 /dev/ttyUSB0 5
1343847187 85 /dev/ttyUSB0 5
1343847200 84 /dev/ttyUSB0 5
1343847206 84 /dev/ttyUSB0 5
1343847212 84 /dev/ttyUSB0 5
1343847218 84 /dev/ttyUSB0 5
1343847224 84 /dev/ttyUSB0 5
1343847230 84 /dev/ttyUSB0 5
1343847236 84 /dev/ttyUSB0 5
1343847243 85 /dev/ttyUSB0 5
1343847249 84 /dev/ttyUSB0 5
1343847255 84 /dev/ttyUSB0 5
1343847261 84 /dev/ttyUSB0 5
1343847273 84 /dev/ttyUSB0 5
1343847279 83 /dev/ttyUSB0 5
1343847285 83 /dev/ttyUSB0 5
1343847298 83 /dev/ttyUSB0 5
1343847304 83 /dev/ttyUSB0 5
1343847310 81 /dev/ttyUSB0 5
1343847322 83 /dev/ttyUSB0 5
1343847328 83 /dev/ttyUSB0 5
1343847334 82 /dev/ttyUSB0 5
1343847341 82 /dev/ttyUSB0 5
1343847347 82 /dev/ttyUSB0 5
1343847359 82 /dev/ttyUSB0 5
1343847365 82 /dev/ttyUSB0 5
1343847377 82 /dev/ttyUSB0 5
1343847383 82 /dev/ttyUSB0 5
1343847390 83 /dev/ttyUSB0 5
1343847396 81 /dev/ttyUSB0 5
1343847402 82 /dev/ttyUSB0 5
1343847414 82 /dev/ttyUSB0 5
1343847420 82 /dev/ttyUSB0 5
1343847426 82 /dev/ttyUSB0 5
1343847432 82 /dev/ttyUSB0 5
1343847439 82 /dev/ttyUSB0 5
1343847445 82 /dev/ttyUSB0 5
1343847451 82 /dev/ttyUSB0 5
1343847457 82 /dev/ttyUSB0 5
1343847463 82 /dev/ttyUSB0 5
1343847469 83 /dev/ttyUSB0 5
1343847481 81 /dev/ttyUSB0 5
1343847488 97 /dev/ttyUSB0 5
1343847500 82 /dev/ttyUSB0 5
1343847506 82 /dev/ttyUSB0 5
1343847518 83 /dev/ttyUSB0 5
1343847524 82 /dev/ttyUSB0 5
1343847531 82 /dev/ttyUSB0 5
1343847537 82 /dev/ttyUSB0 5
1343847561 82 /dev/ttyUSB0 5
1343847598 82 /dev/ttyUSB0 5
1343847610 82 /dev/ttyUSB0 5
1343847616 82 /dev/ttyUSB0 5
1343847635 82 /dev/ttyUSB0 5
1343847647 82 /dev/ttyUSB0 5
1343847653 82 /dev/ttyUSB0 5
1343847671 83 /dev/ttyUSB0 5
1343847678 82 /dev/ttyUSB0 5
1343847684 82 /dev/ttyUSB0 5
1343847690 82 /dev/ttyUSB0 5
1343847696 82 /dev/ttyUSB0 5
1343847702 81 /dev/ttyUSB0 5
1343847708 82 /dev/ttyUSB0 5
1343847714 81 /dev/ttyUSB0 5
1343847720 81 /dev/ttyUSB0 5
1343847727 81 /dev/ttyUSB0 5
1343847733 81 /dev/ttyUSB0 5
1343847739 81 /dev/ttyUSB0 5
1343847745 81 /dev/ttyUSB0 5
1343847751 81 /dev/ttyUSB0 5
1343847763 82 /dev/ttyUSB0 5
1343847769 82 /dev/ttyUSB0 5
1343847776 81 /dev/ttyUSB0 5
1343847782 82 /dev/ttyUSB0 5
1343847788 81 /dev/ttyUSB0 5
1343847794 82 /dev/ttyUSB0 5
1343847800 82 /dev/ttyUSB0 5
1343847806 81 /dev/ttyUSB0 5
1343847849 81 /dev/ttyUSB0 5
1343847855 82 /dev/ttyUSB0 5
1343847861 81 /dev/ttyUSB0 5
1343847874 82 /dev/ttyUSB0 5
1343847880 82 /dev/ttyUSB0 5
1343847886 82 /dev/ttyUSB0 5
1343847898 82 /dev/ttyUSB0 5
1343847904 81 /dev/ttyUSB0 5
1343847910 82 /dev/ttyUSB0 5
1343847923 81 /dev/ttyUSB0 5
1343847929 81 /dev/ttyUSB0 5
1343847935 81 /dev/ttyUSB0 5
1343847941 82 /dev/ttyUSB0 5
1343847947 82 /dev/ttyUSB0 5
1343847959 81 /dev/ttyUSB0 5
1343847966 81 /dev/ttyUSB0 5
1343847978 82 /dev/ttyUSB0 5
1343847984 81 /dev/ttyUSB0 5
1343847990 81 /dev/ttyUSB0 5
1343847996 82 /dev/ttyUSB0 5
1343848002 81 /dev/ttyUSB0 5
1343848008 82 /dev/ttyUSB0 5
1343848113 81 /dev/ttyUSB0 5
1343848119 82 /dev/ttyUSB0 5
1343848143 81 /dev/ttyUSB0 5
1343848149 81 /dev/ttyUSB0 5
1343848162 81 /dev/ttyUSB0 5
1343848168 81 /dev/ttyUSB0 5
1343848174 82 /dev/ttyUSB0 5
1343848186 81 /dev/ttyUSB0 5
1343848217 81 /dev/ttyUSB0 5
1343848223 82 /dev/ttyUSB0 5
1343848235 82 /dev/ttyUSB0 5
1343848241 81 /dev/ttyUSB0 5
1343848247 81 /dev/ttyUSB0 5
1343848260 81 /dev/ttyUSB0 5
1343848266 81 /dev/ttyUSB0 5
1343848278 81 /dev/ttyUSB0 5
1343848284 81 /dev/ttyUSB0 5
1343848290 82 /dev/ttyUSB0 5
1343848296 81 /dev/ttyUSB0 5
1343848309 81 /dev/ttyUSB0 5
1343848315 81 /dev/ttyUSB0 5
1343848321 82 /dev/ttyUSB0 5
1343848327 81 /dev/ttyUSB0 5
1343848333 82 /dev/ttyUSB0 5
1343848339 81 /dev/ttyUSB0 5
1343848345 82 /dev/ttyUSB0 5
1343848358 81 /dev/ttyUSB0 5
1343848364 81 /dev/ttyUSB0 5
1343848370 81 /dev/ttyUSB0 5
1343848382 81 /dev/ttyUSB0 5
1343848388 82 /dev/ttyUSB0 5
1343848394 81 /dev/ttyUSB0 5
1343848407 81 /dev/ttyUSB0 5
1343848413 81 /dev/ttyUSB0 5
1343848425 81 /dev/ttyUSB0 5
1343848431 81 /dev/ttyUSB0 5
1343848437 82 /dev/ttyUSB0 5
1343848443 82 /dev/ttyUSB0 5
1343848450 81 /dev/ttyUSB0 5
1343848456 81 /dev/ttyUSB0 5
1343848462 81 /dev/ttyUSB0 5
1343848474 81 /dev/ttyUSB0 5
1343848486 81 /dev/ttyUSB0 5
1343848499 81 /dev/ttyUSB0 5
1343848505 81 /dev/ttyUSB0 5
1343848511 81 /dev/ttyUSB0 5
1343848529 81 /dev/ttyUSB0 5
1343848535 81 /dev/ttyUSB0 5
1343848541 81 /dev/ttyUSB0 5
1343848548 81 /dev/ttyUSB0 5
1343848554 82 /dev/ttyUSB0 5
1343848560 82 /dev/ttyUSB0 5
1343848572 82 /dev/ttyUSB0 5
1343848578 81 /dev/ttyUSB0 5
1343848584 81 /dev/ttyUSB0 5
1343848590 81 /dev/ttyUSB0 5
1343848597 81 /dev/ttyUSB0 5
1343848603 81 /dev/ttyUSB0 5
1343848621 81 /dev/ttyUSB0 5
1343848633 81 /dev/ttyUSB0 5
1343848639 81 /dev/ttyUSB0 5
1343848646 82 /dev/ttyUSB0 5
1343848652 81 /dev/ttyUSB0 5
1343848658 81 /dev/ttyUSB0 5
1343848670 81 /dev/ttyUSB0 5
1343848676 81 /dev/ttyUSB0 5
1343848682 81 /dev/ttyUSB0 5
1343848688 81 /dev/ttyUSB0 5
1343848695 81 /dev/ttyUSB0 5
1343848701 81 /dev/ttyUSB0 5
1343848707 81 /dev/ttyUSB0 5
1343848713 81 /dev/ttyUSB0 5
1343848719 81 /dev/ttyUSB0 5
1343848725 81 /dev/ttyUSB0 5
1343848731 81 /dev/ttyUSB0 5
1343848738 81 /dev/ttyUSB0 5
1343848768 83 /dev/ttyUSB0 5
1343848774 84 /dev/ttyUSB0 5
1343848787 84 /dev/ttyUSB0 5
1343848793 83 /dev/ttyUSB0 5
1343848799 83 /dev/ttyUSB0 5
1343848811 83 /dev/ttyUSB0 5
1343848817 82 /dev/ttyUSB0 5
1343848823 83 /dev/ttyUSB0 5
1343848866 82 /dev/ttyUSB0 5
1343848872 82 /dev/ttyUSB0 5
1343848878 81 /dev/ttyUSB0 5
1343848885 81 /dev/ttyUSB0 5
1343848891 81 /dev/ttyUSB0 5
1343848903 80 /dev/ttyUSB0 5
1343848909 80 /dev/ttyUSB0 5
1343848921 80 /dev/ttyUSB0 5
1343848946 80 /dev/ttyUSB0 5
1343848952 79 /dev/ttyUSB0 5
1343848958 79 /dev/ttyUSB0 5
1343848964 79 /dev/ttyUSB0 5
1343848970 79 /dev/ttyUSB0 5
1343848976 79 /dev/ttyUSB0 5
1343848983 78 /dev/ttyUSB0 5
1343848989 79 /dev/ttyUSB0 5
1343848995 79 /dev/ttyUSB0 5
1343849001 78 /dev/ttyUSB0 5
1343849007 78 /dev/ttyUSB0 5
1343849013 78 /dev/ttyUSB0 5
1343849019 78 /dev/ttyUSB0 5
1343849025 78 /dev/ttyUSB0 5
1343849032 77 /dev/ttyUSB0 5
1343849038 78 /dev/ttyUSB0 5
1343849044 77 /dev/ttyUSB0 5
1343849050 3 /dev/ttyUSB0 5
1343849056 1 /dev/ttyUSB0 5
1343849062 0 /dev/ttyUSB0 5
1343849068 0 /dev/ttyUSB0 5
1343849074 0 /dev/ttyUSB0 5
1343849081 1 /dev/ttyUSB0 5
1343849087 0 /dev/ttyUSB0 5
1343849099 1 /dev/ttyUSB0 5
1343849105 0 /dev/ttyUSB0 5
1343849136 0 /dev/ttyUSB0 5
1343849166 1 /dev/ttyUSB0 5
1343849173 0 /dev/ttyUSB0 5
1343849185 0 /dev/ttyUSB0 5
1343849191 1 /dev/ttyUSB0 5
1343849197 0 /dev/ttyUSB0 5
1343849203 0 /dev/ttyUSB0 5
1343849209 0 /dev/ttyUSB0 5
1343849215 0 /dev/ttyUSB0 5
1343849222 0 /dev/ttyUSB0 5
1343849228 0 /dev/ttyUSB0 5
1343849234 0 /dev/ttyUSB0 5
1343849240 1 /dev/ttyUSB0 5
1343849246 0 /dev/ttyUSB0 5
1343849252 0 /dev/ttyUSB0 5
1343849258 0 /dev/ttyUSB0 5
1343849271 1 /dev/ttyUSB0 5
1343849277 1 /dev/ttyUSB0 5
1343849307 0 /dev/ttyUSB0 5
1343849313 0 /dev/ttyUSB0 5
1343849320 1 /dev/ttyUSB0 5
1343849326 0 /dev/ttyUSB0 5
1343849350 0 /dev/ttyUSB0 5
1343849356 0 /dev/ttyUSB0 5
1343849362 0 /dev/ttyUSB0 5
1343849369 1 /dev/ttyUSB0 5
1343849375 0 /dev/ttyUSB0 5
1343849381 0 /dev/ttyUSB0 5
1343849436 0 /dev/ttyUSB0 5
1343849442 0 /dev/ttyUSB0 5
1343849448 0 /dev/ttyUSB0 5
1343849460 0 /dev/ttyUSB0 5
1343849467 0 /dev/ttyUSB0 5
1343849479 1 /dev/ttyUSB0 5
1343849485 0 /dev/ttyUSB0 5
1343849491 1 /dev/ttyUSB0 5
1343849497 0 /dev/ttyUSB0 5
1343849522 1 /dev/ttyUSB0 5
1343849528 0 /dev/ttyUSB0 5
1343849534 0 /dev/ttyUSB0 5
1343849540 0 /dev/ttyUSB0 5
1343849546 1 /dev/ttyUSB0 5
1343849552 0 /dev/ttyUSB0 5
1343849565 1 /dev/ttyUSB0 5
1343849571 1 /dev/ttyUSB0 5
1343849595 0 /dev/ttyUSB0 5
1343849601 0 /dev/ttyUSB0 5
1343849608 1 /dev/ttyUSB0 5
1343849614 0 /dev/ttyUSB0 5
1343849693 1 /dev/ttyUSB0 5
1343849699 0 /dev/ttyUSB0 5
1343849712 0 /dev/ttyUSB0 5
1343849724 0 /dev/ttyUSB0 5
1343849736 0 /dev/ttyUSB0 5
1343849748 0 /dev/ttyUSB0 5
1343849755 0 /dev/ttyUSB0 5
1343849761 1 /dev/ttyUSB0 5
1343849773 0 /dev/ttyUSB0 5
1343849779 0 /dev/ttyUSB0 5
1343849785 0 /dev/ttyUSB0 5
1343849797 0 /dev/ttyUSB0 5
1343849804 0 /dev/ttyUSB0 5
1343849810 0 /dev/ttyUSB0 5
1343849816 0 /dev/ttyUSB0 5
1343849822 0 /dev/ttyUSB0 5
1343849828 0 /dev/ttyUSB0 5
1343849834 1 /dev/ttyUSB0 5
1343849840 1 /dev/ttyUSB0 5
1343849846 0 /dev/ttyUSB0 5
1343849853 1 /dev/ttyUSB0 5
1343849859 0 /dev/ttyUSB0 5
1343849865 0 /dev/ttyUSB0 5
1343849871 1 /dev/ttyUSB0 5
1343849877 0 /dev/ttyUSB0 5
1343849883 0 /dev/ttyUSB0 5
1343849889 0 /dev/ttyUSB0 5
1343849895 1 /dev/ttyUSB0 5
1343849902 0 /dev/ttyUSB0 5
1343849908 0 /dev/ttyUSB0 5
1343849914 0 /dev/ttyUSB0 5
1343849969 0 /dev/ttyUSB0 5
1343849975 1 /dev/ttyUSB0 5
1343849981 0 /dev/ttyUSB0 5
1343849987 0 /dev/ttyUSB0 5
1343849993 0 /dev/ttyUSB0 5
1343850000 0 /dev/ttyUSB0 5
1343850012 0 /dev/ttyUSB0 5
1343850018 0 /dev/ttyUSB0 5
1343850024 0 /dev/ttyUSB0 5
1343850030 1 /dev/ttyUSB0 5
1343850036 1 /dev/ttyUSB0 5
1343850042 1 /dev/ttyUSB0 5
1343850049 0 /dev/ttyUSB0 5
1343850061 0 /dev/ttyUSB0 5
1343850067 1 /dev/ttyUSB0 5
1343850073 0 /dev/ttyUSB0 5
1343850110 1 /dev/ttyUSB0 5
1343850116 0 /dev/ttyUSB0 5
1343850122 0 /dev/ttyUSB0 5
1343850134 1 /dev/ttyUSB0 5
1343850141 1 /dev/ttyUSB0 5
1343850147 0 /dev/ttyUSB0 5
1343850153 0 /dev/ttyUSB0 5
1343850159 0 /dev/ttyUSB0 5
1343850165 0 /dev/ttyUSB0 5
1343850171 0 /dev/ttyUSB0 5
1343850177 0 /dev/ttyUSB0 5
1343850183 0 /dev/ttyUSB0 5
1343850190 1 /dev/ttyUSB0 5
1343850196 0 /dev/ttyUSB0 5
1343850202 1 /dev/ttyUSB0 5
1343850208 0 /dev/ttyUSB0 5
1343850214 0 /dev/ttyUSB0 5
1343850220 0 /dev/ttyUSB0 5
1343850226 0 /dev/ttyUSB0 5
1343850232 0 /dev/ttyUSB0 5
1343850239 0 /dev/ttyUSB0 5
1343850245 0 /dev/ttyUSB0 5
1343850251 0 /dev/ttyUSB0 5
1343850257 0 /dev/ttyUSB0 5
1343850263 0 /dev/ttyUSB0 5
1343850269 0 /dev/ttyUSB0 5
1343850275 0 /dev/ttyUSB0 5
1343850288 1 /dev/ttyUSB0 5
1343850330 0 /dev/ttyUSB0 5
1343850337 1 /dev/ttyUSB0 5
1343850343 0 /dev/ttyUSB0 5
1343850349 0 /dev/ttyUSB0 5
1343850355 0 /dev/ttyUSB0 5
1343850361 0 /dev/ttyUSB0 5
1343850367 1 /dev/ttyUSB0 5
1343850373 0 /dev/ttyUSB0 5
1343850379 0 /dev/ttyUSB0 5
1343850386 1 /dev/ttyUSB0 5
1343850398 0 /dev/ttyUSB0 5
1343850404 0 /dev/ttyUSB0 5
1343850422 0 /dev/ttyUSB0 5
1343850428 0 /dev/ttyUSB0 5
1343850435 0 /dev/ttyUSB0 5
1343850447 0 /dev/ttyUSB0 5
1343850453 1 /dev/ttyUSB0 5
1343850459 0 /dev/ttyUSB0 5
1343850484 0 /dev/ttyUSB0 5
1343850490 0 /dev/ttyUSB0 5
1343850496 0 /dev/ttyUSB0 5
1343850502 0 /dev/ttyUSB0 5
1343850533 0 /dev/ttyUSB0 5
1343850539 1 /dev/ttyUSB0 5
1343850545 0 /dev/ttyUSB0 5
1343850551 0 /dev/ttyUSB0 5
1343850557 0 /dev/ttyUSB0 5
1343850563 1 /dev/ttyUSB0 5
1343850569 1 /dev/ttyUSB0 5
1343850576 0 /dev/ttyUSB0 5
1343850588 0 /dev/ttyUSB0 5
1343850594 1 /dev/ttyUSB0 5
1343850600 0 /dev/ttyUSB0 5
1343850606 0 /dev/ttyUSB0 5
1343850612 1 /dev/ttyUSB0 5
1343850618 0 /dev/ttyUSB0 5
1343850625 0 /dev/ttyUSB0 5
1343850631 1 /dev/ttyUSB0 5
1343850637 0 /dev/ttyUSB0 5
1343850649 0 /dev/ttyUSB0 5
1343850655 0 /dev/ttyUSB0 5
1343850661 0 /dev/ttyUSB0 5
1343850667 0 /dev/ttyUSB0 5
1343850674 0 /dev/ttyUSB0 5
1343850680 0 /dev/ttyUSB0 5
1343850686 0 /dev/ttyUSB0 5
1343850716 0 /dev/ttyUSB0 5
1343850723 0 /dev/ttyUSB0 5
1343850735 1 /dev/ttyUSB0 5
1343850741 1 /dev/ttyUSB0 5
1343850747 1 /dev/ttyUSB0 5
1343850759 0 /dev/ttyUSB0 5
1343850765 0 /dev/ttyUSB0 5
1343850772 0 /dev/ttyUSB0 5
1343850784 0 /dev/ttyUSB0 5
1343850790 0 /dev/ttyUSB0 5
1343850796 1 /dev/ttyUSB0 5
1343850814 0 /dev/ttyUSB0 5
1343850821 1 /dev/ttyUSB0 5
1343850827 1 /dev/ttyUSB0 5
1343850833 0 /dev/ttyUSB0 5
1343850839 1 /dev/ttyUSB0 5
1343850845 1 /dev/ttyUSB0 5
1343850851 0 /dev/ttyUSB0 5
1343850863 1 /dev/ttyUSB0 5
1343850870 0 /dev/ttyUSB0 5
1343850876 0 /dev/ttyUSB0 5
1343850882 0 /dev/ttyUSB0 5
1343850888 0 /dev/ttyUSB0 5
1343850894 0 /dev/ttyUSB0 5
1343850900 0 /dev/ttyUSB0 5
1343850906 0 /dev/ttyUSB0 5
1343850912 0 /dev/ttyUSB0 5
1343850919 0 /dev/ttyUSB0 5
1343850925 0 /dev/ttyUSB0 5
1343850931 0 /dev/ttyUSB0 5
1343850937 1 /dev/ttyUSB0 5
1343850943 0 /dev/ttyUSB0 5
1343850955 0 /dev/ttyUSB0 5
1343850961 0 /dev/ttyUSB0 5
1343850968 0 /dev/ttyUSB0 5
1343850980 0 /dev/ttyUSB0 5
1343851011 1 /dev/ttyUSB0 5
1343851023 0 /dev/ttyUSB0 5
1343851029 0 /dev/ttyUSB0 5
1343851035 0 /dev/ttyUSB0 5
1343851047 0 /dev/ttyUSB0 5
1343851053 0 /dev/ttyUSB0 5
1343851060 0 /dev/ttyUSB0 5
1343851072 0 /dev/ttyUSB0 5
1343851078 1 /dev/ttyUSB0 5
1343851084 0 /dev/ttyUSB0 5
1343851090 0 /dev/ttyUSB0 5
1343851096 0 /dev/ttyUSB0 5
1343851102 0 /dev/ttyUSB0 5
1343851109 0 /dev/ttyUSB0 5
1343851115 0 /dev/ttyUSB0 5
1343851121 0 /dev/ttyUSB0 5
1343851127 0 /dev/ttyUSB0 5
1343851133 0 /dev/ttyUSB0 5
1343851139 0 /dev/ttyUSB0 5
1343851145 0 /dev/ttyUSB0 5
1343851151 1 /dev/ttyUSB0 5
1343851158 0 /dev/ttyUSB0 5
1343851164 0 /dev/ttyUSB0 5
1343851170 0 /dev/ttyUSB0 5
1343851176 0 /dev/ttyUSB0 5
1343851207 0 /dev/ttyUSB0 5
1343851213 0 /dev/ttyUSB0 5
1343851256 0 /dev/ttyUSB0 5
1343851262 0 /dev/ttyUSB0 5
1343851268 0 /dev/ttyUSB0 5
1343851274 0 /dev/ttyUSB0 5
1343851280 0 /dev/ttyUSB0 5
1343851286 0 /dev/ttyUSB0 5
1343851292 1 /dev/ttyUSB0 5
1343851298 0 /dev/ttyUSB0 5
1343851305 0 /dev/ttyUSB0 5
1343851311 0 /dev/ttyUSB0 5
1343851317 0 /dev/ttyUSB0 5
1343851323 0 /dev/ttyUSB0 5
1343851335 0 /dev/ttyUSB0 5
1343851341 0 /dev/ttyUSB0 5
1343851360 1 /dev/ttyUSB0 5
1343851366 1 /dev/ttyUSB0 5
1343851372 0 /dev/ttyUSB0 5
1343851384 1 /dev/ttyUSB0 5
1343851390 0 /dev/ttyUSB0 5
1343851396 0 /dev/ttyUSB0 5
1343851403 1 /dev/ttyUSB0 5
1343851427 0 /dev/ttyUSB0 5
1343851433 0 /dev/ttyUSB0 5
1343851439 0 /dev/ttyUSB0 5
1343851446 0 /dev/ttyUSB0 5
1343851452 0 /dev/ttyUSB0 5
1343851458 0 /dev/ttyUSB0 5
1343851464 0 /dev/ttyUSB0 5
1343851470 0 /dev/ttyUSB0 5
1343851482 0 /dev/ttyUSB0 5
1343851525 0 /dev/ttyUSB0 5
1343851531 0 /dev/ttyUSB0 5
1343851537 0 /dev/ttyUSB0 5
1343851544 0 /dev/ttyUSB0 5
1343851550 0 /dev/ttyUSB0 5
1343851556 0 /dev/ttyUSB0 5
1343851562 0 /dev/ttyUSB0 5
1343851568 0 /dev/ttyUSB0 5
1343851574 0 /dev/ttyUSB0 5
1343851580 0 /dev/ttyUSB0 5
1343851586 0 /dev/ttyUSB0 5
1343851593 1 /dev/ttyUSB0 5
1343851599 0 /dev/ttyUSB0 5
1343851611 1 /dev/ttyUSB0 5
1343851617 0 /dev/ttyUSB0 5
1343851623 0 /dev/ttyUSB0 5
1343851629 1 /dev/ttyUSB0 5
1343851635 1 /dev/ttyUSB0 5
1343851660 105 /dev/ttyUSB0 5
1343851672 87 /dev/ttyUSB0 5
1343851678 86 /dev/ttyUSB0 5
1343851684 85 /dev/ttyUSB0 5
1343851697 83 /dev/ttyUSB0 5
1343851703 83 /dev/ttyUSB0 5
1343851709 80 /dev/ttyUSB0 5
1343851715 80 /dev/ttyUSB0 5
1343851721 80 /dev/ttyUSB0 5
1343851930 80 /dev/ttyUSB0 5
1343851936 80 /dev/ttyUSB0 5
1343851942 80 /dev/ttyUSB0 5
1343851948 80 /dev/ttyUSB0 5
1343851960 80 /dev/ttyUSB0 5
1343851966 79 /dev/ttyUSB0 5
1343851972 80 /dev/ttyUSB0 5
1343851985 79 /dev/ttyUSB0 5
1343851991 79 /dev/ttyUSB0 5
1343851997 79 /dev/ttyUSB0 5
1343852009 80 /dev/ttyUSB0 5
1343852015 79 /dev/ttyUSB0 5
1343852021 79 /dev/ttyUSB0 5
1343852028 79 /dev/ttyUSB0 5
1343852034 79 /dev/ttyUSB0 5
1343852040 78 /dev/ttyUSB0 5
1343852046 78 /dev/ttyUSB0 5
1343852052 79 /dev/ttyUSB0 5
1343852058 79 /dev/ttyUSB0 5
1343852064 78 /dev/ttyUSB0 5
1343852070 78 /dev/ttyUSB0 5
1343852077 78 /dev/ttyUSB0 5
1343852083 79 /dev/ttyUSB0 5
1343852089 78 /dev/ttyUSB0 5
1343852095 78 /dev/ttyUSB0 5
1343852101 78 /dev/ttyUSB0 5
1343852107 79 /dev/ttyUSB0 5
1343852113 78 /dev/ttyUSB0 5
1343852126 78 /dev/ttyUSB0 5
1343852132 78 /dev/ttyUSB0 5
1343852138 78 /dev/ttyUSB0 5
1343852144 78 /dev/ttyUSB0 5
1343852150 78 /dev/ttyUSB0 5
1343852156 78 /dev/ttyUSB0 5
1343852162 78 /dev/ttyUSB0 5
1343852168 78 /dev/ttyUSB0 5
1343852181 78 /dev/ttyUSB0 5
1343852187 77 /dev/ttyUSB0 5
1343852193 77 /dev/ttyUSB0 5
1343852199 78 /dev/ttyUSB0 5
1343852205 78 /dev/ttyUSB0 5
1343852211 77 /dev/ttyUSB0 5
1343852217 77 /dev/ttyUSB0 5
1343852224 77 /dev/ttyUSB0 5
1343852230 77 /dev/ttyUSB0 5
1343852236 77 /dev/ttyUSB0 5
1343852248 77 /dev/ttyUSB0 5
1343852254 78 /dev/ttyUSB0 5
1343852260 80 /dev/ttyUSB0 5
1343852297 82 /dev/ttyUSB0 5
1343852334 85 /dev/ttyUSB0 5
1343852340 85 /dev/ttyUSB0 5
1343852346 86 /dev/ttyUSB0 5
1343852352 86 /dev/ttyUSB0 5
1343852358 85 /dev/ttyUSB0 5
1343852365 86 /dev/ttyUSB0 5
1343852371 85 /dev/ttyUSB0 5
1343852377 86 /dev/ttyUSB0 5
1343852383 86 /dev/ttyUSB0 5
1343852389 86 /dev/ttyUSB0 5
1343852395 86 /dev/ttyUSB0 5
1343852401 86 /dev/ttyUSB0 5
1343852407 87 /dev/ttyUSB0 5
1343852414 86 /dev/ttyUSB0 5
1343852420 86 /dev/ttyUSB0 5
1343852426 87 /dev/ttyUSB0 5
1343852432 86 /dev/ttyUSB0 5
1343852438 87 /dev/ttyUSB0 5
1343852444 86 /dev/ttyUSB0 5
1343852450 86 /dev/ttyUSB0 5
1343852456 86 /dev/ttyUSB0 5
1343852463 87 /dev/ttyUSB0 5
1343852469 87 /dev/ttyUSB0 5
1343852475 87 /dev/ttyUSB0 5
1343852481 87 /dev/ttyUSB0 5
1343852487 87 /dev/ttyUSB0 5
1343852493 87 /dev/ttyUSB0 5
1343852499 87 /dev/ttyUSB0 5
1343852505 87 /dev/ttyUSB0 5
1343852512 88 /dev/ttyUSB0 5
1343852518 87 /dev/ttyUSB0 5
1343852554 88 /dev/ttyUSB0 5
1343852561 87 /dev/ttyUSB0 5
1343852567 88 /dev/ttyUSB0 5
1343852610 86 /dev/ttyUSB0 5
1343852616 86 /dev/ttyUSB0 5
1343852646 86 /dev/ttyUSB0 5
1343852659 84 /dev/ttyUSB0 5
1343852665 85 /dev/ttyUSB0 5
1343852671 85 /dev/ttyUSB0 5
1343852677 84 /dev/ttyUSB0 5
1343852683 84 /dev/ttyUSB0 5
1343852689 85 /dev/ttyUSB0 5
1343852695 85 /dev/ttyUSB0 5
1343852702 85 /dev/ttyUSB0 5
1343852708 84 /dev/ttyUSB0 5
1343852714 84 /dev/ttyUSB0 5
1343852720 84 /dev/ttyUSB0 5
1343852726 84 /dev/ttyUSB0 5
1343852732 84 /dev/ttyUSB0 5
1343852738 84 /dev/ttyUSB0 5
1343852744 84 /dev/ttyUSB0 5
1343852751 83 /dev/ttyUSB0 5
1343852757 84 /dev/ttyUSB0 5
1343852763 84 /dev/ttyUSB0 5
1343852769 83 /dev/ttyUSB0 5
1343852775 83 /dev/ttyUSB0 5
1343852781 83 /dev/ttyUSB0 5
1343852787 83 /dev/ttyUSB0 5
1343852830 82 /dev/ttyUSB0 5
1343852836 83 /dev/ttyUSB0 5
1343852842 82 /dev/ttyUSB0 5
1343852849 83 /dev/ttyUSB0 5
1343852855 83 /dev/ttyUSB0 5
1343852861 83 /dev/ttyUSB0 5
1343852867 83 /dev/ttyUSB0 5
1343852873 84 /dev/ttyUSB0 5
1343852879 83 /dev/ttyUSB0 5
1343852885 83 /dev/ttyUSB0 5
1343852898 83 /dev/ttyUSB0 5
1343852910 83 /dev/ttyUSB0 5
1343852947 82 /dev/ttyUSB0 5
1343852953 82 /dev/ttyUSB0 5
1343852959 83 /dev/ttyUSB0 5
1343852965 83 /dev/ttyUSB0 5
1343852971 83 /dev/ttyUSB0 5
1343852977 82 /dev/ttyUSB0 5
1343852989 83 /dev/ttyUSB0 5
1343852996 82 /dev/ttyUSB0 5
1343853002 82 /dev/ttyUSB0 5
1343853008 83 /dev/ttyUSB0 5
1343853014 82 /dev/ttyUSB0 5
1343853020 82 /dev/ttyUSB0 5
1343853026 82 /dev/ttyUSB0 5
1343853032 82 /dev/ttyUSB0 5
1343853038 82 /dev/ttyUSB0 5
1343853051 82 /dev/ttyUSB0 5
1343853057 82 /dev/ttyUSB0 5
1343853063 82 /dev/ttyUSB0 5
1343853069 83 /dev/ttyUSB0 5
1343853075 82 /dev/ttyUSB0 5
1343853081 82 /dev/ttyUSB0 5
1343853087 82 /dev/ttyUSB0 5
1343853094 82 /dev/ttyUSB0 5
1343853100 83 /dev/ttyUSB0 5
1343853106 83 /dev/ttyUSB0 5
1343853112 82 /dev/ttyUSB0 5
1343853118 82 /dev/ttyUSB0 5
1343853124 82 /dev/ttyUSB0 5
1343853137 83 /dev/ttyUSB0 5
1343853143 82 /dev/ttyUSB0 5
1343853155 82 /dev/ttyUSB0 5
1343853235 81 /dev/ttyUSB0 5
1343853241 83 /dev/ttyUSB0 5
1343853296 83 /dev/ttyUSB0 5
1343853302 83 /dev/ttyUSB0 5
1343853308 82 /dev/ttyUSB0 5
1343853314 83 /dev/ttyUSB0 5
1343853320 82 /dev/ttyUSB0 5
1343853326 82 /dev/ttyUSB0 5
1343853333 82 /dev/ttyUSB0 5
1343853339 82 /dev/ttyUSB0 5
1343853345 82 /dev/ttyUSB0 5
1343853351 83 /dev/ttyUSB0 5
1343853382 82 /dev/ttyUSB0 5
1343853388 82 /dev/ttyUSB0 5
1343853400 82 /dev/ttyUSB0 5
1343853406 81 /dev/ttyUSB0 5
1343853412 82 /dev/ttyUSB0 5
1343853418 82 /dev/ttyUSB0 5
1343853424 82 /dev/ttyUSB0 5
1343853431 82 /dev/ttyUSB0 5
1343853437 82 /dev/ttyUSB0 5
1343853443 82 /dev/ttyUSB0 5
1343853449 82 /dev/ttyUSB0 5
1343853455 82 /dev/ttyUSB0 5
1343853461 82 /dev/ttyUSB0 5
1343853467 82 /dev/ttyUSB0 5
1343853473 82 /dev/ttyUSB0 5
1343853480 82 /dev/ttyUSB0 5
1343853486 83 /dev/ttyUSB0 5
1343853492 82 /dev/ttyUSB0 5
1343853498 82 /dev/ttyUSB0 5
1343853504 82 /dev/ttyUSB0 5
1343853510 82 /dev/ttyUSB0 5
1343853516 82 /dev/ttyUSB0 5
1343853522 82 /dev/ttyUSB0 5
1343853529 82 /dev/ttyUSB0 5
1343853535 82 /dev/ttyUSB0 5
1343853553 82 /dev/ttyUSB0 5
1343853559 81 /dev/ttyUSB0 5
1343853571 82 /dev/ttyUSB0 5
1343853578 82 /dev/ttyUSB0 5
1343853584 82 /dev/ttyUSB0 5
1343853596 82 /dev/ttyUSB0 5
1343853602 82 /dev/ttyUSB0 5
1343853608 82 /dev/ttyUSB0 5
1343853614 82 /dev/ttyUSB0 5
1343853621 82 /dev/ttyUSB0 5
1343853627 82 /dev/ttyUSB0 5
1343853633 82 /dev/ttyUSB0 5
1343853639 82 /dev/ttyUSB0 5
1343853645 82 /dev/ttyUSB0 5
1343853651 82 /dev/ttyUSB0 5
1343853657 82 /dev/ttyUSB0 5
1343853663 82 /dev/ttyUSB0 5
1343853706 82 /dev/ttyUSB0 5
1343853712 82 /dev/ttyUSB0 5
1343853719 82 /dev/ttyUSB0 5
1343853731 83 /dev/ttyUSB0 5
1343853737 82 /dev/ttyUSB0 5
1343853743 82 /dev/ttyUSB0 5
1343853749 82 /dev/ttyUSB0 5
1343853755 82 /dev/ttyUSB0 5
1343853761 82 /dev/ttyUSB0 5
1343853768 82 /dev/ttyUSB0 5
1343853774 82 /dev/ttyUSB0 5
1343853780 82 /dev/ttyUSB0 5
1343853786 82 /dev/ttyUSB0 5
1343853792 82 /dev/ttyUSB0 5
1343853798 82 /dev/ttyUSB0 5
1343853829 82 /dev/ttyUSB0 5
1343853835 82 /dev/ttyUSB0 5
1343853847 82 /dev/ttyUSB0 5
1343853853 82 /dev/ttyUSB0 5
1343853859 82 /dev/ttyUSB0 5
1343853866 82 /dev/ttyUSB0 5
1343853872 82 /dev/ttyUSB0 5
1343853884 81 /dev/ttyUSB0 5
1343853890 82 /dev/ttyUSB0 5
1343853896 82 /dev/ttyUSB0 5
1343853915 82 /dev/ttyUSB0 5
1343853921 82 /dev/ttyUSB0 5
1343853933 82 /dev/ttyUSB0 5
1343853939 82 /dev/ttyUSB0 5
1343853945 82 /dev/ttyUSB0 5
1343853951 81 /dev/ttyUSB0 5
1343853957 82 /dev/ttyUSB0 5
1343853964 12 /dev/ttyUSB0 5
1343853970 0 /dev/ttyUSB0 5
1343853976 0 /dev/ttyUSB0 5
1343853982 0 /dev/ttyUSB0 5
1343854006 0 /dev/ttyUSB0 5
1343854013 0 /dev/ttyUSB0 5
1343854019 0 /dev/ttyUSB0 5
1343854025 0 /dev/ttyUSB0 5
1343854049 0 /dev/ttyUSB0 5
1343854056 0 /dev/ttyUSB0 5
1343854062 1 /dev/ttyUSB0 5
1343854068 0 /dev/ttyUSB0 5
1343854074 0 /dev/ttyUSB0 5
1343854080 0 /dev/ttyUSB0 5
1343854086 0 /dev/ttyUSB0 5
1343854092 0 /dev/ttyUSB0 5
1343854098 1 /dev/ttyUSB0 5
1343854105 0 /dev/ttyUSB0 5
1343854111 0 /dev/ttyUSB0 5
1343854117 1 /dev/ttyUSB0 5
1343854123 0 /dev/ttyUSB0 5
1343854129 0 /dev/ttyUSB0 5
1343854135 0 /dev/ttyUSB0 5
1343854141 0 /dev/ttyUSB0 5
1343854147 0 /dev/ttyUSB0 5
1343854154 0 /dev/ttyUSB0 5
1343854160 0 /dev/ttyUSB0 5
1343854166 0 /dev/ttyUSB0 5
1343854196 0 /dev/ttyUSB0 5
1343854203 1 /dev/ttyUSB0 5
1343854209 0 /dev/ttyUSB0 5
1343854221 1 /dev/ttyUSB0 5
1343854227 0 /dev/ttyUSB0 5
1343854233 0 /dev/ttyUSB0 5
1343854245 0 /dev/ttyUSB0 5
1343854252 0 /dev/ttyUSB0 5
1343854258 0 /dev/ttyUSB0 5
1343854270 0 /dev/ttyUSB0 5
1343854276 0 /dev/ttyUSB0 5
1343854307 0 /dev/ttyUSB0 5
1343854325 17 /dev/ttyUSB0 5
1343854350 1 /dev/ttyUSB0 5
1343854356 1 /dev/ttyUSB0 5
1343854362 0 /dev/ttyUSB0 5
1343854368 0 /dev/ttyUSB0 5
1343854399 0 /dev/ttyUSB0 5
1343854405 0 /dev/ttyUSB0 5
1343854429 1 /dev/ttyUSB0 5
1343854435 0 /dev/ttyUSB0 5
1343854441 1 /dev/ttyUSB0 5
1343854448 1 /dev/ttyUSB0 5
1343854454 1 /dev/ttyUSB0 5
1343854460 0 /dev/ttyUSB0 5
1343854466 0 /dev/ttyUSB0 5
1343854472 0 /dev/ttyUSB0 5
1343854484 0 /dev/ttyUSB0 5
1343854490 0 /dev/ttyUSB0 5
1343854497 1 /dev/ttyUSB0 5
1343854503 1 /dev/ttyUSB0 5
1343854533 0 /dev/ttyUSB0 5
1343854540 0 /dev/ttyUSB0 5
1343854546 1 /dev/ttyUSB0 5
1343854558 0 /dev/ttyUSB0 5
1343854564 1 /dev/ttyUSB0 5
1343854570 0 /dev/ttyUSB0 5
1343854582 0 /dev/ttyUSB0 5
1343854589 0 /dev/ttyUSB0 5
1343854595 0 /dev/ttyUSB0 5
1343854601 0 /dev/ttyUSB0 5
1343854607 1 /dev/ttyUSB0 5
1343854619 1 /dev/ttyUSB0 5
1343854625 1 /dev/ttyUSB0 5
1343854631 1 /dev/ttyUSB0 5
1343854638 0 /dev/ttyUSB0 5
1343854644 0 /dev/ttyUSB0 5
1343854650 0 /dev/ttyUSB0 5
1343854656 1 /dev/ttyUSB0 5
1343854662 0 /dev/ttyUSB0 5
1343854668 0 /dev/ttyUSB0 5
1343854699 1 /dev/ttyUSB0 5
1343854705 1 /dev/ttyUSB0 5
1343854711 0 /dev/ttyUSB0 5
1343854729 0 /dev/ttyUSB0 5
1343854736 0 /dev/ttyUSB0 5
1343854742 0 /dev/ttyUSB0 5
1343854748 1 /dev/ttyUSB0 5
1343854754 0 /dev/ttyUSB0 5
1343854760 0 /dev/ttyUSB0 5
1343854766 1 /dev/ttyUSB0 5
1343854772 1 /dev/ttyUSB0 5
1343854778 1 /dev/ttyUSB0 5
1343854785 0 /dev/ttyUSB0 5
1343854791 0 /dev/ttyUSB0 5
1343854797 1 /dev/ttyUSB0 5
1343854815 1 /dev/ttyUSB0 5
1343854821 0 /dev/ttyUSB0 5
1343854827 0 /dev/ttyUSB0 5
1343854834 0 /dev/ttyUSB0 5
1343854846 0 /dev/ttyUSB0 5
1343854858 0 /dev/ttyUSB0 5
1343854870 0 /dev/ttyUSB0 5
1343854883 0 /dev/ttyUSB0 5
1343854895 17 /dev/ttyUSB0 5
1343854901 16 /dev/ttyUSB0 5
1343854907 16 /dev/ttyUSB0 5
1343854913 1 /dev/ttyUSB0 5
1343854919 1 /dev/ttyUSB0 5
1343854932 0 /dev/ttyUSB0 5
1343854938 1 /dev/ttyUSB0 5
1343854944 0 /dev/ttyUSB0 5
1343854950 1 /dev/ttyUSB0 5
1343854956 16 /dev/ttyUSB0 5
1343854962 1 /dev/ttyUSB0 5
1343854968 0 /dev/ttyUSB0 5
1343854975 0 /dev/ttyUSB0 5
1343854981 1 /dev/ttyUSB0 5
1343854987 1 /dev/ttyUSB0 5
1343854993 1 /dev/ttyUSB0 5
1343854999 0 /dev/ttyUSB0 5
1343855005 0 /dev/ttyUSB0 5
1343855011 0 /dev/ttyUSB0 5
1343855017 0 /dev/ttyUSB0 5
1343855024 1 /dev/ttyUSB0 5
1343855036 1 /dev/ttyUSB0 5
1343855042 0 /dev/ttyUSB0 5
1343855048 0 /dev/ttyUSB0 5
1343855054 0 /dev/ttyUSB0 5
1343855060 1 /dev/ttyUSB0 5
1343855066 1 /dev/ttyUSB0 5
1343855073 1 /dev/ttyUSB0 5
1343855079 0 /dev/ttyUSB0 5
1343855122 0 /dev/ttyUSB0 5
1343855128 0 /dev/ttyUSB0 5
1343855134 0 /dev/ttyUSB0 5
1343855140 0 /dev/ttyUSB0 5
1343855146 0 /dev/ttyUSB0 5
1343855152 0 /dev/ttyUSB0 5
1343855158 0 /dev/ttyUSB0 5
1343855183 1 /dev/ttyUSB0 5
1343855189 1 /dev/ttyUSB0 5
1343855195 1 /dev/ttyUSB0 5
1343855207 0 /dev/ttyUSB0 5
1343855213 1 /dev/ttyUSB0 5
1343855220 1 /dev/ttyUSB0 5
1343855232 0 /dev/ttyUSB0 5
1343855244 0 /dev/ttyUSB0 5
1343855305 0 /dev/ttyUSB0 5
1343855311 0 /dev/ttyUSB0 5
