1344285976 6 /dev/ttyUSB2 6
1344285982 6 /dev/ttyUSB2 6
1344285988 6 /dev/ttyUSB2 6
1344285994 6 /dev/ttyUSB2 6
1344286287 6 /dev/ttyUSB2 6
1344286293 6 /dev/ttyUSB2 6
1344286299 6 /dev/ttyUSB2 6
1344286305 6 /dev/ttyUSB2 6
1344286311 6 /dev/ttyUSB2 6
1344286330 6 /dev/ttyUSB2 6
1344286336 6 /dev/ttyUSB2 6
1344286342 6 /dev/ttyUSB2 6
1344286348 6 /dev/ttyUSB2 6
1344286354 7 /dev/ttyUSB2 6
1344286360 6 /dev/ttyUSB2 6
1344286373 6 /dev/ttyUSB2 6
1344286379 6 /dev/ttyUSB2 6
1344286385 6 /dev/ttyUSB2 6
1344286391 6 /dev/ttyUSB2 6
1344286397 6 /dev/ttyUSB2 6
1344286403 6 /dev/ttyUSB2 6
1344286409 6 /dev/ttyUSB2 6
1344286415 6 /dev/ttyUSB2 6
1344286421 6 /dev/ttyUSB2 6
1344286428 6 /dev/ttyUSB2 6
1344286434 6 /dev/ttyUSB2 6
1344286440 6 /dev/ttyUSB2 6
1344286446 6 /dev/ttyUSB2 6
1344286458 6 /dev/ttyUSB2 6
1344286464 6 /dev/ttyUSB2 6
1344286476 6 /dev/ttyUSB2 6
1344286482 6 /dev/ttyUSB2 6
1344286489 6 /dev/ttyUSB2 6
1344286495 6 /dev/ttyUSB2 6
1344286501 6 /dev/ttyUSB2 6
1344286507 6 /dev/ttyUSB2 6
1344286513 6 /dev/ttyUSB2 6
1344286519 6 /dev/ttyUSB2 6
1344286525 6 /dev/ttyUSB2 6
1344286531 6 /dev/ttyUSB2 6
1344286537 6 /dev/ttyUSB2 6
1344286544 6 /dev/ttyUSB2 6
1344286550 6 /dev/ttyUSB2 6
1344286562 6 /dev/ttyUSB2 6
1344286574 6 /dev/ttyUSB2 6
1344286586 6 /dev/ttyUSB2 6
1344286599 6 /dev/ttyUSB2 6
1344286605 7 /dev/ttyUSB2 6
1344286611 7 /dev/ttyUSB2 6
1344286617 6 /dev/ttyUSB2 6
1344286623 6 /dev/ttyUSB2 6
1344286629 6 /dev/ttyUSB2 6
1344286635 6 /dev/ttyUSB2 6
1344286641 6 /dev/ttyUSB2 6
1344286647 6 /dev/ttyUSB2 6
1344286660 6 /dev/ttyUSB2 6
1344286666 6 /dev/ttyUSB2 6
1344286672 6 /dev/ttyUSB2 6
1344286684 6 /dev/ttyUSB2 6
1344286690 6 /dev/ttyUSB2 6
1344286696 6 /dev/ttyUSB2 6
1344286702 6 /dev/ttyUSB2 6
1344286708 6 /dev/ttyUSB2 6
1344286715 6 /dev/ttyUSB2 6
1344286721 6 /dev/ttyUSB2 6
1344286727 6 /dev/ttyUSB2 6
1344286739 6 /dev/ttyUSB2 6
1344286745 6 /dev/ttyUSB2 6
1344286751 6 /dev/ttyUSB2 6
1344286757 6 /dev/ttyUSB2 6
1344286763 6 /dev/ttyUSB2 6
1344286776 6 /dev/ttyUSB2 6
1344286782 7 /dev/ttyUSB2 6
1344286788 6 /dev/ttyUSB2 6
1344286794 6 /dev/ttyUSB2 6
1344286800 6 /dev/ttyUSB2 6
1344286806 6 /dev/ttyUSB2 6
1344286812 6 /dev/ttyUSB2 6
1344286825 6 /dev/ttyUSB2 6
1344286831 6 /dev/ttyUSB2 6
1344286837 7 /dev/ttyUSB2 6
1344286843 6 /dev/ttyUSB2 6
1344286849 6 /dev/ttyUSB2 6
1344286855 6 /dev/ttyUSB2 6
1344286861 6 /dev/ttyUSB2 6
1344286867 6 /dev/ttyUSB2 6
1344286873 6 /dev/ttyUSB2 6
1344286879 6 /dev/ttyUSB2 6
1344286886 6 /dev/ttyUSB2 6
1344286892 6 /dev/ttyUSB2 6
1344286898 6 /dev/ttyUSB2 6
1344286904 6 /dev/ttyUSB2 6
1344286910 6 /dev/ttyUSB2 6
1344286922 6 /dev/ttyUSB2 6
1344286934 6 /dev/ttyUSB2 6
1344286941 6 /dev/ttyUSB2 6
1344286947 6 /dev/ttyUSB2 6
1344286953 6 /dev/ttyUSB2 6
1344286965 6 /dev/ttyUSB2 6
1344286971 6 /dev/ttyUSB2 6
1344286977 6 /dev/ttyUSB2 6
1344286983 6 /dev/ttyUSB2 6
1344286989 6 /dev/ttyUSB2 6
1344286996 6 /dev/ttyUSB2 6
1344287002 6 /dev/ttyUSB2 6
1344287008 6 /dev/ttyUSB2 6
1344287014 6 /dev/ttyUSB2 6
1344287020 6 /dev/ttyUSB2 6
1344287026 7 /dev/ttyUSB2 6
1344287032 6 /dev/ttyUSB2 6
1344287038 6 /dev/ttyUSB2 6
1344287051 6 /dev/ttyUSB2 6
1344287057 6 /dev/ttyUSB2 6
1344287063 6 /dev/ttyUSB2 6
1344287069 6 /dev/ttyUSB2 6
1344287075 6 /dev/ttyUSB2 6
1344287112 6 /dev/ttyUSB2 6
1344287118 6 /dev/ttyUSB2 6
1344287124 6 /dev/ttyUSB2 6
1344287191 6 /dev/ttyUSB2 6
1344287197 6 /dev/ttyUSB2 6
1344287203 6 /dev/ttyUSB2 6
1344287209 6 /dev/ttyUSB2 6
1344287215 6 /dev/ttyUSB2 6
1344287222 6 /dev/ttyUSB2 6
1344287228 6 /dev/ttyUSB2 6
1344287234 6 /dev/ttyUSB2 6
1344287240 6 /dev/ttyUSB2 6
1344287246 6 /dev/ttyUSB2 6
1344287252 7 /dev/ttyUSB2 6
1344287258 7 /dev/ttyUSB2 6
1344287264 6 /dev/ttyUSB2 6
1344287270 6 /dev/ttyUSB2 6
1344287276 6 /dev/ttyUSB2 6
1344287283 6 /dev/ttyUSB2 6
1344287289 6 /dev/ttyUSB2 6
1344287295 6 /dev/ttyUSB2 6
1344287301 6 /dev/ttyUSB2 6
1344287307 6 /dev/ttyUSB2 6
1344287313 6 /dev/ttyUSB2 6
1344287319 6 /dev/ttyUSB2 6
1344287331 7 /dev/ttyUSB2 6
1344287338 6 /dev/ttyUSB2 6
1344287344 6 /dev/ttyUSB2 6
1344287350 6 /dev/ttyUSB2 6
1344287362 6 /dev/ttyUSB2 6
1344287368 6 /dev/ttyUSB2 6
1344287374 6 /dev/ttyUSB2 6
1344287380 6 /dev/ttyUSB2 6
1344287386 7 /dev/ttyUSB2 6
1344287393 6 /dev/ttyUSB2 6
1344287399 6 /dev/ttyUSB2 6
1344287405 7 /dev/ttyUSB2 6
1344287417 6 /dev/ttyUSB2 6
1344287423 6 /dev/ttyUSB2 6
1344287429 6 /dev/ttyUSB2 6
1344287435 6 /dev/ttyUSB2 6
1344287441 6 /dev/ttyUSB2 6
1344287448 6 /dev/ttyUSB2 6
1344287454 7 /dev/ttyUSB2 6
1344287460 6 /dev/ttyUSB2 6
1344287564 6 /dev/ttyUSB2 6
1344287570 6 /dev/ttyUSB2 6
1344287576 6 /dev/ttyUSB2 6
1344287582 6 /dev/ttyUSB2 6
1344287588 6 /dev/ttyUSB2 6
1344287594 6 /dev/ttyUSB2 6
1344287606 7 /dev/ttyUSB2 6
1344287612 6 /dev/ttyUSB2 6
1344287619 6 /dev/ttyUSB2 6
1344287625 6 /dev/ttyUSB2 6
1344287631 6 /dev/ttyUSB2 6
1344287643 6 /dev/ttyUSB2 6
1344287649 6 /dev/ttyUSB2 6
1344287655 6 /dev/ttyUSB2 6
1344287661 6 /dev/ttyUSB2 6
1344287667 6 /dev/ttyUSB2 6
1344287673 6 /dev/ttyUSB2 6
1344287680 6 /dev/ttyUSB2 6
1344287686 6 /dev/ttyUSB2 6
1344287698 6 /dev/ttyUSB2 6
1344287704 6 /dev/ttyUSB2 6
1344287710 6 /dev/ttyUSB2 6
1344287716 6 /dev/ttyUSB2 6
1344287722 6 /dev/ttyUSB2 6
1344287728 6 /dev/ttyUSB2 6
1344287735 6 /dev/ttyUSB2 6
1344287741 6 /dev/ttyUSB2 6
1344287747 6 /dev/ttyUSB2 6
1344287753 6 /dev/ttyUSB2 6
1344287759 6 /dev/ttyUSB2 6
1344287765 6 /dev/ttyUSB2 6
1344287771 6 /dev/ttyUSB2 6
1344287790 6 /dev/ttyUSB2 6
1344287796 6 /dev/ttyUSB2 6
1344287802 6 /dev/ttyUSB2 6
1344287808 7 /dev/ttyUSB2 6
1344287826 6 /dev/ttyUSB2 6
1344287832 6 /dev/ttyUSB2 6
1344287838 6 /dev/ttyUSB2 6
1344287845 6 /dev/ttyUSB2 6
1344287851 6 /dev/ttyUSB2 6
1344287857 6 /dev/ttyUSB2 6
1344287863 6 /dev/ttyUSB2 6
1344287869 6 /dev/ttyUSB2 6
1344287881 7 /dev/ttyUSB2 6
1344287887 6 /dev/ttyUSB2 6
1344287893 6 /dev/ttyUSB2 6
1344287899 6 /dev/ttyUSB2 6
1344287906 6 /dev/ttyUSB2 6
1344287912 6 /dev/ttyUSB2 6
1344287924 6 /dev/ttyUSB2 6
1344287930 6 /dev/ttyUSB2 6
1344287936 6 /dev/ttyUSB2 6
1344287942 7 /dev/ttyUSB2 6
1344287948 7 /dev/ttyUSB2 6
1344287954 6 /dev/ttyUSB2 6
1344287961 7 /dev/ttyUSB2 6
1344287991 6 /dev/ttyUSB2 6
1344287997 6 /dev/ttyUSB2 6
1344288009 6 /dev/ttyUSB2 6
1344288016 6 /dev/ttyUSB2 6
1344288022 6 /dev/ttyUSB2 6
1344288028 6 /dev/ttyUSB2 6
1344288034 7 /dev/ttyUSB2 6
1344288040 6 /dev/ttyUSB2 6
1344288046 6 /dev/ttyUSB2 6
1344288052 6 /dev/ttyUSB2 6
1344288064 6 /dev/ttyUSB2 6
1344288070 6 /dev/ttyUSB2 6
1344288077 6 /dev/ttyUSB2 6
1344288083 6 /dev/ttyUSB2 6
1344288089 6 /dev/ttyUSB2 6
1344288095 6 /dev/ttyUSB2 6
1344288101 6 /dev/ttyUSB2 6
1344288180 6 /dev/ttyUSB2 6
1344288187 6 /dev/ttyUSB2 6
1344288193 6 /dev/ttyUSB2 6
1344288199 6 /dev/ttyUSB2 6
1344288205 6 /dev/ttyUSB2 6
1344288211 6 /dev/ttyUSB2 6
1344288223 6 /dev/ttyUSB2 6
1344288235 6 /dev/ttyUSB2 6
1344288242 6 /dev/ttyUSB2 6
1344288248 6 /dev/ttyUSB2 6
1344288254 6 /dev/ttyUSB2 6
1344288260 6 /dev/ttyUSB2 6
1344288266 6 /dev/ttyUSB2 6
1344288272 6 /dev/ttyUSB2 6
1344288278 6 /dev/ttyUSB2 6
1344288290 6 /dev/ttyUSB2 6
1344288296 6 /dev/ttyUSB2 6
1344288303 6 /dev/ttyUSB2 6
1344288309 6 /dev/ttyUSB2 6
1344288315 6 /dev/ttyUSB2 6
1344288321 6 /dev/ttyUSB2 6
1344288327 6 /dev/ttyUSB2 6
1344288333 6 /dev/ttyUSB2 6
1344288339 6 /dev/ttyUSB2 6
1344288345 6 /dev/ttyUSB2 6
1344288351 6 /dev/ttyUSB2 6
1344288358 6 /dev/ttyUSB2 6
1344288364 6 /dev/ttyUSB2 6
1344288376 6 /dev/ttyUSB2 6
1344288382 7 /dev/ttyUSB2 6
1344288388 6 /dev/ttyUSB2 6
1344288394 6 /dev/ttyUSB2 6
1344288400 6 /dev/ttyUSB2 6
1344288406 6 /dev/ttyUSB2 6
1344288413 6 /dev/ttyUSB2 6
1344288419 6 /dev/ttyUSB2 6
1344288425 6 /dev/ttyUSB2 6
1344288431 6 /dev/ttyUSB2 6
1344288437 6 /dev/ttyUSB2 6
1344288443 6 /dev/ttyUSB2 6
1344288449 7 /dev/ttyUSB2 6
1344288461 6 /dev/ttyUSB2 6
1344288467 6 /dev/ttyUSB2 6
1344288474 6 /dev/ttyUSB2 6
1344288480 6 /dev/ttyUSB2 6
1344288486 6 /dev/ttyUSB2 6
1344288492 6 /dev/ttyUSB2 6
1344288498 6 /dev/ttyUSB2 6
1344288504 6 /dev/ttyUSB2 6
1344288516 6 /dev/ttyUSB2 6
1344288522 6 /dev/ttyUSB2 6
1344288529 6 /dev/ttyUSB2 6
1344288535 6 /dev/ttyUSB2 6
1344288541 6 /dev/ttyUSB2 6
1344288547 6 /dev/ttyUSB2 6
1344288553 6 /dev/ttyUSB2 6
1344288559 6 /dev/ttyUSB2 6
1344288565 6 /dev/ttyUSB2 6
1344288571 6 /dev/ttyUSB2 6
1344288577 6 /dev/ttyUSB2 6
1344288669 6 /dev/ttyUSB2 6
1344288681 6 /dev/ttyUSB2 6
1344288687 6 /dev/ttyUSB2 6
1344288700 6 /dev/ttyUSB2 6
1344288712 6 /dev/ttyUSB2 6
1344288718 6 /dev/ttyUSB2 6
1344288724 6 /dev/ttyUSB2 6
1344288730 6 /dev/ttyUSB2 6
1344288742 6 /dev/ttyUSB2 6
1344288755 6 /dev/ttyUSB2 6
1344288761 6 /dev/ttyUSB2 6
1344288767 6 /dev/ttyUSB2 6
1344288773 6 /dev/ttyUSB2 6
1344288779 6 /dev/ttyUSB2 6
1344288785 6 /dev/ttyUSB2 6
1344288791 6 /dev/ttyUSB2 6
1344288797 6 /dev/ttyUSB2 6
1344288803 6 /dev/ttyUSB2 6
1344288810 6 /dev/ttyUSB2 6
1344288816 6 /dev/ttyUSB2 6
1344288828 6 /dev/ttyUSB2 6
1344288834 6 /dev/ttyUSB2 6
1344288846 6 /dev/ttyUSB2 6
1344288852 6 /dev/ttyUSB2 6
1344288858 6 /dev/ttyUSB2 6
1344288864 6 /dev/ttyUSB2 6
1344288871 6 /dev/ttyUSB2 6
1344288877 6 /dev/ttyUSB2 6
1344288883 6 /dev/ttyUSB2 6
1344288889 6 /dev/ttyUSB2 6
1344288895 6 /dev/ttyUSB2 6
1344288901 6 /dev/ttyUSB2 6
1344288907 6 /dev/ttyUSB2 6
1344288913 6 /dev/ttyUSB2 6
1344288919 6 /dev/ttyUSB2 6
1344288926 6 /dev/ttyUSB2 6
1344288932 6 /dev/ttyUSB2 6
1344288938 6 /dev/ttyUSB2 6
1344288944 6 /dev/ttyUSB2 6
1344288950 6 /dev/ttyUSB2 6
1344288956 6 /dev/ttyUSB2 6
1344288968 6 /dev/ttyUSB2 6
1344288974 6 /dev/ttyUSB2 6
1344288993 6 /dev/ttyUSB2 6
1344288999 6 /dev/ttyUSB2 6
1344289011 6 /dev/ttyUSB2 6
1344289017 6 /dev/ttyUSB2 6
1344289078 6 /dev/ttyUSB2 6
1344289097 6 /dev/ttyUSB2 6
1344289109 6 /dev/ttyUSB2 6
1344289115 6 /dev/ttyUSB2 6
1344289121 6 /dev/ttyUSB2 6
1344289127 6 /dev/ttyUSB2 6
1344289133 6 /dev/ttyUSB2 6
1344289139 6 /dev/ttyUSB2 6
1344289152 6 /dev/ttyUSB2 6
1344289158 6 /dev/ttyUSB2 6
1344289164 6 /dev/ttyUSB2 6
1344289200 6 /dev/ttyUSB2 6
1344289207 6 /dev/ttyUSB2 6
1344289213 6 /dev/ttyUSB2 6
1344289219 6 /dev/ttyUSB2 6
1344289225 6 /dev/ttyUSB2 6
1344289231 6 /dev/ttyUSB2 6
1344289237 6 /dev/ttyUSB2 6
1344289243 6 /dev/ttyUSB2 6
1344289249 6 /dev/ttyUSB2 6
1344289255 6 /dev/ttyUSB2 6
1344289261 6 /dev/ttyUSB2 6
1344289268 6 /dev/ttyUSB2 6
1344289280 6 /dev/ttyUSB2 6
1344289286 6 /dev/ttyUSB2 6
1344289292 6 /dev/ttyUSB2 6
1344289298 6 /dev/ttyUSB2 6
1344289304 6 /dev/ttyUSB2 6
1344289310 6 /dev/ttyUSB2 6
1344289316 6 /dev/ttyUSB2 6
1344289323 6 /dev/ttyUSB2 6
1344289329 6 /dev/ttyUSB2 6
1344289335 6 /dev/ttyUSB2 6
1344289341 6 /dev/ttyUSB2 6
1344289347 6 /dev/ttyUSB2 6
1344289353 6 /dev/ttyUSB2 6
1344289359 6 /dev/ttyUSB2 6
1344289365 6 /dev/ttyUSB2 6
1344289371 6 /dev/ttyUSB2 6
1344289378 6 /dev/ttyUSB2 6
1344289384 6 /dev/ttyUSB2 6
1344289390 6 /dev/ttyUSB2 6
1344289396 6 /dev/ttyUSB2 6
1344289402 6 /dev/ttyUSB2 6
1344289408 6 /dev/ttyUSB2 6
1344289420 6 /dev/ttyUSB2 6
1344289426 6 /dev/ttyUSB2 6
1344289432 6 /dev/ttyUSB2 6
1344289439 6 /dev/ttyUSB2 6
1344289445 6 /dev/ttyUSB2 6
1344289457 6 /dev/ttyUSB2 6
1344289463 6 /dev/ttyUSB2 6
1344289469 6 /dev/ttyUSB2 6
1344289475 6 /dev/ttyUSB2 6
1344289481 6 /dev/ttyUSB2 6
1344289487 6 /dev/ttyUSB2 6
1344289494 6 /dev/ttyUSB2 6
1344289506 6 /dev/ttyUSB2 6
1344289512 6 /dev/ttyUSB2 6
1344289518 6 /dev/ttyUSB2 6
1344289524 6 /dev/ttyUSB2 6
1344289536 6 /dev/ttyUSB2 6
1344289542 6 /dev/ttyUSB2 6
1344289549 6 /dev/ttyUSB2 6
1344289555 6 /dev/ttyUSB2 6
1344289561 6 /dev/ttyUSB2 6
1344289567 6 /dev/ttyUSB2 6
1344289573 6 /dev/ttyUSB2 6
1344289579 6 /dev/ttyUSB2 6
1344289585 6 /dev/ttyUSB2 6
1344289591 6 /dev/ttyUSB2 6
1344289597 6 /dev/ttyUSB2 6
1344289603 6 /dev/ttyUSB2 6
1344289610 6 /dev/ttyUSB2 6
1344289616 6 /dev/ttyUSB2 6
1344289622 6 /dev/ttyUSB2 6
1344289628 6 /dev/ttyUSB2 6
1344289652 6 /dev/ttyUSB2 6
1344289658 6 /dev/ttyUSB2 6
1344289665 6 /dev/ttyUSB2 6
1344289671 6 /dev/ttyUSB2 6
1344289677 6 /dev/ttyUSB2 6
1344289683 6 /dev/ttyUSB2 6
1344289689 6 /dev/ttyUSB2 6
1344289695 6 /dev/ttyUSB2 6
1344289701 6 /dev/ttyUSB2 6
1344289707 4 /dev/ttyUSB2 6
1344289713 6 /dev/ttyUSB2 6
1344289720 6 /dev/ttyUSB2 6
1344289732 6 /dev/ttyUSB2 6
1344289738 6 /dev/ttyUSB2 6
1344289744 6 /dev/ttyUSB2 6
1344289750 6 /dev/ttyUSB2 6
1344289756 6 /dev/ttyUSB2 6
1344289762 6 /dev/ttyUSB2 6
1344289768 6 /dev/ttyUSB2 6
1344289775 6 /dev/ttyUSB2 6
1344289787 6 /dev/ttyUSB2 6
1344289793 6 /dev/ttyUSB2 6
1344289799 6 /dev/ttyUSB2 6
1344289805 6 /dev/ttyUSB2 6
1344289811 6 /dev/ttyUSB2 6
1344289817 6 /dev/ttyUSB2 6
1344289823 6 /dev/ttyUSB2 6
1344289829 6 /dev/ttyUSB2 6
1344289836 6 /dev/ttyUSB2 6
1344289842 6 /dev/ttyUSB2 6
1344289848 6 /dev/ttyUSB2 6
1344289854 6 /dev/ttyUSB2 6
1344289860 6 /dev/ttyUSB2 6
