1344285975 505 /dev/ttyUSB2 0
1344286284 502 /dev/ttyUSB2 0
1344286297 495 /dev/ttyUSB2 0
1344286303 505 /dev/ttyUSB2 0
1344286334 488 /dev/ttyUSB2 0
1344286340 493 /dev/ttyUSB2 0
1344286346 473 /dev/ttyUSB2 0
1344286353 478 /dev/ttyUSB2 0
1344286359 484 /dev/ttyUSB2 0
1344286365 472 /dev/ttyUSB2 0
1344286371 485 /dev/ttyUSB2 0
1344286377 479 /dev/ttyUSB2 0
1344286390 485 /dev/ttyUSB2 0
1344286396 479 /dev/ttyUSB2 0
1344286402 382 /dev/ttyUSB2 0
1344286408 388 /dev/ttyUSB2 0
1344286414 386 /dev/ttyUSB2 0
1344286421 382 /dev/ttyUSB2 0
1344286427 389 /dev/ttyUSB2 0
1344286433 383 /dev/ttyUSB2 0
1344286439 391 /dev/ttyUSB2 0
1344286445 386 /dev/ttyUSB2 0
1344286452 380 /dev/ttyUSB2 0
1344286464 386 /dev/ttyUSB2 0
1344286470 389 /dev/ttyUSB2 0
1344286483 386 /dev/ttyUSB2 0
1344286495 383 /dev/ttyUSB2 0
1344286501 385 /dev/ttyUSB2 0
1344286507 387 /dev/ttyUSB2 0
1344286514 387 /dev/ttyUSB2 0
1344286520 383 /dev/ttyUSB2 0
1344286532 385 /dev/ttyUSB2 0
1344286539 385 /dev/ttyUSB2 0
1344286545 386 /dev/ttyUSB2 0
1344286551 386 /dev/ttyUSB2 0
1344286557 383 /dev/ttyUSB2 0
1344286563 387 /dev/ttyUSB2 0
1344286576 383 /dev/ttyUSB2 0
1344286582 390 /dev/ttyUSB2 0
1344286588 392 /dev/ttyUSB2 0
1344286600 374 /dev/ttyUSB2 0
1344286607 374 /dev/ttyUSB2 0
1344286613 375 /dev/ttyUSB2 0
1344286625 375 /dev/ttyUSB2 0
1344286631 372 /dev/ttyUSB2 0
1344286644 371 /dev/ttyUSB2 0
1344286650 369 /dev/ttyUSB2 0
1344286656 349 /dev/ttyUSB2 0
1344286662 352 /dev/ttyUSB2 0
1344286669 352 /dev/ttyUSB2 0
1344286675 352 /dev/ttyUSB2 0
1344286681 352 /dev/ttyUSB2 0
1344286687 464 /dev/ttyUSB2 0
1344286700 443 /dev/ttyUSB2 0
1344286706 449 /dev/ttyUSB2 0
1344286712 478 /dev/ttyUSB2 0
1344286718 459 /dev/ttyUSB2 0
1344286731 488 /dev/ttyUSB2 0
1344286743 456 /dev/ttyUSB2 0
1344286749 468 /dev/ttyUSB2 0
1344286761 338 /dev/ttyUSB2 0
1344286768 340 /dev/ttyUSB2 0
1344286774 353 /dev/ttyUSB2 0
1344286780 363 /dev/ttyUSB2 0
1344286792 474 /dev/ttyUSB2 0
1344286811 503 /dev/ttyUSB2 0
1344286817 492 /dev/ttyUSB2 0
1344286823 491 /dev/ttyUSB2 0
1344286830 496 /dev/ttyUSB2 0
1344286836 494 /dev/ttyUSB2 0
1344286842 505 /dev/ttyUSB2 0
1344286867 523 /dev/ttyUSB2 0
1344286879 494 /dev/ttyUSB2 0
1344286885 525 /dev/ttyUSB2 0
1344286898 522 /dev/ttyUSB2 0
1344286904 523 /dev/ttyUSB2 0
1344286910 514 /dev/ttyUSB2 0
1344286922 487 /dev/ttyUSB2 0
1344286928 514 /dev/ttyUSB2 0
1344286935 442 /dev/ttyUSB2 0
1344286941 449 /dev/ttyUSB2 0
1344286947 437 /dev/ttyUSB2 0
1344286953 462 /dev/ttyUSB2 0
1344286966 442 /dev/ttyUSB2 0
1344286972 443 /dev/ttyUSB2 0
1344286978 439 /dev/ttyUSB2 0
1344286984 442 /dev/ttyUSB2 0
1344286996 442 /dev/ttyUSB2 0
1344287002 440 /dev/ttyUSB2 0
1344287009 480 /dev/ttyUSB2 0
1344287015 459 /dev/ttyUSB2 0
1344287027 440 /dev/ttyUSB2 0
1344287033 426 /dev/ttyUSB2 0
1344287040 372 /dev/ttyUSB2 0
1344287046 348 /dev/ttyUSB2 0
1344287058 374 /dev/ttyUSB2 0
1344287083 372 /dev/ttyUSB2 0
1344287089 375 /dev/ttyUSB2 0
1344287095 367 /dev/ttyUSB2 0
1344287102 378 /dev/ttyUSB2 0
1344287108 378 /dev/ttyUSB2 0
1344287114 386 /dev/ttyUSB2 0
1344287120 370 /dev/ttyUSB2 0
1344287126 378 /dev/ttyUSB2 0
1344287133 371 /dev/ttyUSB2 0
1344287145 371 /dev/ttyUSB2 0
1344287151 390 /dev/ttyUSB2 0
1344287164 376 /dev/ttyUSB2 0
1344287182 377 /dev/ttyUSB2 0
1344287195 365 /dev/ttyUSB2 0
1344287207 379 /dev/ttyUSB2 0
1344287213 360 /dev/ttyUSB2 0
1344287226 385 /dev/ttyUSB2 0
1344287232 367 /dev/ttyUSB2 0
1344287238 386 /dev/ttyUSB2 0
1344287244 363 /dev/ttyUSB2 0
1344287257 385 /dev/ttyUSB2 0
1344287269 385 /dev/ttyUSB2 0
1344287275 368 /dev/ttyUSB2 0
1344287288 381 /dev/ttyUSB2 0
1344287300 382 /dev/ttyUSB2 0
1344287312 365 /dev/ttyUSB2 0
1344287319 364 /dev/ttyUSB2 0
1344287331 375 /dev/ttyUSB2 0
1344287350 375 /dev/ttyUSB2 0
1344287368 374 /dev/ttyUSB2 0
1344287375 370 /dev/ttyUSB2 0
1344287393 367 /dev/ttyUSB2 0
1344287399 376 /dev/ttyUSB2 0
1344287406 381 /dev/ttyUSB2 0
1344287412 374 /dev/ttyUSB2 0
1344287424 374 /dev/ttyUSB2 0
1344287437 377 /dev/ttyUSB2 0
1344287443 378 /dev/ttyUSB2 0
1344287449 372 /dev/ttyUSB2 0
1344287455 369 /dev/ttyUSB2 0
1344287461 375 /dev/ttyUSB2 0
1344287468 368 /dev/ttyUSB2 0
1344287474 368 /dev/ttyUSB2 0
1344287480 382 /dev/ttyUSB2 0
1344287486 375 /dev/ttyUSB2 0
1344287492 376 /dev/ttyUSB2 0
1344287498 376 /dev/ttyUSB2 0
1344287505 372 /dev/ttyUSB2 0
1344287511 378 /dev/ttyUSB2 0
1344287517 378 /dev/ttyUSB2 0
1344287529 376 /dev/ttyUSB2 0
1344287542 356 /dev/ttyUSB2 0
1344287554 385 /dev/ttyUSB2 0
1344287561 361 /dev/ttyUSB2 0
1344287573 375 /dev/ttyUSB2 0
1344287579 360 /dev/ttyUSB2 0
1344287592 385 /dev/ttyUSB2 0
1344287598 387 /dev/ttyUSB2 0
1344287610 381 /dev/ttyUSB2 0
1344287629 345 /dev/ttyUSB2 0
1344287641 349 /dev/ttyUSB2 0
1344287647 347 /dev/ttyUSB2 0
1344287653 353 /dev/ttyUSB2 0
1344287666 347 /dev/ttyUSB2 0
1344287684 369 /dev/ttyUSB2 0
1344287697 358 /dev/ttyUSB2 0
1344287709 379 /dev/ttyUSB2 0
1344287721 385 /dev/ttyUSB2 0
1344287746 357 /dev/ttyUSB2 0
1344287759 356 /dev/ttyUSB2 0
1344287771 352 /dev/ttyUSB2 0
1344287783 355 /dev/ttyUSB2 0
1344287790 358 /dev/ttyUSB2 0
1344287796 356 /dev/ttyUSB2 0
1344287802 355 /dev/ttyUSB2 0
1344287815 349 /dev/ttyUSB2 0
1344287821 353 /dev/ttyUSB2 0
1344287827 354 /dev/ttyUSB2 0
1344287833 359 /dev/ttyUSB2 0
1344287846 355 /dev/ttyUSB2 0
1344287852 353 /dev/ttyUSB2 0
1344287864 355 /dev/ttyUSB2 0
1344287870 353 /dev/ttyUSB2 0
1344287876 351 /dev/ttyUSB2 0
1344287895 349 /dev/ttyUSB2 0
1344287901 349 /dev/ttyUSB2 0
1344287907 357 /dev/ttyUSB2 0
1344287913 355 /dev/ttyUSB2 0
1344287920 356 /dev/ttyUSB2 0
1344287932 361 /dev/ttyUSB2 0
1344287938 349 /dev/ttyUSB2 0
1344287944 354 /dev/ttyUSB2 0
1344287951 352 /dev/ttyUSB2 0
1344287963 351 /dev/ttyUSB2 0
1344287975 356 /dev/ttyUSB2 0
1344287982 358 /dev/ttyUSB2 0
1344287994 356 /dev/ttyUSB2 0
1344288000 352 /dev/ttyUSB2 0
1344288012 353 /dev/ttyUSB2 0
1344288018 356 /dev/ttyUSB2 0
1344288025 353 /dev/ttyUSB2 0
1344288031 352 /dev/ttyUSB2 0
1344288043 355 /dev/ttyUSB2 0
1344288049 353 /dev/ttyUSB2 0
1344288056 352 /dev/ttyUSB2 0
1344288062 354 /dev/ttyUSB2 0
1344288068 351 /dev/ttyUSB2 0
1344288074 355 /dev/ttyUSB2 0
1344288080 355 /dev/ttyUSB2 0
1344288087 358 /dev/ttyUSB2 0
1344288093 283 /dev/ttyUSB2 0
1344288099 177 /dev/ttyUSB2 0
1344288105 155 /dev/ttyUSB2 0
1344288118 159 /dev/ttyUSB2 0
1344288124 157 /dev/ttyUSB2 0
1344288130 159 /dev/ttyUSB2 0
1344288143 153 /dev/ttyUSB2 0
1344288149 151 /dev/ttyUSB2 0
1344288155 152 /dev/ttyUSB2 0
1344288167 296 /dev/ttyUSB2 0
1344288174 278 /dev/ttyUSB2 0
1344288192 284 /dev/ttyUSB2 0
1344288198 281 /dev/ttyUSB2 0
1344288205 298 /dev/ttyUSB2 0
1344288211 302 /dev/ttyUSB2 0
1344288223 310 /dev/ttyUSB2 0
1344288236 284 /dev/ttyUSB2 0
1344288242 266 /dev/ttyUSB2 0
1344288248 285 /dev/ttyUSB2 0
1344288260 283 /dev/ttyUSB2 0
1344288267 153 /dev/ttyUSB2 0
1344288273 232 /dev/ttyUSB2 0
1344288292 372 /dev/ttyUSB2 0
1344288298 378 /dev/ttyUSB2 0
1344288304 375 /dev/ttyUSB2 0
1344288310 374 /dev/ttyUSB2 0
1344288316 371 /dev/ttyUSB2 0
1344288323 377 /dev/ttyUSB2 0
1344288341 375 /dev/ttyUSB2 0
1344288347 370 /dev/ttyUSB2 0
1344288372 376 /dev/ttyUSB2 0
1344288378 375 /dev/ttyUSB2 0
1344288384 371 /dev/ttyUSB2 0
1344288391 369 /dev/ttyUSB2 0
1344288409 370 /dev/ttyUSB2 0
1344288415 370 /dev/ttyUSB2 0
1344288428 376 /dev/ttyUSB2 0
1344288434 372 /dev/ttyUSB2 0
1344288446 374 /dev/ttyUSB2 0
1344288452 368 /dev/ttyUSB2 0
1344288458 371 /dev/ttyUSB2 0
1344288465 370 /dev/ttyUSB2 0
1344288471 376 /dev/ttyUSB2 0
1344288483 370 /dev/ttyUSB2 0
1344288489 378 /dev/ttyUSB2 0
1344288496 376 /dev/ttyUSB2 0
1344288502 376 /dev/ttyUSB2 0
1344288508 375 /dev/ttyUSB2 0
1344288514 374 /dev/ttyUSB2 0
1344288520 370 /dev/ttyUSB2 0
1344288526 380 /dev/ttyUSB2 0
1344288533 375 /dev/ttyUSB2 0
1344288539 378 /dev/ttyUSB2 0
1344288557 367 /dev/ttyUSB2 0
1344288564 368 /dev/ttyUSB2 0
1344288570 374 /dev/ttyUSB2 0
1344288582 372 /dev/ttyUSB2 0
1344288588 371 /dev/ttyUSB2 0
1344288595 353 /dev/ttyUSB2 0
1344288607 353 /dev/ttyUSB2 0
1344288613 353 /dev/ttyUSB2 0
1344288619 352 /dev/ttyUSB2 0
1344288625 355 /dev/ttyUSB2 0
1344288632 354 /dev/ttyUSB2 0
1344288638 353 /dev/ttyUSB2 0
1344288650 351 /dev/ttyUSB2 0
1344288657 357 /dev/ttyUSB2 0
1344288669 364 /dev/ttyUSB2 0
1344288675 358 /dev/ttyUSB2 0
1344288688 365 /dev/ttyUSB2 0
1344288718 363 /dev/ttyUSB2 0
1344288730 363 /dev/ttyUSB2 0
1344288737 358 /dev/ttyUSB2 0
1344288743 361 /dev/ttyUSB2 0
1344288749 364 /dev/ttyUSB2 0
1344288755 363 /dev/ttyUSB2 0
1344288761 363 /dev/ttyUSB2 0
1344288780 356 /dev/ttyUSB2 0
1344288786 357 /dev/ttyUSB2 0
1344288792 356 /dev/ttyUSB2 0
1344288799 357 /dev/ttyUSB2 0
1344288805 358 /dev/ttyUSB2 0
1344288811 355 /dev/ttyUSB2 0
1344288829 356 /dev/ttyUSB2 0
1344288842 360 /dev/ttyUSB2 0
1344288848 359 /dev/ttyUSB2 0
1344288860 357 /dev/ttyUSB2 0
1344288867 357 /dev/ttyUSB2 0
1344288873 360 /dev/ttyUSB2 0
1344288879 363 /dev/ttyUSB2 0
1344288891 360 /dev/ttyUSB2 0
1344288897 358 /dev/ttyUSB2 0
1344288904 357 /dev/ttyUSB2 0
1344288910 354 /dev/ttyUSB2 0
1344288928 360 /dev/ttyUSB2 0
1344288935 359 /dev/ttyUSB2 0
1344288941 359 /dev/ttyUSB2 0
1344288953 152 /dev/ttyUSB2 0
1344288966 153 /dev/ttyUSB2 0
1344288972 154 /dev/ttyUSB2 0
1344288978 153 /dev/ttyUSB2 0
1344288984 153 /dev/ttyUSB2 0
1344288996 154 /dev/ttyUSB2 0
1344289003 153 /dev/ttyUSB2 0
1344289009 159 /dev/ttyUSB2 0
1344289015 157 /dev/ttyUSB2 0
1344289027 152 /dev/ttyUSB2 0
1344289040 152 /dev/ttyUSB2 0
1344289046 154 /dev/ttyUSB2 0
1344289052 153 /dev/ttyUSB2 0
1344289059 155 /dev/ttyUSB2 0
1344289077 157 /dev/ttyUSB2 0
1344289083 156 /dev/ttyUSB2 0
1344289090 157 /dev/ttyUSB2 0
1344289096 159 /dev/ttyUSB2 0
1344289102 159 /dev/ttyUSB2 0
1344289108 156 /dev/ttyUSB2 0
1344289121 153 /dev/ttyUSB2 0
1344289133 151 /dev/ttyUSB2 0
1344289145 152 /dev/ttyUSB2 0
1344289152 155 /dev/ttyUSB2 0
1344289158 153 /dev/ttyUSB2 0
1344289164 152 /dev/ttyUSB2 0
1344289176 157 /dev/ttyUSB2 0
1344289183 159 /dev/ttyUSB2 0
1344289195 154 /dev/ttyUSB2 0
1344289201 158 /dev/ttyUSB2 0
1344289207 159 /dev/ttyUSB2 0
1344289213 153 /dev/ttyUSB2 0
1344289220 157 /dev/ttyUSB2 0
1344289226 160 /dev/ttyUSB2 0
1344289232 153 /dev/ttyUSB2 0
1344289238 155 /dev/ttyUSB2 0
1344289250 152 /dev/ttyUSB2 0
1344289257 152 /dev/ttyUSB2 0
1344289269 154 /dev/ttyUSB2 0
1344289275 155 /dev/ttyUSB2 0
1344289288 169 /dev/ttyUSB2 0
1344289294 159 /dev/ttyUSB2 0
1344289300 163 /dev/ttyUSB2 0
1344289306 156 /dev/ttyUSB2 0
1344289312 153 /dev/ttyUSB2 0
1344289319 157 /dev/ttyUSB2 0
1344289331 152 /dev/ttyUSB2 0
1344289349 154 /dev/ttyUSB2 0
1344289356 152 /dev/ttyUSB2 0
1344289362 154 /dev/ttyUSB2 0
1344289368 156 /dev/ttyUSB2 0
1344289374 158 /dev/ttyUSB2 0
1344289381 154 /dev/ttyUSB2 0
1344289386 157 /dev/ttyUSB2 0
1344289393 157 /dev/ttyUSB2 0
1344289399 157 /dev/ttyUSB2 0
1344289405 154 /dev/ttyUSB2 0
1344289411 154 /dev/ttyUSB2 0
1344289418 153 /dev/ttyUSB2 0
1344289424 152 /dev/ttyUSB2 0
1344289430 151 /dev/ttyUSB2 0
1344289436 152 /dev/ttyUSB2 0
1344289442 155 /dev/ttyUSB2 0
1344289455 159 /dev/ttyUSB2 0
1344289473 156 /dev/ttyUSB2 0
1344289480 155 /dev/ttyUSB2 0
1344289492 154 /dev/ttyUSB2 0
1344289504 155 /dev/ttyUSB2 0
1344289510 152 /dev/ttyUSB2 0
1344289517 152 /dev/ttyUSB2 0
1344289523 153 /dev/ttyUSB2 0
1344289529 152 /dev/ttyUSB2 0
1344289548 155 /dev/ttyUSB2 0
1344289560 156 /dev/ttyUSB2 0
1344289566 154 /dev/ttyUSB2 0
1344289572 154 /dev/ttyUSB2 0
1344289591 158 /dev/ttyUSB2 0
1344289597 155 /dev/ttyUSB2 0
1344289603 157 /dev/ttyUSB2 0
1344289609 154 /dev/ttyUSB2 0
1344289622 152 /dev/ttyUSB2 0
1344289628 157 /dev/ttyUSB2 0
1344289634 152 /dev/ttyUSB2 0
1344289640 152 /dev/ttyUSB2 0
1344289646 154 /dev/ttyUSB2 0
1344289659 157 /dev/ttyUSB2 0
1344289665 153 /dev/ttyUSB2 0
1344289671 155 /dev/ttyUSB2 0
1344289677 151 /dev/ttyUSB2 0
1344289696 154 /dev/ttyUSB2 0
1344289702 152 /dev/ttyUSB2 0
1344289714 155 /dev/ttyUSB2 0
1344289733 153 /dev/ttyUSB2 0
1344289739 155 /dev/ttyUSB2 0
1344289746 151 /dev/ttyUSB2 0
1344289764 158 /dev/ttyUSB2 0
1344289777 273 /dev/ttyUSB2 0
1344289783 258 /dev/ttyUSB2 0
1344289789 250 /dev/ttyUSB2 0
1344289795 247 /dev/ttyUSB2 0
1344289801 239 /dev/ttyUSB2 0
1344289814 221 /dev/ttyUSB2 0
1344289820 218 /dev/ttyUSB2 0
1344289832 212 /dev/ttyUSB2 0
1344289839 219 /dev/ttyUSB2 0
1344289845 217 /dev/ttyUSB2 0
1344289851 216 /dev/ttyUSB2 0
1344289857 219 /dev/ttyUSB2 0
1344289894 223 /dev/ttyUSB2 0
1344289900 223 /dev/ttyUSB2 0
1344289913 221 /dev/ttyUSB2 0
1344289919 224 /dev/ttyUSB2 0
1344289925 224 /dev/ttyUSB2 0
1344289931 223 /dev/ttyUSB2 0
1344289938 222 /dev/ttyUSB2 0
1344289944 222 /dev/ttyUSB2 0
1344289956 224 /dev/ttyUSB2 0
1344289962 225 /dev/ttyUSB2 0
1344289969 225 /dev/ttyUSB2 0
1344289981 228 /dev/ttyUSB2 0
1344289987 230 /dev/ttyUSB2 0
1344289994 232 /dev/ttyUSB2 0
1344290000 232 /dev/ttyUSB2 0
1344290012 224 /dev/ttyUSB2 0
1344290024 225 /dev/ttyUSB2 0
1344290037 227 /dev/ttyUSB2 0
1344290043 228 /dev/ttyUSB2 0
1344290049 230 /dev/ttyUSB2 0
1344290062 229 /dev/ttyUSB2 0
1344290068 227 /dev/ttyUSB2 0
1344290086 233 /dev/ttyUSB2 0
1344290092 225 /dev/ttyUSB2 0
1344290105 222 /dev/ttyUSB2 0
1344290111 228 /dev/ttyUSB2 0
1344290123 224 /dev/ttyUSB2 0
1344290136 228 /dev/ttyUSB2 0
1344290148 225 /dev/ttyUSB2 0
1344290154 225 /dev/ttyUSB2 0
1344290167 224 /dev/ttyUSB2 0
1344290173 221 /dev/ttyUSB2 0
1344290179 220 /dev/ttyUSB2 0
1344290192 218 /dev/ttyUSB2 0
1344290198 222 /dev/ttyUSB2 0
1344290204 220 /dev/ttyUSB2 0
1344290216 217 /dev/ttyUSB2 0
1344290222 218 /dev/ttyUSB2 0
1344290229 220 /dev/ttyUSB2 0
1344290235 219 /dev/ttyUSB2 0
1344290241 220 /dev/ttyUSB2 0
1344290259 216 /dev/ttyUSB2 0
1344290272 212 /dev/ttyUSB2 0
1344290284 215 /dev/ttyUSB2 0
1344290290 215 /dev/ttyUSB2 0
1344290297 210 /dev/ttyUSB2 0
1344290303 215 /dev/ttyUSB2 0
1344290309 213 /dev/ttyUSB2 0
1344290322 211 /dev/ttyUSB2 0
1344290328 215 /dev/ttyUSB2 0
1344290340 209 /dev/ttyUSB2 0
1344290346 215 /dev/ttyUSB2 0
1344290353 212 /dev/ttyUSB2 0
1344290359 212 /dev/ttyUSB2 0
1344290365 216 /dev/ttyUSB2 0
1344290371 212 /dev/ttyUSB2 0
1344290377 215 /dev/ttyUSB2 0
1344290390 219 /dev/ttyUSB2 0
1344290396 213 /dev/ttyUSB2 0
1344290402 213 /dev/ttyUSB2 0
1344290408 213 /dev/ttyUSB2 0
1344290415 215 /dev/ttyUSB2 0
1344290427 211 /dev/ttyUSB2 0
1344290433 212 /dev/ttyUSB2 0
1344290439 209 /dev/ttyUSB2 0
1344290458 212 /dev/ttyUSB2 0
1344290464 211 /dev/ttyUSB2 0
1344290470 208 /dev/ttyUSB2 0
1344290476 209 /dev/ttyUSB2 0
1344290483 208 /dev/ttyUSB2 0
1344290507 205 /dev/ttyUSB2 0
1344290513 211 /dev/ttyUSB2 0
1344290520 207 /dev/ttyUSB2 0
1344290526 205 /dev/ttyUSB2 0
1344290538 204 /dev/ttyUSB2 0
1344290550 207 /dev/ttyUSB2 0
1344290563 208 /dev/ttyUSB2 0
1344290569 206 /dev/ttyUSB2 0
1344290575 202 /dev/ttyUSB2 0
1344290582 201 /dev/ttyUSB2 0
1344290588 202 /dev/ttyUSB2 0
1344290600 207 /dev/ttyUSB2 0
1344290606 204 /dev/ttyUSB2 0
1344290619 202 /dev/ttyUSB2 0
1344290625 199 /dev/ttyUSB2 0
1344290637 208 /dev/ttyUSB2 0
1344290643 206 /dev/ttyUSB2 0
1344290650 201 /dev/ttyUSB2 0
1344290656 200 /dev/ttyUSB2 0
1344290662 200 /dev/ttyUSB2 0
1344290668 199 /dev/ttyUSB2 0
1344290674 200 /dev/ttyUSB2 0
1344290687 204 /dev/ttyUSB2 0
1344290693 200 /dev/ttyUSB2 0
1344290699 201 /dev/ttyUSB2 0
1344290705 201 /dev/ttyUSB2 0
1344290711 204 /dev/ttyUSB2 0
1344290718 204 /dev/ttyUSB2 0
1344290724 202 /dev/ttyUSB2 0
1344290736 201 /dev/ttyUSB2 0
1344290742 206 /dev/ttyUSB2 0
1344290749 204 /dev/ttyUSB2 0
1344290810 198 /dev/ttyUSB2 0
1344290822 202 /dev/ttyUSB2 0
1344290834 201 /dev/ttyUSB2 0
1344290841 199 /dev/ttyUSB2 0
1344290847 199 /dev/ttyUSB2 0
1344290859 199 /dev/ttyUSB2 0
1344290865 199 /dev/ttyUSB2 0
1344290872 201 /dev/ttyUSB2 0
1344290878 204 /dev/ttyUSB2 0
1344290884 201 /dev/ttyUSB2 0
1344290896 199 /dev/ttyUSB2 0
1344290903 199 /dev/ttyUSB2 0
1344290921 199 /dev/ttyUSB2 0
1344290927 196 /dev/ttyUSB2 0
1344290946 201 /dev/ttyUSB2 0
1344290958 198 /dev/ttyUSB2 0
1344290977 202 /dev/ttyUSB2 0
1344290983 204 /dev/ttyUSB2 0
1344290996 199 /dev/ttyUSB2 0
1344291002 201 /dev/ttyUSB2 0
1344291008 196 /dev/ttyUSB2 0
1344291014 200 /dev/ttyUSB2 0
1344291020 197 /dev/ttyUSB2 0
1344291039 200 /dev/ttyUSB2 0
1344291045 196 /dev/ttyUSB2 0
1344291051 201 /dev/ttyUSB2 0
1344291058 201 /dev/ttyUSB2 0
1344291064 199 /dev/ttyUSB2 0
1344291082 196 /dev/ttyUSB2 0
1344291089 199 /dev/ttyUSB2 0
1344291101 198 /dev/ttyUSB2 0
1344291107 199 /dev/ttyUSB2 0
1344291113 197 /dev/ttyUSB2 0
1344291120 198 /dev/ttyUSB2 0
1344291132 200 /dev/ttyUSB2 0
1344291138 198 /dev/ttyUSB2 0
1344291145 195 /dev/ttyUSB2 0
1344291151 195 /dev/ttyUSB2 0
1344291157 198 /dev/ttyUSB2 0
1344291175 196 /dev/ttyUSB2 0
1344291181 199 /dev/ttyUSB2 0
1344291194 196 /dev/ttyUSB2 0
1344291200 197 /dev/ttyUSB2 0
1344291206 200 /dev/ttyUSB2 0
1344291212 195 /dev/ttyUSB2 0
1344291219 198 /dev/ttyUSB2 0
1344291225 198 /dev/ttyUSB2 0
1344291237 199 /dev/ttyUSB2 0
1344291243 196 /dev/ttyUSB2 0
1344291250 195 /dev/ttyUSB2 0
1344291256 196 /dev/ttyUSB2 0
1344291274 195 /dev/ttyUSB2 0
1344291280 194 /dev/ttyUSB2 0
1344291287 193 /dev/ttyUSB2 0
1344291293 194 /dev/ttyUSB2 0
1344291305 194 /dev/ttyUSB2 0
1344291318 200 /dev/ttyUSB2 0
1344291324 198 /dev/ttyUSB2 0
1344291336 197 /dev/ttyUSB2 0
1344291342 195 /dev/ttyUSB2 0
1344291349 197 /dev/ttyUSB2 0
1344291380 201 /dev/ttyUSB2 0
1344291386 197 /dev/ttyUSB2 0
1344291392 191 /dev/ttyUSB2 0
1344291398 194 /dev/ttyUSB2 0
1344291405 197 /dev/ttyUSB2 0
1344291411 196 /dev/ttyUSB2 0
1344291417 198 /dev/ttyUSB2 0
1344291423 201 /dev/ttyUSB2 0
1344291429 195 /dev/ttyUSB2 0
1344291442 194 /dev/ttyUSB2 0
1344291448 200 /dev/ttyUSB2 0
1344291460 198 /dev/ttyUSB2 0
1344291466 196 /dev/ttyUSB2 0
1344291478 196 /dev/ttyUSB2 0
1344291485 196 /dev/ttyUSB2 0
1344291497 195 /dev/ttyUSB2 0
1344291503 197 /dev/ttyUSB2 0
1344291509 200 /dev/ttyUSB2 0
1344291515 199 /dev/ttyUSB2 0
1344291522 201 /dev/ttyUSB2 0
1344291528 197 /dev/ttyUSB2 0
1344291534 202 /dev/ttyUSB2 0
1344291540 201 /dev/ttyUSB2 0
1344291553 199 /dev/ttyUSB2 0
1344291565 204 /dev/ttyUSB2 0
1344291571 204 /dev/ttyUSB2 0
1344291577 207 /dev/ttyUSB2 0
1344291584 206 /dev/ttyUSB2 0
1344291590 202 /dev/ttyUSB2 0
1344291596 204 /dev/ttyUSB2 0
1344291602 204 /dev/ttyUSB2 0
1344291608 204 /dev/ttyUSB2 0
1344291621 201 /dev/ttyUSB2 0
1344291627 206 /dev/ttyUSB2 0
1344291633 206 /dev/ttyUSB2 0
1344291639 209 /dev/ttyUSB2 0
1344291651 205 /dev/ttyUSB2 0
1344291658 202 /dev/ttyUSB2 0
1344291664 205 /dev/ttyUSB2 0
1344291670 204 /dev/ttyUSB2 0
1344291676 206 /dev/ttyUSB2 0
1344291707 207 /dev/ttyUSB2 0
1344291713 207 /dev/ttyUSB2 0
1344291719 209 /dev/ttyUSB2 0
1344291726 209 /dev/ttyUSB2 0
1344291732 207 /dev/ttyUSB2 0
1344291738 207 /dev/ttyUSB2 0
1344291744 206 /dev/ttyUSB2 0
1344291751 208 /dev/ttyUSB2 0
1344291769 204 /dev/ttyUSB2 0
1344291781 206 /dev/ttyUSB2 0
1344291788 205 /dev/ttyUSB2 0
1344291794 204 /dev/ttyUSB2 0
1344291806 204 /dev/ttyUSB2 0
1344291812 204 /dev/ttyUSB2 0
1344291819 202 /dev/ttyUSB2 0
1344291837 205 /dev/ttyUSB2 0
1344291843 207 /dev/ttyUSB2 0
1344291856 207 /dev/ttyUSB2 0
1344291862 205 /dev/ttyUSB2 0
1344291868 207 /dev/ttyUSB2 0
1344291874 205 /dev/ttyUSB2 0
1344291886 209 /dev/ttyUSB2 0
1344291893 211 /dev/ttyUSB2 0
1344291905 205 /dev/ttyUSB2 0
1344291911 201 /dev/ttyUSB2 0
1344291917 202 /dev/ttyUSB2 0
1344291923 210 /dev/ttyUSB2 0
1344291930 206 /dev/ttyUSB2 0
1344291936 202 /dev/ttyUSB2 0
1344291942 207 /dev/ttyUSB2 0
1344291948 202 /dev/ttyUSB2 0
1344291954 198 /dev/ttyUSB2 0
1344291967 196 /dev/ttyUSB2 0
1344291973 202 /dev/ttyUSB2 0
1344291979 201 /dev/ttyUSB2 0
1344291985 200 /dev/ttyUSB2 0
1344291991 199 /dev/ttyUSB2 0
1344292010 200 /dev/ttyUSB2 0
1344292016 201 /dev/ttyUSB2 0
1344292023 201 /dev/ttyUSB2 0
1344292029 201 /dev/ttyUSB2 0
1344292041 202 /dev/ttyUSB2 0
1344292060 205 /dev/ttyUSB2 0
1344292072 201 /dev/ttyUSB2 0
1344292078 202 /dev/ttyUSB2 0
1344292084 200 /dev/ttyUSB2 0
1344292091 205 /dev/ttyUSB2 0
1344292097 202 /dev/ttyUSB2 0
1344292103 200 /dev/ttyUSB2 0
1344292115 208 /dev/ttyUSB2 0
1344292122 201 /dev/ttyUSB2 0
1344292128 206 /dev/ttyUSB2 0
1344292134 202 /dev/ttyUSB2 0
1344292146 200 /dev/ttyUSB2 0
1344292153 199 /dev/ttyUSB2 0
1344292159 201 /dev/ttyUSB2 0
1344292165 206 /dev/ttyUSB2 0
1344292171 201 /dev/ttyUSB2 0
1344292177 200 /dev/ttyUSB2 0
1344292183 201 /dev/ttyUSB2 0
1344292189 202 /dev/ttyUSB2 0
1344292196 199 /dev/ttyUSB2 0
1344292202 200 /dev/ttyUSB2 0
1344292220 200 /dev/ttyUSB2 0
1344292227 200 /dev/ttyUSB2 0
1344292233 198 /dev/ttyUSB2 0
1344292239 200 /dev/ttyUSB2 0
1344292245 200 /dev/ttyUSB2 0
1344292252 202 /dev/ttyUSB2 0
1344292258 200 /dev/ttyUSB2 0
1344292264 199 /dev/ttyUSB2 0
1344292270 198 /dev/ttyUSB2 0
1344292276 197 /dev/ttyUSB2 0
1344292282 200 /dev/ttyUSB2 0
1344292289 200 /dev/ttyUSB2 0
1344292295 205 /dev/ttyUSB2 0
1344292313 200 /dev/ttyUSB2 0
1344292320 202 /dev/ttyUSB2 0
1344292326 204 /dev/ttyUSB2 0
1344292332 204 /dev/ttyUSB2 0
1344292338 202 /dev/ttyUSB2 0
1344292351 197 /dev/ttyUSB2 0
1344292357 204 /dev/ttyUSB2 0
1344292369 204 /dev/ttyUSB2 0
1344292375 200 /dev/ttyUSB2 0
1344292382 199 /dev/ttyUSB2 0
1344292388 204 /dev/ttyUSB2 0
1344292394 201 /dev/ttyUSB2 0
1344292400 202 /dev/ttyUSB2 0
1344292406 201 /dev/ttyUSB2 0
1344292413 201 /dev/ttyUSB2 0
1344292431 200 /dev/ttyUSB2 0
1344292437 206 /dev/ttyUSB2 0
1344292449 205 /dev/ttyUSB2 0
1344292456 201 /dev/ttyUSB2 0
1344292468 201 /dev/ttyUSB2 0
1344292474 200 /dev/ttyUSB2 0
1344292481 197 /dev/ttyUSB2 0
1344292487 198 /dev/ttyUSB2 0
1344292493 201 /dev/ttyUSB2 0
1344292499 197 /dev/ttyUSB2 0
1344292505 198 /dev/ttyUSB2 0
1344292512 198 /dev/ttyUSB2 0
1344292518 199 /dev/ttyUSB2 0
1344292524 200 /dev/ttyUSB2 0
1344292542 199 /dev/ttyUSB2 0
1344292548 196 /dev/ttyUSB2 0
1344292554 197 /dev/ttyUSB2 0
1344292561 197 /dev/ttyUSB2 0
1344292567 198 /dev/ttyUSB2 0
1344292585 198 /dev/ttyUSB2 0
1344292592 200 /dev/ttyUSB2 0
1344292598 201 /dev/ttyUSB2 0
1344292629 202 /dev/ttyUSB2 0
1344292635 202 /dev/ttyUSB2 0
1344292641 204 /dev/ttyUSB2 0
1344292647 199 /dev/ttyUSB2 0
1344292653 202 /dev/ttyUSB2 0
1344292666 205 /dev/ttyUSB2 0
1344292678 199 /dev/ttyUSB2 0
1344292684 200 /dev/ttyUSB2 0
1344292690 197 /dev/ttyUSB2 0
1344292696 197 /dev/ttyUSB2 0
1344292703 198 /dev/ttyUSB2 0
1344292709 199 /dev/ttyUSB2 0
1344292715 200 /dev/ttyUSB2 0
1344292721 202 /dev/ttyUSB2 0
1344292727 198 /dev/ttyUSB2 0
1344292758 200 /dev/ttyUSB2 0
1344292764 204 /dev/ttyUSB2 0
1344292771 200 /dev/ttyUSB2 0
1344292783 205 /dev/ttyUSB2 0
1344292789 197 /dev/ttyUSB2 0
1344292802 199 /dev/ttyUSB2 0
1344292827 200 /dev/ttyUSB2 0
1344292832 197 /dev/ttyUSB2 0
1344292839 201 /dev/ttyUSB2 0
1344292845 201 /dev/ttyUSB2 0
1344292851 201 /dev/ttyUSB2 0
1344292864 198 /dev/ttyUSB2 0
1344292870 200 /dev/ttyUSB2 0
1344292876 197 /dev/ttyUSB2 0
1344292882 201 /dev/ttyUSB2 0
1344292888 200 /dev/ttyUSB2 0
1344292895 200 /dev/ttyUSB2 0
1344292907 199 /dev/ttyUSB2 0
1344292913 198 /dev/ttyUSB2 0
1344292938 199 /dev/ttyUSB2 0
1344292950 196 /dev/ttyUSB2 0
1344292957 197 /dev/ttyUSB2 0
1344292975 200 /dev/ttyUSB2 0
1344292981 198 /dev/ttyUSB2 0
1344292988 199 /dev/ttyUSB2 0
1344292994 201 /dev/ttyUSB2 0
1344293000 197 /dev/ttyUSB2 0
1344293013 197 /dev/ttyUSB2 0
1344293019 199 /dev/ttyUSB2 0
1344293031 196 /dev/ttyUSB2 0
1344293037 194 /dev/ttyUSB2 0
1344293062 195 /dev/ttyUSB2 0
1344293068 198 /dev/ttyUSB2 0
1344293074 197 /dev/ttyUSB2 0
1344293080 196 /dev/ttyUSB2 0
1344293087 197 /dev/ttyUSB2 0
1344293093 197 /dev/ttyUSB2 0
1344293099 200 /dev/ttyUSB2 0
1344293105 200 /dev/ttyUSB2 0
1344293111 200 /dev/ttyUSB2 0
1344293136 201 /dev/ttyUSB2 0
1344293142 198 /dev/ttyUSB2 0
1344293148 197 /dev/ttyUSB2 0
1344293155 195 /dev/ttyUSB2 0
1344293161 201 /dev/ttyUSB2 0
1344293167 197 /dev/ttyUSB2 0
1344293179 148 /dev/ttyUSB2 0
1344293186 144 /dev/ttyUSB2 0
1344293192 144 /dev/ttyUSB2 0
1344293198 143 /dev/ttyUSB2 0
1344293210 142 /dev/ttyUSB2 0
1344293217 142 /dev/ttyUSB2 0
1344293223 145 /dev/ttyUSB2 0
1344293235 142 /dev/ttyUSB2 0
1344293242 145 /dev/ttyUSB2 0
1344293248 141 /dev/ttyUSB2 0
1344293260 146 /dev/ttyUSB2 0
1344293266 146 /dev/ttyUSB2 0
1344293272 144 /dev/ttyUSB2 0
1344293279 148 /dev/ttyUSB2 0
1344293285 146 /dev/ttyUSB2 0
1344293291 149 /dev/ttyUSB2 0
1344293297 145 /dev/ttyUSB2 0
1344293303 143 /dev/ttyUSB2 0
1344293315 143 /dev/ttyUSB2 0
1344293322 145 /dev/ttyUSB2 0
1344293334 147 /dev/ttyUSB2 0
1344293353 148 /dev/ttyUSB2 0
1344293371 145 /dev/ttyUSB2 0
1344293377 148 /dev/ttyUSB2 0
1344293390 154 /dev/ttyUSB2 0
1344293396 148 /dev/ttyUSB2 0
1344293408 143 /dev/ttyUSB2 0
1344293414 145 /dev/ttyUSB2 0
1344293421 146 /dev/ttyUSB2 0
1344293433 146 /dev/ttyUSB2 0
1344293445 144 /dev/ttyUSB2 0
1344293451 147 /dev/ttyUSB2 0
1344293457 146 /dev/ttyUSB2 0
1344293488 145 /dev/ttyUSB2 0
1344293495 145 /dev/ttyUSB2 0
1344293513 145 /dev/ttyUSB2 0
1344293525 150 /dev/ttyUSB2 0
1344293532 148 /dev/ttyUSB2 0
1344293538 146 /dev/ttyUSB2 0
1344293544 145 /dev/ttyUSB2 0
1344293557 144 /dev/ttyUSB2 0
1344293563 151 /dev/ttyUSB2 0
1344293569 147 /dev/ttyUSB2 0
1344293575 146 /dev/ttyUSB2 0
1344293581 145 /dev/ttyUSB2 0
1344293588 145 /dev/ttyUSB2 0
1344293606 145 /dev/ttyUSB2 0
1344293612 143 /dev/ttyUSB2 0
1344293619 143 /dev/ttyUSB2 0
1344293625 142 /dev/ttyUSB2 0
1344293637 145 /dev/ttyUSB2 0
1344293643 145 /dev/ttyUSB2 0
1344293650 145 /dev/ttyUSB2 0
1344293656 144 /dev/ttyUSB2 0
1344293674 143 /dev/ttyUSB2 0
1344293681 145 /dev/ttyUSB2 0
1344293687 145 /dev/ttyUSB2 0
1344293693 145 /dev/ttyUSB2 0
1344293699 149 /dev/ttyUSB2 0
1344293712 145 /dev/ttyUSB2 0
1344293718 145 /dev/ttyUSB2 0
1344293724 146 /dev/ttyUSB2 0
1344293730 148 /dev/ttyUSB2 0
1344293737 148 /dev/ttyUSB2 0
1344293749 146 /dev/ttyUSB2 0
1344293755 149 /dev/ttyUSB2 0
1344293761 148 /dev/ttyUSB2 0
1344293768 145 /dev/ttyUSB2 0
1344293774 141 /dev/ttyUSB2 0
1344293780 143 /dev/ttyUSB2 0
1344293786 145 /dev/ttyUSB2 0
1344293792 145 /dev/ttyUSB2 0
1344293799 146 /dev/ttyUSB2 0
1344293805 144 /dev/ttyUSB2 0
1344293817 144 /dev/ttyUSB2 0
1344293823 145 /dev/ttyUSB2 0
1344293830 144 /dev/ttyUSB2 0
1344293836 146 /dev/ttyUSB2 0
1344293842 142 /dev/ttyUSB2 0
1344293848 148 /dev/ttyUSB2 0
1344293854 143 /dev/ttyUSB2 0
1344293860 145 /dev/ttyUSB2 0
1344293873 145 /dev/ttyUSB2 0
1344293879 144 /dev/ttyUSB2 0
1344293885 147 /dev/ttyUSB2 0
1344293891 145 /dev/ttyUSB2 0
1344293898 146 /dev/ttyUSB2 0
1344293910 145 /dev/ttyUSB2 0
1344293928 145 /dev/ttyUSB2 0
1344293940 143 /dev/ttyUSB2 0
1344293959 145 /dev/ttyUSB2 0
1344293971 148 /dev/ttyUSB2 0
1344293990 145 /dev/ttyUSB2 0
1344293996 146 /dev/ttyUSB2 0
1344294002 147 /dev/ttyUSB2 0
1344294009 145 /dev/ttyUSB2 0
1344294015 144 /dev/ttyUSB2 0
1344294027 144 /dev/ttyUSB2 0
1344294033 141 /dev/ttyUSB2 0
1344294046 144 /dev/ttyUSB2 0
1344294064 145 /dev/ttyUSB2 0
1344294070 145 /dev/ttyUSB2 0
1344294077 146 /dev/ttyUSB2 0
1344294083 147 /dev/ttyUSB2 0
1344294089 147 /dev/ttyUSB2 0
1344294095 144 /dev/ttyUSB2 0
1344294101 145 /dev/ttyUSB2 0
1344294108 143 /dev/ttyUSB2 0
1344294114 148 /dev/ttyUSB2 0
1344294120 146 /dev/ttyUSB2 0
1344294126 146 /dev/ttyUSB2 0
1344294132 143 /dev/ttyUSB2 0
1344294139 142 /dev/ttyUSB2 0
1344294145 142 /dev/ttyUSB2 0
1344294151 145 /dev/ttyUSB2 0
1344294157 144 /dev/ttyUSB2 0
1344294170 145 /dev/ttyUSB2 0
1344294182 145 /dev/ttyUSB2 0
1344294188 143 /dev/ttyUSB2 0
1344294201 145 /dev/ttyUSB2 0
1344294207 148 /dev/ttyUSB2 0
1344294226 148 /dev/ttyUSB2 0
1344294232 145 /dev/ttyUSB2 0
1344294238 145 /dev/ttyUSB2 0
1344294244 145 /dev/ttyUSB2 0
1344294256 142 /dev/ttyUSB2 0
1344294263 142 /dev/ttyUSB2 0
1344294269 144 /dev/ttyUSB2 0
1344294275 141 /dev/ttyUSB2 0
1344294281 143 /dev/ttyUSB2 0
1344294287 144 /dev/ttyUSB2 0
1344294293 145 /dev/ttyUSB2 0
1344294300 142 /dev/ttyUSB2 0
1344294306 141 /dev/ttyUSB2 0
1344294312 143 /dev/ttyUSB2 0
1344294318 143 /dev/ttyUSB2 0
1344294324 142 /dev/ttyUSB2 0
1344294337 141 /dev/ttyUSB2 0
1344294343 143 /dev/ttyUSB2 0
1344294355 143 /dev/ttyUSB2 0
1344294380 142 /dev/ttyUSB2 0
1344294386 144 /dev/ttyUSB2 0
1344294399 145 /dev/ttyUSB2 0
1344294405 147 /dev/ttyUSB2 0
1344294411 145 /dev/ttyUSB2 0
1344294417 149 /dev/ttyUSB2 0
1344294429 149 /dev/ttyUSB2 0
1344294436 146 /dev/ttyUSB2 0
1344294442 148 /dev/ttyUSB2 0
1344294454 145 /dev/ttyUSB2 0
1344294467 141 /dev/ttyUSB2 0
1344294473 142 /dev/ttyUSB2 0
1344294479 145 /dev/ttyUSB2 0
1344294485 144 /dev/ttyUSB2 0
1344294491 143 /dev/ttyUSB2 0
1344294510 141 /dev/ttyUSB2 0
1344294516 142 /dev/ttyUSB2 0
1344294529 145 /dev/ttyUSB2 0
1344294535 144 /dev/ttyUSB2 0
1344294547 146 /dev/ttyUSB2 0
1344294553 147 /dev/ttyUSB2 0
1344294566 144 /dev/ttyUSB2 0
1344294578 145 /dev/ttyUSB2 0
1344294585 147 /dev/ttyUSB2 0
1344294591 146 /dev/ttyUSB2 0
1344294603 148 /dev/ttyUSB2 0
1344294621 146 /dev/ttyUSB2 0
1344294627 145 /dev/ttyUSB2 0
1344294639 145 /dev/ttyUSB2 0
1344294652 149 /dev/ttyUSB2 0
1344294658 149 /dev/ttyUSB2 0
1344294671 146 /dev/ttyUSB2 0
1344294677 147 /dev/ttyUSB2 0
1344294683 148 /dev/ttyUSB2 0
1344294689 146 /dev/ttyUSB2 0
1344294695 146 /dev/ttyUSB2 0
1344294701 146 /dev/ttyUSB2 0
1344294725 148 /dev/ttyUSB2 0
1344294738 145 /dev/ttyUSB2 0
1344294750 144 /dev/ttyUSB2 0
1344294756 145 /dev/ttyUSB2 0
1344294762 144 /dev/ttyUSB2 0
1344294769 145 /dev/ttyUSB2 0
1344294775 145 /dev/ttyUSB2 0
1344294781 145 /dev/ttyUSB2 0
1344294787 145 /dev/ttyUSB2 0
1344294794 148 /dev/ttyUSB2 0
1344294800 147 /dev/ttyUSB2 0
1344294806 148 /dev/ttyUSB2 0
1344294812 146 /dev/ttyUSB2 0
1344294818 145 /dev/ttyUSB2 0
1344294831 146 /dev/ttyUSB2 0
1344294837 144 /dev/ttyUSB2 0
1344294843 143 /dev/ttyUSB2 0
1344294855 144 /dev/ttyUSB2 0
1344294862 143 /dev/ttyUSB2 0
1344294868 143 /dev/ttyUSB2 0
1344294874 142 /dev/ttyUSB2 0
1344294886 145 /dev/ttyUSB2 0
1344294899 145 /dev/ttyUSB2 0
1344294917 145 /dev/ttyUSB2 0
1344294923 150 /dev/ttyUSB2 0
1344294954 146 /dev/ttyUSB2 0
1344294960 144 /dev/ttyUSB2 0
1344294985 146 /dev/ttyUSB2 0
1344294991 146 /dev/ttyUSB2 0
1344294997 145 /dev/ttyUSB2 0
1344295003 147 /dev/ttyUSB2 0
1344295010 147 /dev/ttyUSB2 0
1344295016 144 /dev/ttyUSB2 0
1344295022 144 /dev/ttyUSB2 0
1344295028 145 /dev/ttyUSB2 0
1344295034 145 /dev/ttyUSB2 0
1344295041 145 /dev/ttyUSB2 0
1344295047 143 /dev/ttyUSB2 0
1344295059 142 /dev/ttyUSB2 0
1344295066 144 /dev/ttyUSB2 0
1344295072 145 /dev/ttyUSB2 0
1344295078 144 /dev/ttyUSB2 0
1344295084 145 /dev/ttyUSB2 0
1344295103 143 /dev/ttyUSB2 0
1344295109 145 /dev/ttyUSB2 0
1344295115 145 /dev/ttyUSB2 0
1344295121 145 /dev/ttyUSB2 0
1344295127 145 /dev/ttyUSB2 0
1344295133 143 /dev/ttyUSB2 0
1344295140 143 /dev/ttyUSB2 0
1344295146 145 /dev/ttyUSB2 0
1344295152 143 /dev/ttyUSB2 0
1344295164 145 /dev/ttyUSB2 0
1344295170 143 /dev/ttyUSB2 0
1344295189 145 /dev/ttyUSB2 0
1344295195 143 /dev/ttyUSB2 0
1344295201 149 /dev/ttyUSB2 0
1344295207 146 /dev/ttyUSB2 0
1344295220 148 /dev/ttyUSB2 0
1344295226 146 /dev/ttyUSB2 0
1344295232 145 /dev/ttyUSB2 0
1344295238 145 /dev/ttyUSB2 0
1344295244 144 /dev/ttyUSB2 0
1344295251 147 /dev/ttyUSB2 0
1344295257 144 /dev/ttyUSB2 0
1344295263 144 /dev/ttyUSB2 0
1344295275 147 /dev/ttyUSB2 0
1344295282 147 /dev/ttyUSB2 0
1344295288 148 /dev/ttyUSB2 0
1344295294 149 /dev/ttyUSB2 0
1344295312 144 /dev/ttyUSB2 0
1344295318 148 /dev/ttyUSB2 0
1344295325 145 /dev/ttyUSB2 0
1344295331 145 /dev/ttyUSB2 0
1344295343 145 /dev/ttyUSB2 0
1344295356 146 /dev/ttyUSB2 0
1344295368 148 /dev/ttyUSB2 0
1344295380 149 /dev/ttyUSB2 0
1344295399 144 /dev/ttyUSB2 0
1344295405 144 /dev/ttyUSB2 0
1344295417 144 /dev/ttyUSB2 0
1344295424 145 /dev/ttyUSB2 0
1344295435 147 /dev/ttyUSB2 0
1344295442 146 /dev/ttyUSB2 0
1344295454 145 /dev/ttyUSB2 0
1344295460 145 /dev/ttyUSB2 0
1344295467 150 /dev/ttyUSB2 0
1344295473 150 /dev/ttyUSB2 0
1344295491 143 /dev/ttyUSB2 0
1344295504 146 /dev/ttyUSB2 0
1344295510 145 /dev/ttyUSB2 0
1344295516 145 /dev/ttyUSB2 0
1344295522 145 /dev/ttyUSB2 0
1344295528 144 /dev/ttyUSB2 0
1344295535 143 /dev/ttyUSB2 0
1344295547 140 /dev/ttyUSB2 0
1344295553 143 /dev/ttyUSB2 0
1344295566 145 /dev/ttyUSB2 0
1344295572 145 /dev/ttyUSB2 0
1344295596 143 /dev/ttyUSB2 0
1344295602 143 /dev/ttyUSB2 0
1344295615 145 /dev/ttyUSB2 0
1344295621 143 /dev/ttyUSB2 0
1344295627 145 /dev/ttyUSB2 0
1344295633 144 /dev/ttyUSB2 0
1344295640 142 /dev/ttyUSB2 0
1344295646 170 /dev/ttyUSB2 0
1344295652 204 /dev/ttyUSB2 0
1344295659 204 /dev/ttyUSB2 0
1344295671 204 /dev/ttyUSB2 0
1344295677 200 /dev/ttyUSB2 0
1344295689 201 /dev/ttyUSB2 0
1344295695 197 /dev/ttyUSB2 0
1344295701 198 /dev/ttyUSB2 0
1344295708 196 /dev/ttyUSB2 0
1344295726 196 /dev/ttyUSB2 0
1344295739 194 /dev/ttyUSB2 0
1344295745 197 /dev/ttyUSB2 0
1344295751 198 /dev/ttyUSB2 0
1344295757 197 /dev/ttyUSB2 0
1344295764 199 /dev/ttyUSB2 0
1344295770 198 /dev/ttyUSB2 0
1344295776 197 /dev/ttyUSB2 0
1344295782 198 /dev/ttyUSB2 0
1344295807 196 /dev/ttyUSB2 0
1344295819 197 /dev/ttyUSB2 0
1344295825 198 /dev/ttyUSB2 0
1344295832 197 /dev/ttyUSB2 0
1344295838 194 /dev/ttyUSB2 0
1344295844 194 /dev/ttyUSB2 0
1344295850 196 /dev/ttyUSB2 0
1344295863 197 /dev/ttyUSB2 0
1344295881 194 /dev/ttyUSB2 0
1344295887 194 /dev/ttyUSB2 0
1344295894 193 /dev/ttyUSB2 0
1344295900 194 /dev/ttyUSB2 0
1344295906 191 /dev/ttyUSB2 0
1344295912 198 /dev/ttyUSB2 0
1344295919 194 /dev/ttyUSB2 0
1344295925 194 /dev/ttyUSB2 0
1344295931 194 /dev/ttyUSB2 0
1344295937 193 /dev/ttyUSB2 0
1344295943 191 /dev/ttyUSB2 0
1344295949 189 /dev/ttyUSB2 0
1344295962 191 /dev/ttyUSB2 0
1344295968 194 /dev/ttyUSB2 0
1344295974 193 /dev/ttyUSB2 0
1344295986 191 /dev/ttyUSB2 0
1344295993 187 /dev/ttyUSB2 0
1344296005 193 /dev/ttyUSB2 0
1344296017 193 /dev/ttyUSB2 0
1344296023 193 /dev/ttyUSB2 0
1344296029 191 /dev/ttyUSB2 0
1344296035 193 /dev/ttyUSB2 0
1344296048 191 /dev/ttyUSB2 0
1344296066 189 /dev/ttyUSB2 0
1344296072 194 /dev/ttyUSB2 0
1344296079 196 /dev/ttyUSB2 0
1344296091 196 /dev/ttyUSB2 0
1344296097 193 /dev/ttyUSB2 0
1344296103 194 /dev/ttyUSB2 0
1344296109 191 /dev/ttyUSB2 0
1344296116 197 /dev/ttyUSB2 0
1344296122 194 /dev/ttyUSB2 0
1344296134 194 /dev/ttyUSB2 0
1344296140 197 /dev/ttyUSB2 0
1344296153 196 /dev/ttyUSB2 0
1344296159 196 /dev/ttyUSB2 0
1344296171 190 /dev/ttyUSB2 0
1344296190 191 /dev/ttyUSB2 0
1344296196 188 /dev/ttyUSB2 0
1344296202 195 /dev/ttyUSB2 0
1344296208 191 /dev/ttyUSB2 0
1344296214 193 /dev/ttyUSB2 0
1344296221 191 /dev/ttyUSB2 0
1344296227 188 /dev/ttyUSB2 0
1344296233 188 /dev/ttyUSB2 0
1344296239 190 /dev/ttyUSB2 0
1344296252 189 /dev/ttyUSB2 0
1344296258 189 /dev/ttyUSB2 0
1344296277 146 /dev/ttyUSB2 0
1344296283 143 /dev/ttyUSB2 0
1344296295 146 /dev/ttyUSB2 0
1344296301 148 /dev/ttyUSB2 0
1344296308 148 /dev/ttyUSB2 0
1344296314 145 /dev/ttyUSB2 0
1344296320 146 /dev/ttyUSB2 0
1344296326 145 /dev/ttyUSB2 0
1344296332 145 /dev/ttyUSB2 0
1344296338 144 /dev/ttyUSB2 0
1344296351 145 /dev/ttyUSB2 0
1344296363 145 /dev/ttyUSB2 0
1344296369 143 /dev/ttyUSB2 0
1344296376 143 /dev/ttyUSB2 0
1344296382 146 /dev/ttyUSB2 0
1344296388 147 /dev/ttyUSB2 0
1344296394 144 /dev/ttyUSB2 0
1344296407 146 /dev/ttyUSB2 0
1344296413 146 /dev/ttyUSB2 0
1344296419 144 /dev/ttyUSB2 0
1344296431 147 /dev/ttyUSB2 0
1344296444 143 /dev/ttyUSB2 0
1344296450 145 /dev/ttyUSB2 0
1344296456 142 /dev/ttyUSB2 0
1344296462 143 /dev/ttyUSB2 0
1344296469 145 /dev/ttyUSB2 0
1344296475 143 /dev/ttyUSB2 0
1344296487 143 /dev/ttyUSB2 0
1344296493 148 /dev/ttyUSB2 0
1344296500 147 /dev/ttyUSB2 0
1344296506 144 /dev/ttyUSB2 0
1344296512 145 /dev/ttyUSB2 0
1344296518 143 /dev/ttyUSB2 0
1344296524 145 /dev/ttyUSB2 0
1344296530 147 /dev/ttyUSB2 0
1344296536 146 /dev/ttyUSB2 0
1344296543 145 /dev/ttyUSB2 0
1344296549 146 /dev/ttyUSB2 0
1344296555 142 /dev/ttyUSB2 0
1344296561 141 /dev/ttyUSB2 0
1344296573 144 /dev/ttyUSB2 0
1344296579 142 /dev/ttyUSB2 0
1344296586 144 /dev/ttyUSB2 0
1344296592 143 /dev/ttyUSB2 0
1344296598 141 /dev/ttyUSB2 0
1344296604 145 /dev/ttyUSB2 0
1344296616 140 /dev/ttyUSB2 0
1344296622 142 /dev/ttyUSB2 0
1344296629 145 /dev/ttyUSB2 0
1344296635 143 /dev/ttyUSB2 0
1344296641 143 /dev/ttyUSB2 0
1344296647 144 /dev/ttyUSB2 0
1344296653 145 /dev/ttyUSB2 0
1344296659 146 /dev/ttyUSB2 0
1344296665 146 /dev/ttyUSB2 0
1344296672 146 /dev/ttyUSB2 0
1344296678 147 /dev/ttyUSB2 0
1344296690 143 /dev/ttyUSB2 0
1344296696 141 /dev/ttyUSB2 0
1344296703 143 /dev/ttyUSB2 0
1344296709 143 /dev/ttyUSB2 0
1344296715 142 /dev/ttyUSB2 0
1344296721 147 /dev/ttyUSB2 0
1344296727 148 /dev/ttyUSB2 0
1344296752 140 /dev/ttyUSB2 0
1344296758 143 /dev/ttyUSB2 0
1344296764 145 /dev/ttyUSB2 0
1344296771 144 /dev/ttyUSB2 0
1344296783 145 /dev/ttyUSB2 0
1344296789 145 /dev/ttyUSB2 0
1344296796 147 /dev/ttyUSB2 0
1344296802 145 /dev/ttyUSB2 0
1344296820 145 /dev/ttyUSB2 0
1344296851 145 /dev/ttyUSB2 0
1344296864 146 /dev/ttyUSB2 0
1344296870 145 /dev/ttyUSB2 0
1344296888 145 /dev/ttyUSB2 0
1344296894 147 /dev/ttyUSB2 0
1344296901 143 /dev/ttyUSB2 0
1344296907 145 /dev/ttyUSB2 0
1344296913 143 /dev/ttyUSB2 0
1344296919 143 /dev/ttyUSB2 0
1344296931 143 /dev/ttyUSB2 0
1344296937 144 /dev/ttyUSB2 0
1344296956 143 /dev/ttyUSB2 0
1344296962 146 /dev/ttyUSB2 0
1344296968 143 /dev/ttyUSB2 0
1344296993 143 /dev/ttyUSB2 0
1344297011 146 /dev/ttyUSB2 0
1344297017 145 /dev/ttyUSB2 0
1344297042 146 /dev/ttyUSB2 0
1344297048 145 /dev/ttyUSB2 0
1344297061 143 /dev/ttyUSB2 0
1344297067 142 /dev/ttyUSB2 0
1344297073 145 /dev/ttyUSB2 0
1344297079 146 /dev/ttyUSB2 0
1344297086 144 /dev/ttyUSB2 0
1344297092 141 /dev/ttyUSB2 0
1344297098 143 /dev/ttyUSB2 0
1344297104 145 /dev/ttyUSB2 0
1344297110 150 /dev/ttyUSB2 0
