1344356456 0 /dev/ttyUSB0 9
1344356462 0 /dev/ttyUSB0 9
1344356469 0 /dev/ttyUSB0 9
1344356475 12 /dev/ttyUSB0 9
1344356481 0 /dev/ttyUSB0 9
1344356487 0 /dev/ttyUSB0 9
1344356529 0 /dev/ttyUSB0 9
1344356535 0 /dev/ttyUSB0 9
1344356541 0 /dev/ttyUSB0 9
1344356547 0 /dev/ttyUSB0 9
1344356571 0 /dev/ttyUSB0 9
1344356584 0 /dev/ttyUSB0 9
1344356590 0 /dev/ttyUSB0 9
1344356596 0 /dev/ttyUSB0 9
1344356602 0 /dev/ttyUSB0 9
1344356608 0 /dev/ttyUSB0 9
1344356614 0 /dev/ttyUSB0 9
1344356626 0 /dev/ttyUSB0 9
1344356632 12 /dev/ttyUSB0 9
1344356638 0 /dev/ttyUSB0 9
1344356644 0 /dev/ttyUSB0 9
1344356650 0 /dev/ttyUSB0 9
1344356656 0 /dev/ttyUSB0 9
1344356663 0 /dev/ttyUSB0 9
1344356669 0 /dev/ttyUSB0 9
1344356675 0 /dev/ttyUSB0 9
1344356681 0 /dev/ttyUSB0 9
1344356687 0 /dev/ttyUSB0 9
1344356693 0 /dev/ttyUSB0 9
1344356705 0 /dev/ttyUSB0 9
1344356711 0 /dev/ttyUSB0 9
1344356717 0 /dev/ttyUSB0 9
1344356723 0 /dev/ttyUSB0 9
1344356729 12 /dev/ttyUSB0 9
1344356735 0 /dev/ttyUSB0 9
1344356742 0 /dev/ttyUSB0 9
1344356748 12 /dev/ttyUSB0 9
1344356754 0 /dev/ttyUSB0 9
1344356760 0 /dev/ttyUSB0 9
1344356766 0 /dev/ttyUSB0 9
1344356772 0 /dev/ttyUSB0 9
1344356778 0 /dev/ttyUSB0 9
1344356784 0 /dev/ttyUSB0 9
1344356790 0 /dev/ttyUSB0 9
1344356796 0 /dev/ttyUSB0 9
1344356802 12 /dev/ttyUSB0 9
1344356808 0 /dev/ttyUSB0 9
1344356814 12 /dev/ttyUSB0 9
1344356827 0 /dev/ttyUSB0 9
1344356833 0 /dev/ttyUSB0 9
1344356839 0 /dev/ttyUSB0 9
1344356845 0 /dev/ttyUSB0 9
1344356851 0 /dev/ttyUSB0 9
1344356857 0 /dev/ttyUSB0 9
1344356863 0 /dev/ttyUSB0 9
1344356869 0 /dev/ttyUSB0 9
1344356875 0 /dev/ttyUSB0 9
1344356881 0 /dev/ttyUSB0 9
1344356887 0 /dev/ttyUSB0 9
1344356905 0 /dev/ttyUSB0 9
1344356911 0 /dev/ttyUSB0 9
1344356917 0 /dev/ttyUSB0 9
1344356924 0 /dev/ttyUSB0 9
1344356930 0 /dev/ttyUSB0 9
1344356936 0 /dev/ttyUSB0 9
1344356942 0 /dev/ttyUSB0 9
1344356948 0 /dev/ttyUSB0 9
1344356966 0 /dev/ttyUSB0 9
1344356972 0 /dev/ttyUSB0 9
1344356978 0 /dev/ttyUSB0 9
1344356984 0 /dev/ttyUSB0 9
1344357009 0 /dev/ttyUSB0 9
1344357015 0 /dev/ttyUSB0 9
1344357021 0 /dev/ttyUSB0 9
1344357027 0 /dev/ttyUSB0 9
1344357033 0 /dev/ttyUSB0 9
1344357039 0 /dev/ttyUSB0 9
1344357051 0 /dev/ttyUSB0 9
1344357057 0 /dev/ttyUSB0 9
1344357063 0 /dev/ttyUSB0 9
1344357069 12 /dev/ttyUSB0 9
1344357075 0 /dev/ttyUSB0 9
1344357081 0 /dev/ttyUSB0 9
1344357087 0 /dev/ttyUSB0 9
1344357093 0 /dev/ttyUSB0 9
1344357105 0 /dev/ttyUSB0 9
1344357111 0 /dev/ttyUSB0 9
1344357117 0 /dev/ttyUSB0 9
1344357123 0 /dev/ttyUSB0 9
1344357129 0 /dev/ttyUSB0 9
1344357135 0 /dev/ttyUSB0 9
1344357141 0 /dev/ttyUSB0 9
1344357148 0 /dev/ttyUSB0 9
1344357154 0 /dev/ttyUSB0 9
1344357160 0 /dev/ttyUSB0 9
1344357166 0 /dev/ttyUSB0 9
1344357172 0 /dev/ttyUSB0 9
1344357184 18 /dev/ttyUSB0 9
1344357190 17 /dev/ttyUSB0 9
1344357196 93 /dev/ttyUSB0 9
1344357202 56 /dev/ttyUSB0 9
1344357208 54 /dev/ttyUSB0 9
1344357214 54 /dev/ttyUSB0 9
1344357227 54 /dev/ttyUSB0 9
1344357233 48 /dev/ttyUSB0 9
1344357239 47 /dev/ttyUSB0 9
1344357245 47 /dev/ttyUSB0 9
1344357251 47 /dev/ttyUSB0 9
1344357257 48 /dev/ttyUSB0 9
1344357263 48 /dev/ttyUSB0 9
1344357269 47 /dev/ttyUSB0 9
1344357275 47 /dev/ttyUSB0 9
1344357281 48 /dev/ttyUSB0 9
1344357287 47 /dev/ttyUSB0 9
1344357293 47 /dev/ttyUSB0 9
1344357299 48 /dev/ttyUSB0 9
1344357305 48 /dev/ttyUSB0 9
1344357312 48 /dev/ttyUSB0 9
1344357318 48 /dev/ttyUSB0 9
1344357324 47 /dev/ttyUSB0 9
1344357330 48 /dev/ttyUSB0 9
1344357336 48 /dev/ttyUSB0 9
1344357348 48 /dev/ttyUSB0 9
1344357354 48 /dev/ttyUSB0 9
1344357360 48 /dev/ttyUSB0 9
1344357366 48 /dev/ttyUSB0 9
1344357372 48 /dev/ttyUSB0 9
1344357378 48 /dev/ttyUSB0 9
1344357397 0 /dev/ttyUSB0 9
1344357408 12 /dev/ttyUSB0 9
1344357414 0 /dev/ttyUSB0 9
1344357420 0 /dev/ttyUSB0 9
1344357426 0 /dev/ttyUSB0 9
1344357432 0 /dev/ttyUSB0 9
1344357444 0 /dev/ttyUSB0 9
1344357451 0 /dev/ttyUSB0 9
1344357462 0 /dev/ttyUSB0 9
1344357468 0 /dev/ttyUSB0 9
1344357474 0 /dev/ttyUSB0 9
1344357480 0 /dev/ttyUSB0 9
1344357486 12 /dev/ttyUSB0 9
1344357492 0 /dev/ttyUSB0 9
1344357498 0 /dev/ttyUSB0 9
1344357516 0 /dev/ttyUSB0 9
1344357529 0 /dev/ttyUSB0 9
1344357535 0 /dev/ttyUSB0 9
1344357541 0 /dev/ttyUSB0 9
1344357553 12 /dev/ttyUSB0 9
1344357559 12 /dev/ttyUSB0 9
1344357565 0 /dev/ttyUSB0 9
1344357571 0 /dev/ttyUSB0 9
1344357583 0 /dev/ttyUSB0 9
1344357589 0 /dev/ttyUSB0 9
1344357595 0 /dev/ttyUSB0 9
1344357601 0 /dev/ttyUSB0 9
1344357613 12 /dev/ttyUSB0 9
1344357619 0 /dev/ttyUSB0 9
1344357625 0 /dev/ttyUSB0 9
1344357631 0 /dev/ttyUSB0 9
1344357637 0 /dev/ttyUSB0 9
1344357643 0 /dev/ttyUSB0 9
1344357649 0 /dev/ttyUSB0 9
1344357655 12 /dev/ttyUSB0 9
1344357661 0 /dev/ttyUSB0 9
1344357667 0 /dev/ttyUSB0 9
1344357673 0 /dev/ttyUSB0 9
1344357679 0 /dev/ttyUSB0 9
1344357685 0 /dev/ttyUSB0 9
1344357691 0 /dev/ttyUSB0 9
1344357697 0 /dev/ttyUSB0 9
1344357703 0 /dev/ttyUSB0 9
1344357715 0 /dev/ttyUSB0 9
1344357722 0 /dev/ttyUSB0 9
1344357728 0 /dev/ttyUSB0 9
1344357734 0 /dev/ttyUSB0 9
1344357740 0 /dev/ttyUSB0 9
1344357746 0 /dev/ttyUSB0 9
1344357752 0 /dev/ttyUSB0 9
1344357757 0 /dev/ttyUSB0 9
1344357763 0 /dev/ttyUSB0 9
1344357769 0 /dev/ttyUSB0 9
1344357775 0 /dev/ttyUSB0 9
1344357781 0 /dev/ttyUSB0 9
1344357787 0 /dev/ttyUSB0 9
1344357793 0 /dev/ttyUSB0 9
1344357799 0 /dev/ttyUSB0 9
1344357805 0 /dev/ttyUSB0 9
1344357829 0 /dev/ttyUSB0 9
1344357841 0 /dev/ttyUSB0 9
1344357847 0 /dev/ttyUSB0 9
1344357853 0 /dev/ttyUSB0 9
1344357859 0 /dev/ttyUSB0 9
1344357865 0 /dev/ttyUSB0 9
1344357883 0 /dev/ttyUSB0 9
1344357889 0 /dev/ttyUSB0 9
1344357901 0 /dev/ttyUSB0 9
1344357907 0 /dev/ttyUSB0 9
1344357919 0 /dev/ttyUSB0 9
1344357931 0 /dev/ttyUSB0 9
1344357936 0 /dev/ttyUSB0 9
1344357943 0 /dev/ttyUSB0 9
1344357948 0 /dev/ttyUSB0 9
1344357954 0 /dev/ttyUSB0 9
1344357960 0 /dev/ttyUSB0 9
1344357966 0 /dev/ttyUSB0 9
1344357972 0 /dev/ttyUSB0 9
1344357978 0 /dev/ttyUSB0 9
1344357984 0 /dev/ttyUSB0 9
1344357990 0 /dev/ttyUSB0 9
1344358002 0 /dev/ttyUSB0 9
1344358008 0 /dev/ttyUSB0 9
1344358014 0 /dev/ttyUSB0 9
1344358020 0 /dev/ttyUSB0 9
1344358026 0 /dev/ttyUSB0 9
1344358032 0 /dev/ttyUSB0 9
1344358044 0 /dev/ttyUSB0 9
1344358050 0 /dev/ttyUSB0 9
1344358062 0 /dev/ttyUSB0 9
1344358068 0 /dev/ttyUSB0 9
1344358074 0 /dev/ttyUSB0 9
1344358080 0 /dev/ttyUSB0 9
1344358086 0 /dev/ttyUSB0 9
1344358092 0 /dev/ttyUSB0 9
1344358098 0 /dev/ttyUSB0 9
1344358103 0 /dev/ttyUSB0 9
1344358110 0 /dev/ttyUSB0 9
1344358115 0 /dev/ttyUSB0 9
1344358127 0 /dev/ttyUSB0 9
1344358133 0 /dev/ttyUSB0 9
1344358139 0 /dev/ttyUSB0 9
1344358145 0 /dev/ttyUSB0 9
1344358170 0 /dev/ttyUSB0 9
1344358176 0 /dev/ttyUSB0 9
1344358182 0 /dev/ttyUSB0 9
1344358188 0 /dev/ttyUSB0 9
1344358194 0 /dev/ttyUSB0 9
1344358212 0 /dev/ttyUSB0 9
1344358218 0 /dev/ttyUSB0 9
1344358224 0 /dev/ttyUSB0 9
1344358230 0 /dev/ttyUSB0 9
1344358236 0 /dev/ttyUSB0 9
1344358254 0 /dev/ttyUSB0 9
1344358260 0 /dev/ttyUSB0 9
1344358266 0 /dev/ttyUSB0 9
1344358272 0 /dev/ttyUSB0 9
1344358278 0 /dev/ttyUSB0 9
1344358284 0 /dev/ttyUSB0 9
1344358289 0 /dev/ttyUSB0 9
1344358295 0 /dev/ttyUSB0 9
1344358302 0 /dev/ttyUSB0 9
1344358308 0 /dev/ttyUSB0 9
1344358320 0 /dev/ttyUSB0 9
1344358326 0 /dev/ttyUSB0 9
1344358331 0 /dev/ttyUSB0 9
1344358337 0 /dev/ttyUSB0 9
1344358344 0 /dev/ttyUSB0 9
1344358350 0 /dev/ttyUSB0 9
1344358356 0 /dev/ttyUSB0 9
1344358361 0 /dev/ttyUSB0 9
1344358368 0 /dev/ttyUSB0 9
1344358374 0 /dev/ttyUSB0 9
1344358380 0 /dev/ttyUSB0 9
1344358386 0 /dev/ttyUSB0 9
1344358392 0 /dev/ttyUSB0 9
1344358398 0 /dev/ttyUSB0 9
1344358403 0 /dev/ttyUSB0 9
1344358410 0 /dev/ttyUSB0 9
1344358415 0 /dev/ttyUSB0 9
1344358421 0 /dev/ttyUSB0 9
1344358427 0 /dev/ttyUSB0 9
1344358433 0 /dev/ttyUSB0 9
1344358439 0 /dev/ttyUSB0 9
1344358457 0 /dev/ttyUSB0 9
1344358463 0 /dev/ttyUSB0 9
1344358475 0 /dev/ttyUSB0 9
1344358481 0 /dev/ttyUSB0 9
1344358493 0 /dev/ttyUSB0 9
1344358498 0 /dev/ttyUSB0 9
1344358504 0 /dev/ttyUSB0 9
1344358510 0 /dev/ttyUSB0 9
1344358516 0 /dev/ttyUSB0 9
1344358522 0 /dev/ttyUSB0 9
1344358528 0 /dev/ttyUSB0 9
1344358534 0 /dev/ttyUSB0 9
1344358540 0 /dev/ttyUSB0 9
1344358546 0 /dev/ttyUSB0 9
1344358552 0 /dev/ttyUSB0 9
1344358558 0 /dev/ttyUSB0 9
1344358563 0 /dev/ttyUSB0 9
1344358569 0 /dev/ttyUSB0 9
1344358575 0 /dev/ttyUSB0 9
1344358581 0 /dev/ttyUSB0 9
1344358593 0 /dev/ttyUSB0 9
1344358599 0 /dev/ttyUSB0 9
1344358605 0 /dev/ttyUSB0 9
1344358610 0 /dev/ttyUSB0 9
1344358616 0 /dev/ttyUSB0 9
1344358628 0 /dev/ttyUSB0 9
1344358634 0 /dev/ttyUSB0 9
1344358640 0 /dev/ttyUSB0 9
1344358646 0 /dev/ttyUSB0 9
1344358652 0 /dev/ttyUSB0 9
1344358658 0 /dev/ttyUSB0 9
1344358664 0 /dev/ttyUSB0 9
1344358670 0 /dev/ttyUSB0 9
1344358676 0 /dev/ttyUSB0 9
1344358682 0 /dev/ttyUSB0 9
1344358688 0 /dev/ttyUSB0 9
1344358694 0 /dev/ttyUSB0 9
1344358700 0 /dev/ttyUSB0 9
1344358706 0 /dev/ttyUSB0 9
1344358712 0 /dev/ttyUSB0 9
1344358718 0 /dev/ttyUSB0 9
1344358724 0 /dev/ttyUSB0 9
1344358730 0 /dev/ttyUSB0 9
1344358736 0 /dev/ttyUSB0 9
1344358742 0 /dev/ttyUSB0 9
1344358748 0 /dev/ttyUSB0 9
1344358754 0 /dev/ttyUSB0 9
1344358759 0 /dev/ttyUSB0 9
1344358765 0 /dev/ttyUSB0 9
1344358772 0 /dev/ttyUSB0 9
1344358777 0 /dev/ttyUSB0 9
1344358783 0 /dev/ttyUSB0 9
1344358795 0 /dev/ttyUSB0 9
1344358801 0 /dev/ttyUSB0 9
1344358807 0 /dev/ttyUSB0 9
1344358819 0 /dev/ttyUSB0 9
1344358831 0 /dev/ttyUSB0 9
1344358837 0 /dev/ttyUSB0 9
1344358843 0 /dev/ttyUSB0 9
1344358849 0 /dev/ttyUSB0 9
1344358855 0 /dev/ttyUSB0 9
1344358861 0 /dev/ttyUSB0 9
1344358872 0 /dev/ttyUSB0 9
1344358878 0 /dev/ttyUSB0 9
1344358884 0 /dev/ttyUSB0 9
1344358902 0 /dev/ttyUSB0 9
1344358914 0 /dev/ttyUSB0 9
1344358920 0 /dev/ttyUSB0 9
1344358926 0 /dev/ttyUSB0 9
1344358932 0 /dev/ttyUSB0 9
1344358938 0 /dev/ttyUSB0 9
1344358944 0 /dev/ttyUSB0 9
1344358950 0 /dev/ttyUSB0 9
1344358956 0 /dev/ttyUSB0 9
1344358961 0 /dev/ttyUSB0 9
1344358973 0 /dev/ttyUSB0 9
1344358979 0 /dev/ttyUSB0 9
1344358985 0 /dev/ttyUSB0 9
1344358991 0 /dev/ttyUSB0 9
1344358997 0 /dev/ttyUSB0 9
1344359003 0 /dev/ttyUSB0 9
1344359009 0 /dev/ttyUSB0 9
1344359015 0 /dev/ttyUSB0 9
1344359021 0 /dev/ttyUSB0 9
1344359026 0 /dev/ttyUSB0 9
1344359032 0 /dev/ttyUSB0 9
1344359044 0 /dev/ttyUSB0 9
1344359050 0 /dev/ttyUSB0 9
1344359056 0 /dev/ttyUSB0 9
1344359068 0 /dev/ttyUSB0 9
1344359074 0 /dev/ttyUSB0 9
1344359079 0 /dev/ttyUSB0 9
1344359086 0 /dev/ttyUSB0 9
1344359092 0 /dev/ttyUSB0 9
1344359098 0 /dev/ttyUSB0 9
1344359109 0 /dev/ttyUSB0 9
1344359115 0 /dev/ttyUSB0 9
1344359121 0 /dev/ttyUSB0 9
1344359133 0 /dev/ttyUSB0 9
1344359139 0 /dev/ttyUSB0 9
1344359151 0 /dev/ttyUSB0 9
1344359157 0 /dev/ttyUSB0 9
1344359163 0 /dev/ttyUSB0 9
1344359169 0 /dev/ttyUSB0 9
1344359175 0 /dev/ttyUSB0 9
1344359181 0 /dev/ttyUSB0 9
1344359187 0 /dev/ttyUSB0 9
1344359193 12 /dev/ttyUSB0 9
1344359198 0 /dev/ttyUSB0 9
1344359204 0 /dev/ttyUSB0 9
1344359210 0 /dev/ttyUSB0 9
1344359222 0 /dev/ttyUSB0 9
1344359228 0 /dev/ttyUSB0 9
1344359234 0 /dev/ttyUSB0 9
1344359240 0 /dev/ttyUSB0 9
1344359246 0 /dev/ttyUSB0 9
1344359258 0 /dev/ttyUSB0 9
1344359264 0 /dev/ttyUSB0 9
1344359270 12 /dev/ttyUSB0 9
1344359282 0 /dev/ttyUSB0 9
1344359288 0 /dev/ttyUSB0 9
1344359294 0 /dev/ttyUSB0 9
1344359300 0 /dev/ttyUSB0 9
1344359306 0 /dev/ttyUSB0 9
1344359312 12 /dev/ttyUSB0 9
1344359318 0 /dev/ttyUSB0 9
1344359330 0 /dev/ttyUSB0 9
1344359336 0 /dev/ttyUSB0 9
1344359342 0 /dev/ttyUSB0 9
1344359354 0 /dev/ttyUSB0 9
1344359360 0 /dev/ttyUSB0 9
1344359366 0 /dev/ttyUSB0 9
1344359372 0 /dev/ttyUSB0 9
1344359390 0 /dev/ttyUSB0 9
1344359396 0 /dev/ttyUSB0 9
1344359402 0 /dev/ttyUSB0 9
1344359408 0 /dev/ttyUSB0 9
1344359414 0 /dev/ttyUSB0 9
1344359420 0 /dev/ttyUSB0 9
1344359432 0 /dev/ttyUSB0 9
1344359438 0 /dev/ttyUSB0 9
1344359444 0 /dev/ttyUSB0 9
1344359449 0 /dev/ttyUSB0 9
1344359456 0 /dev/ttyUSB0 9
1344359462 0 /dev/ttyUSB0 9
1344359468 0 /dev/ttyUSB0 9
1344359474 0 /dev/ttyUSB0 9
1344359486 0 /dev/ttyUSB0 9
1344359492 0 /dev/ttyUSB0 9
1344359503 0 /dev/ttyUSB0 9
1344359509 0 /dev/ttyUSB0 9
1344359515 12 /dev/ttyUSB0 9
1344359527 0 /dev/ttyUSB0 9
1344359533 0 /dev/ttyUSB0 9
1344359539 0 /dev/ttyUSB0 9
1344359545 0 /dev/ttyUSB0 9
1344359551 0 /dev/ttyUSB0 9
1344359557 0 /dev/ttyUSB0 9
1344359563 0 /dev/ttyUSB0 9
1344359569 0 /dev/ttyUSB0 9
1344359575 0 /dev/ttyUSB0 9
1344359581 0 /dev/ttyUSB0 9
1344359588 0 /dev/ttyUSB0 9
1344359593 0 /dev/ttyUSB0 9
1344359599 0 /dev/ttyUSB0 9
1344359605 0 /dev/ttyUSB0 9
1344359611 0 /dev/ttyUSB0 9
1344359618 0 /dev/ttyUSB0 9
1344359624 0 /dev/ttyUSB0 9
1344359629 0 /dev/ttyUSB0 9
1344359635 0 /dev/ttyUSB0 9
1344359654 0 /dev/ttyUSB0 9
1344359660 0 /dev/ttyUSB0 9
1344359666 0 /dev/ttyUSB0 9
1344359678 0 /dev/ttyUSB0 9
1344359684 0 /dev/ttyUSB0 9
1344359690 0 /dev/ttyUSB0 9
1344359696 0 /dev/ttyUSB0 9
1344359702 0 /dev/ttyUSB0 9
1344359714 0 /dev/ttyUSB0 9
1344359720 0 /dev/ttyUSB0 9
1344359732 0 /dev/ttyUSB0 9
1344359738 0 /dev/ttyUSB0 9
1344359744 0 /dev/ttyUSB0 9
1344359756 0 /dev/ttyUSB0 9
1344359762 0 /dev/ttyUSB0 9
1344359768 0 /dev/ttyUSB0 9
1344359774 0 /dev/ttyUSB0 9
1344359786 0 /dev/ttyUSB0 9
1344359792 0 /dev/ttyUSB0 9
1344359798 0 /dev/ttyUSB0 9
1344359804 0 /dev/ttyUSB0 9
1344359816 0 /dev/ttyUSB0 9
1344359822 0 /dev/ttyUSB0 9
1344359828 0 /dev/ttyUSB0 9
1344359834 0 /dev/ttyUSB0 9
1344359840 0 /dev/ttyUSB0 9
1344359846 0 /dev/ttyUSB0 9
1344359852 0 /dev/ttyUSB0 9
1344359864 0 /dev/ttyUSB0 9
1344359870 0 /dev/ttyUSB0 9
1344359876 12 /dev/ttyUSB0 9
1344359881 0 /dev/ttyUSB0 9
1344359887 0 /dev/ttyUSB0 9
1344359894 0 /dev/ttyUSB0 9
1344359899 0 /dev/ttyUSB0 9
1344359905 0 /dev/ttyUSB0 9
1344359911 0 /dev/ttyUSB0 9
1344359917 0 /dev/ttyUSB0 9
1344359924 0 /dev/ttyUSB0 9
1344359930 0 /dev/ttyUSB0 9
1344359947 0 /dev/ttyUSB0 9
1344359953 0 /dev/ttyUSB0 9
1344359959 0 /dev/ttyUSB0 9
1344359965 0 /dev/ttyUSB0 9
1344359971 0 /dev/ttyUSB0 9
1344359977 0 /dev/ttyUSB0 9
1344359989 0 /dev/ttyUSB0 9
1344360001 0 /dev/ttyUSB0 9
1344360007 0 /dev/ttyUSB0 9
1344360013 0 /dev/ttyUSB0 9
1344360019 0 /dev/ttyUSB0 9
1344360025 12 /dev/ttyUSB0 9
1344360037 0 /dev/ttyUSB0 9
1344360055 0 /dev/ttyUSB0 9
1344360061 0 /dev/ttyUSB0 9
1344360067 0 /dev/ttyUSB0 9
1344360073 0 /dev/ttyUSB0 9
1344360079 0 /dev/ttyUSB0 9
1344360085 0 /dev/ttyUSB0 9
1344360091 0 /dev/ttyUSB0 9
1344360097 0 /dev/ttyUSB0 9
1344360103 0 /dev/ttyUSB0 9
1344360109 0 /dev/ttyUSB0 9
1344360115 0 /dev/ttyUSB0 9
1344360121 0 /dev/ttyUSB0 9
1344360127 0 /dev/ttyUSB0 9
1344360133 12 /dev/ttyUSB0 9
1344360139 0 /dev/ttyUSB0 9
1344360145 0 /dev/ttyUSB0 9
1344360151 0 /dev/ttyUSB0 9
1344360157 0 /dev/ttyUSB0 9
1344360163 0 /dev/ttyUSB0 9
1344360169 12 /dev/ttyUSB0 9
1344360175 0 /dev/ttyUSB0 9
1344360181 12 /dev/ttyUSB0 9
1344360187 0 /dev/ttyUSB0 9
1344360193 0 /dev/ttyUSB0 9
1344360199 0 /dev/ttyUSB0 9
1344360205 0 /dev/ttyUSB0 9
1344360211 0 /dev/ttyUSB0 9
1344360217 0 /dev/ttyUSB0 9
1344360223 0 /dev/ttyUSB0 9
1344360235 0 /dev/ttyUSB0 9
1344360241 0 /dev/ttyUSB0 9
1344360247 0 /dev/ttyUSB0 9
1344360253 0 /dev/ttyUSB0 9
1344360259 0 /dev/ttyUSB0 9
1344360265 0 /dev/ttyUSB0 9
1344360271 0 /dev/ttyUSB0 9
1344360277 0 /dev/ttyUSB0 9
1344360283 0 /dev/ttyUSB0 9
1344360295 0 /dev/ttyUSB0 9
1344360307 0 /dev/ttyUSB0 9
1344360319 0 /dev/ttyUSB0 9
1344360324 0 /dev/ttyUSB0 9
1344360330 0 /dev/ttyUSB0 9
1344360336 0 /dev/ttyUSB0 9
1344360342 0 /dev/ttyUSB0 9
1344360348 0 /dev/ttyUSB0 9
1344360354 0 /dev/ttyUSB0 9
1344360360 0 /dev/ttyUSB0 9
1344360366 0 /dev/ttyUSB0 9
1344360372 0 /dev/ttyUSB0 9
1344360378 0 /dev/ttyUSB0 9
1344360384 0 /dev/ttyUSB0 9
1344360390 0 /dev/ttyUSB0 9
1344360396 0 /dev/ttyUSB0 9
1344360408 0 /dev/ttyUSB0 9
1344360414 0 /dev/ttyUSB0 9
1344360426 0 /dev/ttyUSB0 9
1344360432 0 /dev/ttyUSB0 9
1344360438 0 /dev/ttyUSB0 9
1344360444 0 /dev/ttyUSB0 9
1344360450 0 /dev/ttyUSB0 9
1344360456 0 /dev/ttyUSB0 9
1344360462 0 /dev/ttyUSB0 9
1344360468 0 /dev/ttyUSB0 9
1344360474 0 /dev/ttyUSB0 9
1344360480 0 /dev/ttyUSB0 9
1344360486 0 /dev/ttyUSB0 9
1344360492 0 /dev/ttyUSB0 9
1344360498 0 /dev/ttyUSB0 9
1344360504 0 /dev/ttyUSB0 9
1344360510 0 /dev/ttyUSB0 9
1344360515 0 /dev/ttyUSB0 9
1344360522 0 /dev/ttyUSB0 9
1344360534 0 /dev/ttyUSB0 9
1344360540 0 /dev/ttyUSB0 9
1344360546 0 /dev/ttyUSB0 9
1344360552 0 /dev/ttyUSB0 9
1344360558 0 /dev/ttyUSB0 9
1344360564 0 /dev/ttyUSB0 9
1344360576 0 /dev/ttyUSB0 9
1344360582 0 /dev/ttyUSB0 9
1344360588 0 /dev/ttyUSB0 9
1344360594 0 /dev/ttyUSB0 9
1344360605 0 /dev/ttyUSB0 9
1344360611 0 /dev/ttyUSB0 9
1344360618 0 /dev/ttyUSB0 9
1344360630 0 /dev/ttyUSB0 9
1344360636 0 /dev/ttyUSB0 9
1344360642 0 /dev/ttyUSB0 9
1344360648 0 /dev/ttyUSB0 9
1344360654 0 /dev/ttyUSB0 9
1344360666 0 /dev/ttyUSB0 9
1344360671 0 /dev/ttyUSB0 9
1344360678 0 /dev/ttyUSB0 9
1344360689 0 /dev/ttyUSB0 9
1344360695 0 /dev/ttyUSB0 9
1344360701 0 /dev/ttyUSB0 9
1344360719 0 /dev/ttyUSB0 9
1344360725 0 /dev/ttyUSB0 9
1344360731 0 /dev/ttyUSB0 9
1344360737 0 /dev/ttyUSB0 9
1344360743 0 /dev/ttyUSB0 9
1344360749 0 /dev/ttyUSB0 9
1344360755 0 /dev/ttyUSB0 9
1344360761 0 /dev/ttyUSB0 9
1344360767 0 /dev/ttyUSB0 9
1344360773 0 /dev/ttyUSB0 9
1344360779 0 /dev/ttyUSB0 9
1344360785 0 /dev/ttyUSB0 9
1344360791 0 /dev/ttyUSB0 9
1344360804 0 /dev/ttyUSB0 9
1344360810 0 /dev/ttyUSB0 9
1344360816 0 /dev/ttyUSB0 9
1344360822 0 /dev/ttyUSB0 9
1344360827 0 /dev/ttyUSB0 9
1344360846 0 /dev/ttyUSB0 9
1344360852 0 /dev/ttyUSB0 9
1344360863 0 /dev/ttyUSB0 9
1344360875 0 /dev/ttyUSB0 9
1344360881 0 /dev/ttyUSB0 9
1344360893 0 /dev/ttyUSB0 9
1344360912 0 /dev/ttyUSB0 9
1344360918 0 /dev/ttyUSB0 9
1344360924 0 /dev/ttyUSB0 9
1344360930 0 /dev/ttyUSB0 9
1344360942 0 /dev/ttyUSB0 9
1344360948 0 /dev/ttyUSB0 9
1344360954 0 /dev/ttyUSB0 9
1344360960 0 /dev/ttyUSB0 9
1344360966 0 /dev/ttyUSB0 9
1344360972 0 /dev/ttyUSB0 9
1344360978 0 /dev/ttyUSB0 9
1344360984 0 /dev/ttyUSB0 9
1344360990 0 /dev/ttyUSB0 9
1344360996 0 /dev/ttyUSB0 9
1344361002 0 /dev/ttyUSB0 9
1344361014 0 /dev/ttyUSB0 9
1344361020 0 /dev/ttyUSB0 9
1344361026 0 /dev/ttyUSB0 9
1344361032 0 /dev/ttyUSB0 9
1344361044 0 /dev/ttyUSB0 9
1344361050 0 /dev/ttyUSB0 9
1344361056 0 /dev/ttyUSB0 9
1344361062 0 /dev/ttyUSB0 9
1344361068 0 /dev/ttyUSB0 9
1344361074 0 /dev/ttyUSB0 9
1344361080 0 /dev/ttyUSB0 9
1344361086 0 /dev/ttyUSB0 9
1344361098 0 /dev/ttyUSB0 9
1344361104 0 /dev/ttyUSB0 9
1344361110 0 /dev/ttyUSB0 9
1344361115 0 /dev/ttyUSB0 9
1344361128 0 /dev/ttyUSB0 9
1344361134 0 /dev/ttyUSB0 9
1344361140 0 /dev/ttyUSB0 9
1344361146 0 /dev/ttyUSB0 9
1344361152 0 /dev/ttyUSB0 9
1344361158 0 /dev/ttyUSB0 9
1344361170 0 /dev/ttyUSB0 9
1344361182 0 /dev/ttyUSB0 9
1344361188 0 /dev/ttyUSB0 9
1344361194 0 /dev/ttyUSB0 9
1344361199 12 /dev/ttyUSB0 9
1344361205 12 /dev/ttyUSB0 9
1344361211 0 /dev/ttyUSB0 9
1344361223 0 /dev/ttyUSB0 9
1344361229 0 /dev/ttyUSB0 9
1344361235 0 /dev/ttyUSB0 9
1344361241 0 /dev/ttyUSB0 9
1344361247 0 /dev/ttyUSB0 9
1344361253 0 /dev/ttyUSB0 9
1344361259 0 /dev/ttyUSB0 9
1344361265 0 /dev/ttyUSB0 9
1344361270 0 /dev/ttyUSB0 9
1344361276 0 /dev/ttyUSB0 9
1344361289 0 /dev/ttyUSB0 9
1344361295 0 /dev/ttyUSB0 9
1344361301 0 /dev/ttyUSB0 9
1344361307 0 /dev/ttyUSB0 9
1344361313 0 /dev/ttyUSB0 9
1344361325 0 /dev/ttyUSB0 9
1344361331 0 /dev/ttyUSB0 9
1344361337 0 /dev/ttyUSB0 9
1344361343 0 /dev/ttyUSB0 9
1344361349 0 /dev/ttyUSB0 9
1344361355 0 /dev/ttyUSB0 9
1344361361 0 /dev/ttyUSB0 9
1344361367 0 /dev/ttyUSB0 9
1344361373 0 /dev/ttyUSB0 9
1344361379 0 /dev/ttyUSB0 9
1344361385 0 /dev/ttyUSB0 9
1344361391 12 /dev/ttyUSB0 9
1344361403 0 /dev/ttyUSB0 9
1344361415 0 /dev/ttyUSB0 9
1344361421 0 /dev/ttyUSB0 9
1344361433 0 /dev/ttyUSB0 9
1344361445 0 /dev/ttyUSB0 9
1344361451 0 /dev/ttyUSB0 9
1344361463 0 /dev/ttyUSB0 9
1344361469 0 /dev/ttyUSB0 9
1344361475 0 /dev/ttyUSB0 9
1344361481 0 /dev/ttyUSB0 9
1344361487 0 /dev/ttyUSB0 9
1344361493 0 /dev/ttyUSB0 9
1344361499 0 /dev/ttyUSB0 9
1344361505 0 /dev/ttyUSB0 9
1344361511 0 /dev/ttyUSB0 9
1344361517 0 /dev/ttyUSB0 9
1344361523 0 /dev/ttyUSB0 9
1344361535 0 /dev/ttyUSB0 9
1344361541 0 /dev/ttyUSB0 9
1344361547 0 /dev/ttyUSB0 9
1344361553 0 /dev/ttyUSB0 9
1344361565 0 /dev/ttyUSB0 9
1344361571 0 /dev/ttyUSB0 9
1344361577 0 /dev/ttyUSB0 9
1344361583 0 /dev/ttyUSB0 9
1344361589 0 /dev/ttyUSB0 9
1344361595 0 /dev/ttyUSB0 9
1344361601 0 /dev/ttyUSB0 9
1344361613 0 /dev/ttyUSB0 9
1344361619 0 /dev/ttyUSB0 9
1344361631 0 /dev/ttyUSB0 9
1344361643 0 /dev/ttyUSB0 9
1344361650 0 /dev/ttyUSB0 9
1344361656 0 /dev/ttyUSB0 9
1344361662 0 /dev/ttyUSB0 9
1344361667 0 /dev/ttyUSB0 9
1344361673 0 /dev/ttyUSB0 9
1344361679 0 /dev/ttyUSB0 9
1344361686 0 /dev/ttyUSB0 9
1344361691 0 /dev/ttyUSB0 9
1344361697 0 /dev/ttyUSB0 9
1344361709 0 /dev/ttyUSB0 9
1344361722 0 /dev/ttyUSB0 9
1344361728 0 /dev/ttyUSB0 9
1344361745 0 /dev/ttyUSB0 9
1344361751 0 /dev/ttyUSB0 9
1344361757 0 /dev/ttyUSB0 9
1344361763 0 /dev/ttyUSB0 9
1344361769 0 /dev/ttyUSB0 9
1344361775 0 /dev/ttyUSB0 9
1344361781 0 /dev/ttyUSB0 9
1344361788 0 /dev/ttyUSB0 9
1344361794 0 /dev/ttyUSB0 9
1344361800 0 /dev/ttyUSB0 9
1344361811 0 /dev/ttyUSB0 9
1344361824 0 /dev/ttyUSB0 9
1344361830 0 /dev/ttyUSB0 9
1344361836 0 /dev/ttyUSB0 9
1344361842 0 /dev/ttyUSB0 9
1344361848 0 /dev/ttyUSB0 9
1344361860 0 /dev/ttyUSB0 9
1344361866 0 /dev/ttyUSB0 9
1344361872 0 /dev/ttyUSB0 9
1344361878 0 /dev/ttyUSB0 9
1344361890 0 /dev/ttyUSB0 9
1344361896 0 /dev/ttyUSB0 9
1344361908 0 /dev/ttyUSB0 9
1344361914 0 /dev/ttyUSB0 9
1344361926 0 /dev/ttyUSB0 9
1344361932 0 /dev/ttyUSB0 9
1344361944 0 /dev/ttyUSB0 9
1344361950 0 /dev/ttyUSB0 9
1344361956 0 /dev/ttyUSB0 9
1344361962 0 /dev/ttyUSB0 9
1344361968 0 /dev/ttyUSB0 9
1344361974 0 /dev/ttyUSB0 9
1344361980 0 /dev/ttyUSB0 9
1344361986 12 /dev/ttyUSB0 9
1344361992 0 /dev/ttyUSB0 9
1344361998 0 /dev/ttyUSB0 9
1344362010 0 /dev/ttyUSB0 9
1344362016 0 /dev/ttyUSB0 9
1344362022 0 /dev/ttyUSB0 9
1344362028 0 /dev/ttyUSB0 9
1344362040 0 /dev/ttyUSB0 9
1344362046 0 /dev/ttyUSB0 9
1344362058 0 /dev/ttyUSB0 9
1344362064 0 /dev/ttyUSB0 9
1344362076 0 /dev/ttyUSB0 9
1344362082 0 /dev/ttyUSB0 9
1344362094 0 /dev/ttyUSB0 9
1344362100 0 /dev/ttyUSB0 9
1344362106 0 /dev/ttyUSB0 9
1344362112 0 /dev/ttyUSB0 9
1344362118 0 /dev/ttyUSB0 9
1344362125 0 /dev/ttyUSB0 9
1344362131 0 /dev/ttyUSB0 9
1344362137 0 /dev/ttyUSB0 9
1344362143 0 /dev/ttyUSB0 9
1344362149 0 /dev/ttyUSB0 9
1344362155 0 /dev/ttyUSB0 9
1344362161 0 /dev/ttyUSB0 9
1344362167 0 /dev/ttyUSB0 9
1344362173 0 /dev/ttyUSB0 9
1344362179 0 /dev/ttyUSB0 9
1344362191 0 /dev/ttyUSB0 9
1344362197 0 /dev/ttyUSB0 9
1344362203 0 /dev/ttyUSB0 9
1344362209 0 /dev/ttyUSB0 9
1344362215 0 /dev/ttyUSB0 9
1344362221 0 /dev/ttyUSB0 9
1344362227 0 /dev/ttyUSB0 9
1344362233 0 /dev/ttyUSB0 9
1344362239 0 /dev/ttyUSB0 9
1344362263 0 /dev/ttyUSB0 9
1344362269 0 /dev/ttyUSB0 9
1344362275 0 /dev/ttyUSB0 9
1344362287 0 /dev/ttyUSB0 9
1344362293 0 /dev/ttyUSB0 9
1344362299 0 /dev/ttyUSB0 9
1344362305 0 /dev/ttyUSB0 9
1344362311 0 /dev/ttyUSB0 9
1344362317 0 /dev/ttyUSB0 9
1344362323 0 /dev/ttyUSB0 9
1344362329 0 /dev/ttyUSB0 9
1344362335 0 /dev/ttyUSB0 9
1344362347 0 /dev/ttyUSB0 9
1344362359 0 /dev/ttyUSB0 9
1344362365 0 /dev/ttyUSB0 9
1344362378 0 /dev/ttyUSB0 9
1344362384 0 /dev/ttyUSB0 9
1344362390 0 /dev/ttyUSB0 9
1344362396 0 /dev/ttyUSB0 9
1344362402 0 /dev/ttyUSB0 9
1344362408 0 /dev/ttyUSB0 9
1344362414 0 /dev/ttyUSB0 9
1344362420 0 /dev/ttyUSB0 9
1344362426 0 /dev/ttyUSB0 9
1344362438 0 /dev/ttyUSB0 9
1344362444 0 /dev/ttyUSB0 9
1344362450 0 /dev/ttyUSB0 9
1344362456 0 /dev/ttyUSB0 9
1344362462 0 /dev/ttyUSB0 9
1344362474 0 /dev/ttyUSB0 9
1344362480 0 /dev/ttyUSB0 9
1344362486 0 /dev/ttyUSB0 9
1344362492 0 /dev/ttyUSB0 9
1344362498 0 /dev/ttyUSB0 9
1344362504 0 /dev/ttyUSB0 9
1344362510 0 /dev/ttyUSB0 9
1344362516 0 /dev/ttyUSB0 9
1344362528 0 /dev/ttyUSB0 9
1344362534 0 /dev/ttyUSB0 9
1344362546 0 /dev/ttyUSB0 9
1344362552 0 /dev/ttyUSB0 9
1344362558 0 /dev/ttyUSB0 9
1344362564 0 /dev/ttyUSB0 9
1344362582 0 /dev/ttyUSB0 9
1344362588 0 /dev/ttyUSB0 9
1344362594 0 /dev/ttyUSB0 9
1344362600 0 /dev/ttyUSB0 9
1344362606 0 /dev/ttyUSB0 9
1344362612 0 /dev/ttyUSB0 9
1344362618 0 /dev/ttyUSB0 9
1344362624 0 /dev/ttyUSB0 9
1344362630 0 /dev/ttyUSB0 9
1344362636 0 /dev/ttyUSB0 9
1344362642 0 /dev/ttyUSB0 9
1344362648 0 /dev/ttyUSB0 9
1344362654 0 /dev/ttyUSB0 9
1344362678 0 /dev/ttyUSB0 9
1344362684 0 /dev/ttyUSB0 9
1344362690 0 /dev/ttyUSB0 9
1344362696 0 /dev/ttyUSB0 9
1344362702 0 /dev/ttyUSB0 9
1344362708 0 /dev/ttyUSB0 9
1344362714 0 /dev/ttyUSB0 9
1344362720 0 /dev/ttyUSB0 9
1344362726 0 /dev/ttyUSB0 9
1344362738 0 /dev/ttyUSB0 9
1344362756 0 /dev/ttyUSB0 9
1344362763 0 /dev/ttyUSB0 9
1344362769 12 /dev/ttyUSB0 9
1344362775 0 /dev/ttyUSB0 9
1344362781 0 /dev/ttyUSB0 9
1344362787 0 /dev/ttyUSB0 9
1344362793 12 /dev/ttyUSB0 9
1344362799 0 /dev/ttyUSB0 9
1344362805 0 /dev/ttyUSB0 9
1344362811 0 /dev/ttyUSB0 9
1344362823 0 /dev/ttyUSB0 9
1344362829 0 /dev/ttyUSB0 9
1344362835 0 /dev/ttyUSB0 9
1344362841 0 /dev/ttyUSB0 9
1344362853 0 /dev/ttyUSB0 9
1344362859 0 /dev/ttyUSB0 9
1344362865 0 /dev/ttyUSB0 9
1344362871 0 /dev/ttyUSB0 9
1344362877 0 /dev/ttyUSB0 9
1344362883 0 /dev/ttyUSB0 9
1344362889 0 /dev/ttyUSB0 9
1344362895 0 /dev/ttyUSB0 9
1344362901 12 /dev/ttyUSB0 9
1344362907 0 /dev/ttyUSB0 9
1344362913 0 /dev/ttyUSB0 9
1344362919 0 /dev/ttyUSB0 9
1344362931 0 /dev/ttyUSB0 9
1344362937 0 /dev/ttyUSB0 9
1344362943 0 /dev/ttyUSB0 9
1344362949 0 /dev/ttyUSB0 9
1344362955 0 /dev/ttyUSB0 9
1344362961 0 /dev/ttyUSB0 9
1344362967 0 /dev/ttyUSB0 9
1344362973 0 /dev/ttyUSB0 9
1344362979 0 /dev/ttyUSB0 9
1344362991 0 /dev/ttyUSB0 9
1344362997 0 /dev/ttyUSB0 9
1344363003 0 /dev/ttyUSB0 9
1344363009 0 /dev/ttyUSB0 9
1344363015 0 /dev/ttyUSB0 9
1344363021 0 /dev/ttyUSB0 9
1344363027 0 /dev/ttyUSB0 9
1344363033 0 /dev/ttyUSB0 9
1344363039 0 /dev/ttyUSB0 9
1344363045 0 /dev/ttyUSB0 9
1344363057 0 /dev/ttyUSB0 9
1344363063 12 /dev/ttyUSB0 9
1344363069 0 /dev/ttyUSB0 9
1344363075 0 /dev/ttyUSB0 9
1344363081 0 /dev/ttyUSB0 9
1344363093 12 /dev/ttyUSB0 9
1344363099 0 /dev/ttyUSB0 9
1344363105 0 /dev/ttyUSB0 9
1344363111 0 /dev/ttyUSB0 9
1344363117 0 /dev/ttyUSB0 9
1344363124 0 /dev/ttyUSB0 9
1344363130 0 /dev/ttyUSB0 9
1344363136 0 /dev/ttyUSB0 9
1344363142 0 /dev/ttyUSB0 9
1344363148 0 /dev/ttyUSB0 9
1344363154 0 /dev/ttyUSB0 9
1344363160 0 /dev/ttyUSB0 9
1344363172 0 /dev/ttyUSB0 9
1344363178 0 /dev/ttyUSB0 9
1344363184 0 /dev/ttyUSB0 9
1344363190 0 /dev/ttyUSB0 9
1344363196 12 /dev/ttyUSB0 9
1344363202 0 /dev/ttyUSB0 9
1344363208 0 /dev/ttyUSB0 9
1344363214 0 /dev/ttyUSB0 9
1344363220 0 /dev/ttyUSB0 9
1344363225 0 /dev/ttyUSB0 9
1344363231 0 /dev/ttyUSB0 9
1344363238 0 /dev/ttyUSB0 9
1344363244 0 /dev/ttyUSB0 9
1344363250 0 /dev/ttyUSB0 9
1344363256 0 /dev/ttyUSB0 9
1344363262 0 /dev/ttyUSB0 9
1344363268 0 /dev/ttyUSB0 9
1344363274 0 /dev/ttyUSB0 9
1344363280 0 /dev/ttyUSB0 9
1344363292 0 /dev/ttyUSB0 9
1344363298 0 /dev/ttyUSB0 9
1344363304 0 /dev/ttyUSB0 9
1344363310 0 /dev/ttyUSB0 9
1344363316 0 /dev/ttyUSB0 9
1344363328 0 /dev/ttyUSB0 9
1344363334 0 /dev/ttyUSB0 9
1344363340 0 /dev/ttyUSB0 9
1344363346 0 /dev/ttyUSB0 9
1344363352 0 /dev/ttyUSB0 9
1344363358 0 /dev/ttyUSB0 9
1344363364 0 /dev/ttyUSB0 9
1344363370 0 /dev/ttyUSB0 9
1344363376 0 /dev/ttyUSB0 9
1344363382 0 /dev/ttyUSB0 9
1344363388 0 /dev/ttyUSB0 9
1344363394 0 /dev/ttyUSB0 9
1344363400 0 /dev/ttyUSB0 9
1344363406 0 /dev/ttyUSB0 9
1344363412 0 /dev/ttyUSB0 9
1344363418 0 /dev/ttyUSB0 9
1344363424 0 /dev/ttyUSB0 9
1344363430 0 /dev/ttyUSB0 9
1344363442 0 /dev/ttyUSB0 9
1344363448 0 /dev/ttyUSB0 9
1344363454 0 /dev/ttyUSB0 9
1344363460 0 /dev/ttyUSB0 9
1344363466 0 /dev/ttyUSB0 9
1344363472 0 /dev/ttyUSB0 9
1344363478 0 /dev/ttyUSB0 9
1344363484 0 /dev/ttyUSB0 9
1344363491 0 /dev/ttyUSB0 9
1344363497 0 /dev/ttyUSB0 9
1344363503 0 /dev/ttyUSB0 9
1344363509 0 /dev/ttyUSB0 9
1344363515 0 /dev/ttyUSB0 9
1344363521 0 /dev/ttyUSB0 9
1344363527 0 /dev/ttyUSB0 9
1344363539 0 /dev/ttyUSB0 9
1344363545 0 /dev/ttyUSB0 9
1344363551 12 /dev/ttyUSB0 9
1344363557 0 /dev/ttyUSB0 9
1344363563 0 /dev/ttyUSB0 9
1344363569 0 /dev/ttyUSB0 9
1344363575 0 /dev/ttyUSB0 9
1344363581 0 /dev/ttyUSB0 9
1344363587 0 /dev/ttyUSB0 9
1344363593 0 /dev/ttyUSB0 9
1344363599 0 /dev/ttyUSB0 9
1344363605 0 /dev/ttyUSB0 9
1344363611 0 /dev/ttyUSB0 9
1344363617 0 /dev/ttyUSB0 9
1344363623 0 /dev/ttyUSB0 9
1344363629 0 /dev/ttyUSB0 9
1344363635 0 /dev/ttyUSB0 9
1344363641 0 /dev/ttyUSB0 9
1344363647 0 /dev/ttyUSB0 9
1344363653 12 /dev/ttyUSB0 9
1344363659 0 /dev/ttyUSB0 9
1344363671 0 /dev/ttyUSB0 9
1344363677 0 /dev/ttyUSB0 9
1344363683 0 /dev/ttyUSB0 9
1344363689 0 /dev/ttyUSB0 9
1344363695 0 /dev/ttyUSB0 9
1344363701 0 /dev/ttyUSB0 9
1344363707 0 /dev/ttyUSB0 9
1344363713 0 /dev/ttyUSB0 9
1344363719 0 /dev/ttyUSB0 9
1344363725 0 /dev/ttyUSB0 9
1344363731 0 /dev/ttyUSB0 9
1344363737 0 /dev/ttyUSB0 9
1344363743 0 /dev/ttyUSB0 9
1344363749 0 /dev/ttyUSB0 9
1344363761 0 /dev/ttyUSB0 9
1344363767 0 /dev/ttyUSB0 9
1344363773 0 /dev/ttyUSB0 9
1344363779 0 /dev/ttyUSB0 9
1344363785 0 /dev/ttyUSB0 9
1344363791 0 /dev/ttyUSB0 9
1344363797 0 /dev/ttyUSB0 9
1344363815 0 /dev/ttyUSB0 9
1344363821 0 /dev/ttyUSB0 9
1344363827 0 /dev/ttyUSB0 9
1344363833 0 /dev/ttyUSB0 9
1344363845 0 /dev/ttyUSB0 9
1344363851 0 /dev/ttyUSB0 9
1344363864 0 /dev/ttyUSB0 9
1344363870 0 /dev/ttyUSB0 9
1344363875 0 /dev/ttyUSB0 9
1344363881 0 /dev/ttyUSB0 9
1344363887 0 /dev/ttyUSB0 9
1344363893 0 /dev/ttyUSB0 9
1344363900 0 /dev/ttyUSB0 9
1344363912 0 /dev/ttyUSB0 9
1344363918 0 /dev/ttyUSB0 9
1344363924 0 /dev/ttyUSB0 9
1344363930 0 /dev/ttyUSB0 9
1344363942 0 /dev/ttyUSB0 9
1344363948 0 /dev/ttyUSB0 9
1344363954 0 /dev/ttyUSB0 9
1344363966 12 /dev/ttyUSB0 9
1344363972 0 /dev/ttyUSB0 9
1344363978 0 /dev/ttyUSB0 9
1344363984 0 /dev/ttyUSB0 9
1344363990 0 /dev/ttyUSB0 9
1344363996 0 /dev/ttyUSB0 9
1344364002 0 /dev/ttyUSB0 9
1344364008 0 /dev/ttyUSB0 9
1344364014 0 /dev/ttyUSB0 9
1344364020 0 /dev/ttyUSB0 9
1344364026 0 /dev/ttyUSB0 9
1344364038 0 /dev/ttyUSB0 9
1344364044 0 /dev/ttyUSB0 9
1344364050 0 /dev/ttyUSB0 9
1344364056 0 /dev/ttyUSB0 9
1344364062 0 /dev/ttyUSB0 9
1344364068 0 /dev/ttyUSB0 9
1344364074 0 /dev/ttyUSB0 9
1344364080 0 /dev/ttyUSB0 9
1344364086 0 /dev/ttyUSB0 9
1344364092 12 /dev/ttyUSB0 9
1344364098 0 /dev/ttyUSB0 9
1344364104 0 /dev/ttyUSB0 9
1344364110 0 /dev/ttyUSB0 9
1344364116 0 /dev/ttyUSB0 9
1344364122 12 /dev/ttyUSB0 9
1344364128 0 /dev/ttyUSB0 9
1344364140 0 /dev/ttyUSB0 9
1344364146 0 /dev/ttyUSB0 9
1344364152 0 /dev/ttyUSB0 9
1344364158 0 /dev/ttyUSB0 9
1344364164 0 /dev/ttyUSB0 9
1344364170 0 /dev/ttyUSB0 9
1344364176 0 /dev/ttyUSB0 9
1344364182 0 /dev/ttyUSB0 9
1344364194 0 /dev/ttyUSB0 9
1344364200 0 /dev/ttyUSB0 9
1344364206 0 /dev/ttyUSB0 9
1344364212 0 /dev/ttyUSB0 9
1344364218 0 /dev/ttyUSB0 9
1344364224 0 /dev/ttyUSB0 9
1344364230 0 /dev/ttyUSB0 9
1344364236 0 /dev/ttyUSB0 9
1344364242 12 /dev/ttyUSB0 9
1344364254 0 /dev/ttyUSB0 9
1344364260 0 /dev/ttyUSB0 9
1344364266 0 /dev/ttyUSB0 9
1344364272 0 /dev/ttyUSB0 9
1344364278 0 /dev/ttyUSB0 9
1344364284 0 /dev/ttyUSB0 9
1344364290 0 /dev/ttyUSB0 9
1344364296 0 /dev/ttyUSB0 9
1344364302 0 /dev/ttyUSB0 9
1344364308 0 /dev/ttyUSB0 9
1344364314 0 /dev/ttyUSB0 9
1344364320 0 /dev/ttyUSB0 9
1344364326 0 /dev/ttyUSB0 9
1344364338 0 /dev/ttyUSB0 9
1344364344 0 /dev/ttyUSB0 9
1344364351 0 /dev/ttyUSB0 9
1344364357 0 /dev/ttyUSB0 9
1344364363 0 /dev/ttyUSB0 9
1344364369 0 /dev/ttyUSB0 9
1344364381 0 /dev/ttyUSB0 9
1344364387 0 /dev/ttyUSB0 9
1344364393 0 /dev/ttyUSB0 9
1344364399 0 /dev/ttyUSB0 9
1344364405 0 /dev/ttyUSB0 9
1344364411 0 /dev/ttyUSB0 9
1344364429 0 /dev/ttyUSB0 9
1344364435 0 /dev/ttyUSB0 9
1344364441 0 /dev/ttyUSB0 9
1344364447 0 /dev/ttyUSB0 9
1344364453 0 /dev/ttyUSB0 9
1344364459 0 /dev/ttyUSB0 9
1344364465 0 /dev/ttyUSB0 9
1344364471 0 /dev/ttyUSB0 9
1344364477 0 /dev/ttyUSB0 9
1344364483 0 /dev/ttyUSB0 9
1344364489 0 /dev/ttyUSB0 9
1344364495 0 /dev/ttyUSB0 9
1344364501 0 /dev/ttyUSB0 9
1344364513 0 /dev/ttyUSB0 9
1344364519 0 /dev/ttyUSB0 9
1344364525 0 /dev/ttyUSB0 9
1344364531 0 /dev/ttyUSB0 9
1344364537 0 /dev/ttyUSB0 9
1344364543 0 /dev/ttyUSB0 9
1344364549 0 /dev/ttyUSB0 9
1344364555 0 /dev/ttyUSB0 9
1344364561 0 /dev/ttyUSB0 9
1344364567 0 /dev/ttyUSB0 9
1344364573 0 /dev/ttyUSB0 9
1344364579 0 /dev/ttyUSB0 9
1344364585 0 /dev/ttyUSB0 9
1344364591 0 /dev/ttyUSB0 9
1344364597 0 /dev/ttyUSB0 9
1344364603 0 /dev/ttyUSB0 9
1344364609 0 /dev/ttyUSB0 9
1344364616 0 /dev/ttyUSB0 9
1344364622 0 /dev/ttyUSB0 9
1344364628 0 /dev/ttyUSB0 9
1344364634 0 /dev/ttyUSB0 9
1344364640 0 /dev/ttyUSB0 9
1344364646 0 /dev/ttyUSB0 9
1344364652 0 /dev/ttyUSB0 9
1344364658 0 /dev/ttyUSB0 9
1344364664 0 /dev/ttyUSB0 9
1344364670 0 /dev/ttyUSB0 9
1344364682 0 /dev/ttyUSB0 9
1344364687 0 /dev/ttyUSB0 9
1344364694 0 /dev/ttyUSB0 9
1344364700 0 /dev/ttyUSB0 9
1344364706 0 /dev/ttyUSB0 9
1344364718 0 /dev/ttyUSB0 9
1344364724 0 /dev/ttyUSB0 9
1344364730 0 /dev/ttyUSB0 9
1344364736 0 /dev/ttyUSB0 9
1344364742 0 /dev/ttyUSB0 9
1344364748 0 /dev/ttyUSB0 9
1344364760 0 /dev/ttyUSB0 9
1344364766 0 /dev/ttyUSB0 9
1344364772 0 /dev/ttyUSB0 9
1344364778 0 /dev/ttyUSB0 9
1344364790 0 /dev/ttyUSB0 9
1344364796 0 /dev/ttyUSB0 9
1344364802 12 /dev/ttyUSB0 9
1344364808 12 /dev/ttyUSB0 9
1344364814 0 /dev/ttyUSB0 9
1344364820 0 /dev/ttyUSB0 9
1344364832 0 /dev/ttyUSB0 9
1344364838 0 /dev/ttyUSB0 9
1344364856 0 /dev/ttyUSB0 9
1344364862 0 /dev/ttyUSB0 9
1344364868 0 /dev/ttyUSB0 9
1344364874 0 /dev/ttyUSB0 9
1344364880 0 /dev/ttyUSB0 9
1344364886 0 /dev/ttyUSB0 9
1344364892 0 /dev/ttyUSB0 9
1344364898 0 /dev/ttyUSB0 9
1344364904 0 /dev/ttyUSB0 9
1344364910 0 /dev/ttyUSB0 9
1344364922 0 /dev/ttyUSB0 9
1344364928 12 /dev/ttyUSB0 9
1344364934 0 /dev/ttyUSB0 9
1344364940 0 /dev/ttyUSB0 9
1344364946 12 /dev/ttyUSB0 9
1344364952 0 /dev/ttyUSB0 9
1344364958 0 /dev/ttyUSB0 9
1344364964 0 /dev/ttyUSB0 9
1344364970 0 /dev/ttyUSB0 9
1344364976 0 /dev/ttyUSB0 9
1344364982 0 /dev/ttyUSB0 9
1344364988 0 /dev/ttyUSB0 9
1344364994 0 /dev/ttyUSB0 9
1344365000 0 /dev/ttyUSB0 9
1344365006 0 /dev/ttyUSB0 9
1344365012 0 /dev/ttyUSB0 9
1344365018 0 /dev/ttyUSB0 9
1344365024 0 /dev/ttyUSB0 9
1344365030 0 /dev/ttyUSB0 9
1344365036 0 /dev/ttyUSB0 9
1344365042 0 /dev/ttyUSB0 9
1344365048 0 /dev/ttyUSB0 9
1344365054 0 /dev/ttyUSB0 9
1344365066 0 /dev/ttyUSB0 9
1344365084 12 /dev/ttyUSB0 9
1344365090 0 /dev/ttyUSB0 9
1344365096 0 /dev/ttyUSB0 9
1344365102 0 /dev/ttyUSB0 9
1344365114 0 /dev/ttyUSB0 9
1344365126 0 /dev/ttyUSB0 9
1344365132 0 /dev/ttyUSB0 9
1344365138 0 /dev/ttyUSB0 9
1344365144 0 /dev/ttyUSB0 9
1344365150 0 /dev/ttyUSB0 9
1344365157 0 /dev/ttyUSB0 9
1344365169 0 /dev/ttyUSB0 9
1344365175 0 /dev/ttyUSB0 9
1344365181 0 /dev/ttyUSB0 9
1344365187 0 /dev/ttyUSB0 9
1344365193 0 /dev/ttyUSB0 9
1344365199 0 /dev/ttyUSB0 9
1344365205 0 /dev/ttyUSB0 9
1344365211 0 /dev/ttyUSB0 9
1344365217 0 /dev/ttyUSB0 9
1344365223 0 /dev/ttyUSB0 9
1344365229 0 /dev/ttyUSB0 9
1344365235 0 /dev/ttyUSB0 9
1344365247 0 /dev/ttyUSB0 9
1344365253 0 /dev/ttyUSB0 9
1344365259 0 /dev/ttyUSB0 9
1344365265 0 /dev/ttyUSB0 9
1344365271 0 /dev/ttyUSB0 9
1344365277 0 /dev/ttyUSB0 9
1344365283 0 /dev/ttyUSB0 9
1344365289 0 /dev/ttyUSB0 9
1344365301 0 /dev/ttyUSB0 9
1344365307 0 /dev/ttyUSB0 9
1344365313 0 /dev/ttyUSB0 9
1344365319 0 /dev/ttyUSB0 9
1344365325 0 /dev/ttyUSB0 9
1344365337 0 /dev/ttyUSB0 9
1344365343 0 /dev/ttyUSB0 9
1344365349 0 /dev/ttyUSB0 9
1344365355 0 /dev/ttyUSB0 9
1344365361 0 /dev/ttyUSB0 9
1344365379 0 /dev/ttyUSB0 9
1344365385 0 /dev/ttyUSB0 9
1344365391 0 /dev/ttyUSB0 9
1344365397 0 /dev/ttyUSB0 9
1344365421 0 /dev/ttyUSB0 9
1344365427 0 /dev/ttyUSB0 9
1344365433 0 /dev/ttyUSB0 9
1344365439 0 /dev/ttyUSB0 9
1344365445 0 /dev/ttyUSB0 9
1344365457 0 /dev/ttyUSB0 9
1344365463 0 /dev/ttyUSB0 9
1344365469 0 /dev/ttyUSB0 9
1344365475 0 /dev/ttyUSB0 9
1344365481 0 /dev/ttyUSB0 9
1344365493 0 /dev/ttyUSB0 9
1344365499 0 /dev/ttyUSB0 9
1344365505 0 /dev/ttyUSB0 9
1344365511 0 /dev/ttyUSB0 9
1344365517 0 /dev/ttyUSB0 9
1344365523 0 /dev/ttyUSB0 9
1344365529 0 /dev/ttyUSB0 9
1344365535 0 /dev/ttyUSB0 9
1344365541 0 /dev/ttyUSB0 9
1344365547 0 /dev/ttyUSB0 9
1344365553 0 /dev/ttyUSB0 9
1344365559 0 /dev/ttyUSB0 9
1344365565 0 /dev/ttyUSB0 9
1344365571 0 /dev/ttyUSB0 9
1344365584 0 /dev/ttyUSB0 9
1344365590 0 /dev/ttyUSB0 9
1344365596 0 /dev/ttyUSB0 9
1344365602 0 /dev/ttyUSB0 9
1344365608 0 /dev/ttyUSB0 9
1344365614 0 /dev/ttyUSB0 9
1344365620 0 /dev/ttyUSB0 9
1344365626 0 /dev/ttyUSB0 9
1344365638 0 /dev/ttyUSB0 9
1344365644 0 /dev/ttyUSB0 9
1344365650 0 /dev/ttyUSB0 9
1344365656 0 /dev/ttyUSB0 9
1344365662 0 /dev/ttyUSB0 9
1344365668 0 /dev/ttyUSB0 9
1344365680 0 /dev/ttyUSB0 9
1344365686 0 /dev/ttyUSB0 9
1344365692 0 /dev/ttyUSB0 9
1344365698 0 /dev/ttyUSB0 9
1344365704 0 /dev/ttyUSB0 9
1344365716 0 /dev/ttyUSB0 9
1344365728 0 /dev/ttyUSB0 9
1344365734 0 /dev/ttyUSB0 9
1344365740 0 /dev/ttyUSB0 9
1344365746 0 /dev/ttyUSB0 9
1344365752 0 /dev/ttyUSB0 9
1344365758 0 /dev/ttyUSB0 9
1344365764 0 /dev/ttyUSB0 9
1344365770 0 /dev/ttyUSB0 9
1344365776 0 /dev/ttyUSB0 9
1344365782 0 /dev/ttyUSB0 9
1344365794 0 /dev/ttyUSB0 9
1344365806 0 /dev/ttyUSB0 9
1344365812 0 /dev/ttyUSB0 9
1344365818 0 /dev/ttyUSB0 9
1344365830 0 /dev/ttyUSB0 9
1344365836 0 /dev/ttyUSB0 9
1344365842 0 /dev/ttyUSB0 9
1344365848 0 /dev/ttyUSB0 9
1344365854 0 /dev/ttyUSB0 9
1344365860 0 /dev/ttyUSB0 9
1344365866 0 /dev/ttyUSB0 9
1344365872 0 /dev/ttyUSB0 9
1344365878 0 /dev/ttyUSB0 9
1344365884 0 /dev/ttyUSB0 9
1344365890 0 /dev/ttyUSB0 9
1344365896 0 /dev/ttyUSB0 9
1344365902 12 /dev/ttyUSB0 9
1344365914 0 /dev/ttyUSB0 9
1344365920 12 /dev/ttyUSB0 9
1344365926 0 /dev/ttyUSB0 9
1344365932 0 /dev/ttyUSB0 9
1344365938 0 /dev/ttyUSB0 9
1344365944 0 /dev/ttyUSB0 9
1344365950 0 /dev/ttyUSB0 9
1344365957 0 /dev/ttyUSB0 9
1344365963 0 /dev/ttyUSB0 9
1344365975 0 /dev/ttyUSB0 9
1344365980 0 /dev/ttyUSB0 9
1344365986 12 /dev/ttyUSB0 9
1344365999 0 /dev/ttyUSB0 9
1344366005 0 /dev/ttyUSB0 9
1344366011 0 /dev/ttyUSB0 9
1344366017 0 /dev/ttyUSB0 9
1344366035 0 /dev/ttyUSB0 9
1344366041 0 /dev/ttyUSB0 9
1344366047 0 /dev/ttyUSB0 9
1344366053 0 /dev/ttyUSB0 9
1344366059 0 /dev/ttyUSB0 9
1344366065 0 /dev/ttyUSB0 9
1344366077 0 /dev/ttyUSB0 9
1344366083 0 /dev/ttyUSB0 9
1344366089 0 /dev/ttyUSB0 9
1344366095 12 /dev/ttyUSB0 9
1344366101 0 /dev/ttyUSB0 9
1344366107 12 /dev/ttyUSB0 9
1344366113 0 /dev/ttyUSB0 9
1344366119 0 /dev/ttyUSB0 9
1344366125 0 /dev/ttyUSB0 9
1344366130 0 /dev/ttyUSB0 9
1344366136 0 /dev/ttyUSB0 9
1344366148 0 /dev/ttyUSB0 9
1344366155 0 /dev/ttyUSB0 9
1344366161 0 /dev/ttyUSB0 9
1344366167 0 /dev/ttyUSB0 9
1344366179 0 /dev/ttyUSB0 9
1344366185 0 /dev/ttyUSB0 9
1344366191 0 /dev/ttyUSB0 9
1344366197 0 /dev/ttyUSB0 9
1344366203 0 /dev/ttyUSB0 9
1344366209 0 /dev/ttyUSB0 9
1344366215 0 /dev/ttyUSB0 9
1344366221 0 /dev/ttyUSB0 9
1344366227 0 /dev/ttyUSB0 9
1344366233 0 /dev/ttyUSB0 9
1344366239 0 /dev/ttyUSB0 9
1344366245 0 /dev/ttyUSB0 9
1344366251 0 /dev/ttyUSB0 9
1344366257 0 /dev/ttyUSB0 9
1344366263 0 /dev/ttyUSB0 9
1344366269 0 /dev/ttyUSB0 9
1344366275 0 /dev/ttyUSB0 9
1344366287 0 /dev/ttyUSB0 9
1344366293 0 /dev/ttyUSB0 9
1344366299 0 /dev/ttyUSB0 9
1344366305 0 /dev/ttyUSB0 9
1344366323 0 /dev/ttyUSB0 9
1344366329 0 /dev/ttyUSB0 9
1344366335 0 /dev/ttyUSB0 9
1344366341 0 /dev/ttyUSB0 9
1344366347 0 /dev/ttyUSB0 9
1344366353 0 /dev/ttyUSB0 9
1344366359 0 /dev/ttyUSB0 9
1344366365 0 /dev/ttyUSB0 9
1344366371 0 /dev/ttyUSB0 9
1344366377 0 /dev/ttyUSB0 9
1344366383 0 /dev/ttyUSB0 9
1344366389 0 /dev/ttyUSB0 9
1344366395 0 /dev/ttyUSB0 9
1344366407 0 /dev/ttyUSB0 9
1344366420 0 /dev/ttyUSB0 9
1344366426 0 /dev/ttyUSB0 9
1344366432 0 /dev/ttyUSB0 9
1344366438 0 /dev/ttyUSB0 9
1344366444 0 /dev/ttyUSB0 9
1344366450 0 /dev/ttyUSB0 9
1344366456 0 /dev/ttyUSB0 9
1344366462 0 /dev/ttyUSB0 9
1344366468 0 /dev/ttyUSB0 9
1344366474 0 /dev/ttyUSB0 9
1344366480 0 /dev/ttyUSB0 9
1344366486 0 /dev/ttyUSB0 9
1344366492 0 /dev/ttyUSB0 9
1344366498 0 /dev/ttyUSB0 9
1344366504 0 /dev/ttyUSB0 9
1344366510 0 /dev/ttyUSB0 9
1344366516 0 /dev/ttyUSB0 9
1344366522 0 /dev/ttyUSB0 9
1344366528 0 /dev/ttyUSB0 9
1344366534 0 /dev/ttyUSB0 9
1344366540 0 /dev/ttyUSB0 9
1344366546 0 /dev/ttyUSB0 9
1344366563 0 /dev/ttyUSB0 9
1344366570 0 /dev/ttyUSB0 9
1344366576 0 /dev/ttyUSB0 9
1344366582 0 /dev/ttyUSB0 9
1344366594 0 /dev/ttyUSB0 9
1344366600 0 /dev/ttyUSB0 9
1344366606 0 /dev/ttyUSB0 9
1344366612 0 /dev/ttyUSB0 9
1344366618 0 /dev/ttyUSB0 9
1344366630 0 /dev/ttyUSB0 9
1344366636 0 /dev/ttyUSB0 9
1344366648 0 /dev/ttyUSB0 9
1344366654 0 /dev/ttyUSB0 9
1344366660 0 /dev/ttyUSB0 9
1344366672 0 /dev/ttyUSB0 9
1344366690 0 /dev/ttyUSB0 9
1344366696 0 /dev/ttyUSB0 9
1344366702 0 /dev/ttyUSB0 9
1344366708 0 /dev/ttyUSB0 9
1344366714 0 /dev/ttyUSB0 9
1344366720 0 /dev/ttyUSB0 9
1344366726 0 /dev/ttyUSB0 9
1344366732 0 /dev/ttyUSB0 9
1344366738 0 /dev/ttyUSB0 9
1344366744 0 /dev/ttyUSB0 9
1344366750 0 /dev/ttyUSB0 9
1344366756 0 /dev/ttyUSB0 9
1344366762 0 /dev/ttyUSB0 9
1344366768 0 /dev/ttyUSB0 9
1344366774 0 /dev/ttyUSB0 9
1344366780 0 /dev/ttyUSB0 9
1344366786 0 /dev/ttyUSB0 9
1344366798 0 /dev/ttyUSB0 9
1344366804 0 /dev/ttyUSB0 9
1344366810 0 /dev/ttyUSB0 9
1344366816 0 /dev/ttyUSB0 9
1344366822 0 /dev/ttyUSB0 9
1344366828 0 /dev/ttyUSB0 9
1344366834 0 /dev/ttyUSB0 9
1344366840 0 /dev/ttyUSB0 9
1344366846 0 /dev/ttyUSB0 9
1344366852 0 /dev/ttyUSB0 9
1344366858 0 /dev/ttyUSB0 9
1344366864 0 /dev/ttyUSB0 9
1344366876 0 /dev/ttyUSB0 9
1344366882 0 /dev/ttyUSB0 9
1344366888 0 /dev/ttyUSB0 9
1344366900 0 /dev/ttyUSB0 9
1344366912 0 /dev/ttyUSB0 9
1344366930 0 /dev/ttyUSB0 9
1344366936 0 /dev/ttyUSB0 9
1344366942 0 /dev/ttyUSB0 9
1344366948 0 /dev/ttyUSB0 9
1344366954 0 /dev/ttyUSB0 9
1344366960 0 /dev/ttyUSB0 9
1344366966 0 /dev/ttyUSB0 9
1344366972 0 /dev/ttyUSB0 9
1344366978 0 /dev/ttyUSB0 9
1344366984 0 /dev/ttyUSB0 9
1344366990 0 /dev/ttyUSB0 9
1344366996 0 /dev/ttyUSB0 9
1344367002 0 /dev/ttyUSB0 9
1344367008 0 /dev/ttyUSB0 9
1344367014 0 /dev/ttyUSB0 9
1344367020 0 /dev/ttyUSB0 9
1344367026 0 /dev/ttyUSB0 9
1344367038 0 /dev/ttyUSB0 9
1344367044 0 /dev/ttyUSB0 9
1344367050 0 /dev/ttyUSB0 9
1344367063 0 /dev/ttyUSB0 9
1344367075 0 /dev/ttyUSB0 9
1344367087 0 /dev/ttyUSB0 9
1344367093 0 /dev/ttyUSB0 9
1344367099 0 /dev/ttyUSB0 9
1344367105 0 /dev/ttyUSB0 9
1344367111 0 /dev/ttyUSB0 9
1344367117 0 /dev/ttyUSB0 9
1344367123 0 /dev/ttyUSB0 9
1344367129 0 /dev/ttyUSB0 9
1344367135 0 /dev/ttyUSB0 9
1344367141 0 /dev/ttyUSB0 9
1344367147 0 /dev/ttyUSB0 9
1344367153 0 /dev/ttyUSB0 9
1344367165 0 /dev/ttyUSB0 9
1344367177 0 /dev/ttyUSB0 9
1344367183 0 /dev/ttyUSB0 9
1344367189 12 /dev/ttyUSB0 9
1344367201 0 /dev/ttyUSB0 9
1344367207 0 /dev/ttyUSB0 9
1344367213 0 /dev/ttyUSB0 9
1344367219 0 /dev/ttyUSB0 9
1344367225 0 /dev/ttyUSB0 9
1344367243 0 /dev/ttyUSB0 9
1344367249 0 /dev/ttyUSB0 9
1344367255 0 /dev/ttyUSB0 9
1344367261 0 /dev/ttyUSB0 9
1344367267 0 /dev/ttyUSB0 9
1344367273 0 /dev/ttyUSB0 9
1344367279 0 /dev/ttyUSB0 9
1344367285 0 /dev/ttyUSB0 9
1344367291 0 /dev/ttyUSB0 9
1344367297 0 /dev/ttyUSB0 9
1344367303 0 /dev/ttyUSB0 9
1344367309 0 /dev/ttyUSB0 9
1344367315 0 /dev/ttyUSB0 9
1344367327 0 /dev/ttyUSB0 9
1344367333 0 /dev/ttyUSB0 9
1344367339 0 /dev/ttyUSB0 9
1344367345 0 /dev/ttyUSB0 9
1344367351 0 /dev/ttyUSB0 9
1344367363 0 /dev/ttyUSB0 9
1344367369 0 /dev/ttyUSB0 9
1344367381 0 /dev/ttyUSB0 9
1344367388 0 /dev/ttyUSB0 9
1344367399 0 /dev/ttyUSB0 9
1344367405 0 /dev/ttyUSB0 9
1344367411 0 /dev/ttyUSB0 9
1344367417 0 /dev/ttyUSB0 9
1344367424 0 /dev/ttyUSB0 9
1344367430 0 /dev/ttyUSB0 9
1344367441 0 /dev/ttyUSB0 9
1344367447 0 /dev/ttyUSB0 9
1344367460 0 /dev/ttyUSB0 9
1344367472 0 /dev/ttyUSB0 9
1344367478 0 /dev/ttyUSB0 9
1344367483 0 /dev/ttyUSB0 9
1344367489 0 /dev/ttyUSB0 9
1344367496 0 /dev/ttyUSB0 9
1344367508 0 /dev/ttyUSB0 9
1344367520 0 /dev/ttyUSB0 9
1344367526 0 /dev/ttyUSB0 9
1344367543 0 /dev/ttyUSB0 9
1344367549 0 /dev/ttyUSB0 9
1344367555 0 /dev/ttyUSB0 9
1344367561 0 /dev/ttyUSB0 9
1344367567 0 /dev/ttyUSB0 9
1344367573 0 /dev/ttyUSB0 9
1344367579 0 /dev/ttyUSB0 9
1344367585 0 /dev/ttyUSB0 9
1344367591 0 /dev/ttyUSB0 9
1344367597 0 /dev/ttyUSB0 9
1344367603 0 /dev/ttyUSB0 9
1344367609 0 /dev/ttyUSB0 9
1344367615 0 /dev/ttyUSB0 9
1344367621 0 /dev/ttyUSB0 9
1344367627 0 /dev/ttyUSB0 9
1344367633 0 /dev/ttyUSB0 9
1344367639 0 /dev/ttyUSB0 9
1344367645 0 /dev/ttyUSB0 9
1344367657 0 /dev/ttyUSB0 9
1344367669 0 /dev/ttyUSB0 9
1344367675 0 /dev/ttyUSB0 9
1344367694 0 /dev/ttyUSB0 9
1344367700 0 /dev/ttyUSB0 9
1344367706 0 /dev/ttyUSB0 9
1344367711 0 /dev/ttyUSB0 9
1344367717 0 /dev/ttyUSB0 9
1344367724 0 /dev/ttyUSB0 9
1344367730 0 /dev/ttyUSB0 9
1344367736 0 /dev/ttyUSB0 9
1344367742 0 /dev/ttyUSB0 9
1344367748 0 /dev/ttyUSB0 9
1344367754 0 /dev/ttyUSB0 9
1344367760 0 /dev/ttyUSB0 9
1344367766 0 /dev/ttyUSB0 9
1344367772 0 /dev/ttyUSB0 9
1344367784 0 /dev/ttyUSB0 9
1344367790 0 /dev/ttyUSB0 9
1344367796 0 /dev/ttyUSB0 9
1344367808 0 /dev/ttyUSB0 9
1344367814 0 /dev/ttyUSB0 9
1344367820 0 /dev/ttyUSB0 9
1344367838 0 /dev/ttyUSB0 9
1344367844 0 /dev/ttyUSB0 9
1344367850 0 /dev/ttyUSB0 9
1344367868 0 /dev/ttyUSB0 9
1344367874 0 /dev/ttyUSB0 9
1344367880 0 /dev/ttyUSB0 9
1344367886 0 /dev/ttyUSB0 9
1344367892 0 /dev/ttyUSB0 9
1344367899 0 /dev/ttyUSB0 9
1344367905 0 /dev/ttyUSB0 9
1344367911 0 /dev/ttyUSB0 9
1344367917 0 /dev/ttyUSB0 9
1344367923 0 /dev/ttyUSB0 9
1344367929 0 /dev/ttyUSB0 9
1344367935 0 /dev/ttyUSB0 9
1344367941 0 /dev/ttyUSB0 9
1344367959 0 /dev/ttyUSB0 9
1344367965 0 /dev/ttyUSB0 9
1344367977 0 /dev/ttyUSB0 9
1344367983 0 /dev/ttyUSB0 9
1344367989 0 /dev/ttyUSB0 9
1344367995 0 /dev/ttyUSB0 9
1344368001 0 /dev/ttyUSB0 9
1344368007 0 /dev/ttyUSB0 9
1344368013 0 /dev/ttyUSB0 9
1344368019 0 /dev/ttyUSB0 9
1344368025 0 /dev/ttyUSB0 9
1344368031 0 /dev/ttyUSB0 9
1344368037 0 /dev/ttyUSB0 9
1344368043 0 /dev/ttyUSB0 9
1344368049 0 /dev/ttyUSB0 9
1344368061 0 /dev/ttyUSB0 9
1344368067 0 /dev/ttyUSB0 9
1344368073 0 /dev/ttyUSB0 9
1344368079 0 /dev/ttyUSB0 9
1344368085 0 /dev/ttyUSB0 9
1344368091 0 /dev/ttyUSB0 9
1344368097 0 /dev/ttyUSB0 9
1344368103 0 /dev/ttyUSB0 9
1344368109 0 /dev/ttyUSB0 9
1344368121 0 /dev/ttyUSB0 9
1344368127 0 /dev/ttyUSB0 9
1344368133 0 /dev/ttyUSB0 9
1344368139 0 /dev/ttyUSB0 9
1344368145 0 /dev/ttyUSB0 9
1344368151 0 /dev/ttyUSB0 9
1344368157 0 /dev/ttyUSB0 9
1344368163 0 /dev/ttyUSB0 9
1344368169 0 /dev/ttyUSB0 9
1344368175 0 /dev/ttyUSB0 9
1344368181 0 /dev/ttyUSB0 9
1344368187 0 /dev/ttyUSB0 9
1344368193 0 /dev/ttyUSB0 9
1344368199 0 /dev/ttyUSB0 9
1344368205 0 /dev/ttyUSB0 9
1344368211 0 /dev/ttyUSB0 9
1344368217 0 /dev/ttyUSB0 9
1344368224 0 /dev/ttyUSB0 9
1344368229 0 /dev/ttyUSB0 9
1344368235 0 /dev/ttyUSB0 9
1344368247 0 /dev/ttyUSB0 9
1344368259 0 /dev/ttyUSB0 9
1344368265 0 /dev/ttyUSB0 9
1344368271 0 /dev/ttyUSB0 9
1344368277 0 /dev/ttyUSB0 9
1344368283 0 /dev/ttyUSB0 9
1344368289 0 /dev/ttyUSB0 9
1344368296 0 /dev/ttyUSB0 9
1344368302 0 /dev/ttyUSB0 9
1344368308 0 /dev/ttyUSB0 9
1344368314 0 /dev/ttyUSB0 9
1344368320 0 /dev/ttyUSB0 9
1344368326 0 /dev/ttyUSB0 9
1344368332 0 /dev/ttyUSB0 9
1344368338 0 /dev/ttyUSB0 9
1344368344 0 /dev/ttyUSB0 9
1344368350 0 /dev/ttyUSB0 9
1344368356 0 /dev/ttyUSB0 9
1344368380 0 /dev/ttyUSB0 9
1344368398 0 /dev/ttyUSB0 9
1344368404 0 /dev/ttyUSB0 9
1344368410 0 /dev/ttyUSB0 9
1344368416 0 /dev/ttyUSB0 9
1344368422 0 /dev/ttyUSB0 9
1344368428 0 /dev/ttyUSB0 9
1344368434 0 /dev/ttyUSB0 9
1344368440 0 /dev/ttyUSB0 9
1344368446 0 /dev/ttyUSB0 9
1344368458 0 /dev/ttyUSB0 9
1344368464 0 /dev/ttyUSB0 9
1344368470 0 /dev/ttyUSB0 9
1344368476 0 /dev/ttyUSB0 9
1344368482 0 /dev/ttyUSB0 9
1344368488 0 /dev/ttyUSB0 9
1344368494 0 /dev/ttyUSB0 9
1344368501 0 /dev/ttyUSB0 9
1344368507 0 /dev/ttyUSB0 9
1344368512 0 /dev/ttyUSB0 9
1344368518 0 /dev/ttyUSB0 9
1344368524 0 /dev/ttyUSB0 9
1344368530 0 /dev/ttyUSB0 9
1344368536 0 /dev/ttyUSB0 9
1344368542 0 /dev/ttyUSB0 9
1344368548 0 /dev/ttyUSB0 9
1344368560 0 /dev/ttyUSB0 9
1344368566 0 /dev/ttyUSB0 9
1344368572 0 /dev/ttyUSB0 9
1344368578 0 /dev/ttyUSB0 9
1344368584 0 /dev/ttyUSB0 9
1344368590 0 /dev/ttyUSB0 9
1344368596 0 /dev/ttyUSB0 9
1344368603 0 /dev/ttyUSB0 9
1344368609 0 /dev/ttyUSB0 9
1344368615 0 /dev/ttyUSB0 9
1344368621 0 /dev/ttyUSB0 9
1344368627 0 /dev/ttyUSB0 9
1344368651 0 /dev/ttyUSB0 9
1344368657 0 /dev/ttyUSB0 9
1344368663 0 /dev/ttyUSB0 9
1344368669 0 /dev/ttyUSB0 9
1344368675 0 /dev/ttyUSB0 9
1344368681 0 /dev/ttyUSB0 9
1344368687 0 /dev/ttyUSB0 9
1344368693 0 /dev/ttyUSB0 9
1344368699 0 /dev/ttyUSB0 9
1344368711 0 /dev/ttyUSB0 9
1344368717 0 /dev/ttyUSB0 9
1344368723 0 /dev/ttyUSB0 9
1344368729 0 /dev/ttyUSB0 9
1344368747 0 /dev/ttyUSB0 9
1344368753 0 /dev/ttyUSB0 9
1344368759 0 /dev/ttyUSB0 9
1344368771 0 /dev/ttyUSB0 9
1344368783 0 /dev/ttyUSB0 9
1344368789 0 /dev/ttyUSB0 9
1344368795 0 /dev/ttyUSB0 9
1344368801 0 /dev/ttyUSB0 9
1344368807 0 /dev/ttyUSB0 9
1344368813 0 /dev/ttyUSB0 9
1344368819 0 /dev/ttyUSB0 9
1344368825 0 /dev/ttyUSB0 9
1344368831 0 /dev/ttyUSB0 9
1344368837 0 /dev/ttyUSB0 9
1344368849 0 /dev/ttyUSB0 9
1344368866 0 /dev/ttyUSB0 9
1344368872 0 /dev/ttyUSB0 9
1344368878 0 /dev/ttyUSB0 9
1344368884 0 /dev/ttyUSB0 9
1344368890 0 /dev/ttyUSB0 9
1344368896 0 /dev/ttyUSB0 9
1344368902 0 /dev/ttyUSB0 9
1344368908 0 /dev/ttyUSB0 9
1344368914 0 /dev/ttyUSB0 9
1344368920 0 /dev/ttyUSB0 9
1344368926 0 /dev/ttyUSB0 9
1344368950 0 /dev/ttyUSB0 9
1344368956 0 /dev/ttyUSB0 9
1344368962 0 /dev/ttyUSB0 9
1344368980 0 /dev/ttyUSB0 9
1344368986 0 /dev/ttyUSB0 9
1344368992 0 /dev/ttyUSB0 9
1344369004 0 /dev/ttyUSB0 9
1344369010 0 /dev/ttyUSB0 9
1344369016 0 /dev/ttyUSB0 9
1344369022 0 /dev/ttyUSB0 9
1344369028 0 /dev/ttyUSB0 9
1344369040 0 /dev/ttyUSB0 9
1344369046 0 /dev/ttyUSB0 9
1344369052 0 /dev/ttyUSB0 9
1344369058 0 /dev/ttyUSB0 9
1344369064 0 /dev/ttyUSB0 9
1344369076 0 /dev/ttyUSB0 9
1344369082 0 /dev/ttyUSB0 9
1344369100 0 /dev/ttyUSB0 9
1344369106 0 /dev/ttyUSB0 9
1344369112 0 /dev/ttyUSB0 9
1344369118 0 /dev/ttyUSB0 9
1344369124 0 /dev/ttyUSB0 9
1344369130 0 /dev/ttyUSB0 9
1344369142 0 /dev/ttyUSB0 9
1344369148 0 /dev/ttyUSB0 9
1344369154 0 /dev/ttyUSB0 9
1344369172 0 /dev/ttyUSB0 9
1344369178 0 /dev/ttyUSB0 9
1344369184 0 /dev/ttyUSB0 9
1344369190 0 /dev/ttyUSB0 9
1344369202 0 /dev/ttyUSB0 9
1344369208 0 /dev/ttyUSB0 9
1344369214 0 /dev/ttyUSB0 9
1344369220 0 /dev/ttyUSB0 9
1344369226 0 /dev/ttyUSB0 9
1344369232 0 /dev/ttyUSB0 9
1344369238 0 /dev/ttyUSB0 9
1344369244 0 /dev/ttyUSB0 9
1344369250 0 /dev/ttyUSB0 9
1344369262 0 /dev/ttyUSB0 9
1344369268 0 /dev/ttyUSB0 9
1344369286 0 /dev/ttyUSB0 9
1344369292 0 /dev/ttyUSB0 9
1344369299 0 /dev/ttyUSB0 9
1344369304 0 /dev/ttyUSB0 9
1344369310 0 /dev/ttyUSB0 9
1344369316 0 /dev/ttyUSB0 9
1344369335 0 /dev/ttyUSB0 9
1344369341 0 /dev/ttyUSB0 9
1344369347 0 /dev/ttyUSB0 9
1344369353 0 /dev/ttyUSB0 9
1344369359 0 /dev/ttyUSB0 9
1344369365 0 /dev/ttyUSB0 9
1344369371 0 /dev/ttyUSB0 9
1344369377 0 /dev/ttyUSB0 9
1344369382 0 /dev/ttyUSB0 9
1344369388 0 /dev/ttyUSB0 9
1344369394 0 /dev/ttyUSB0 9
1344369401 0 /dev/ttyUSB0 9
1344369407 0 /dev/ttyUSB0 9
1344369413 0 /dev/ttyUSB0 9
1344369425 0 /dev/ttyUSB0 9
1344369431 0 /dev/ttyUSB0 9
1344369437 0 /dev/ttyUSB0 9
1344369448 0 /dev/ttyUSB0 9
1344369454 0 /dev/ttyUSB0 9
1344369460 0 /dev/ttyUSB0 9
1344369467 0 /dev/ttyUSB0 9
1344369473 0 /dev/ttyUSB0 9
1344369479 0 /dev/ttyUSB0 9
1344369484 0 /dev/ttyUSB0 9
1344369490 0 /dev/ttyUSB0 9
1344369496 0 /dev/ttyUSB0 9
1344369503 0 /dev/ttyUSB0 9
1344369509 0 /dev/ttyUSB0 9
1344369514 0 /dev/ttyUSB0 9
1344369520 0 /dev/ttyUSB0 9
1344369526 0 /dev/ttyUSB0 9
1344369532 0 /dev/ttyUSB0 9
1344369538 0 /dev/ttyUSB0 9
1344369544 0 /dev/ttyUSB0 9
1344369550 0 /dev/ttyUSB0 9
1344369556 0 /dev/ttyUSB0 9
1344369562 0 /dev/ttyUSB0 9
1344369569 0 /dev/ttyUSB0 9
1344369580 0 /dev/ttyUSB0 9
1344369586 0 /dev/ttyUSB0 9
1344369598 0 /dev/ttyUSB0 9
1344369604 0 /dev/ttyUSB0 9
1344369616 0 /dev/ttyUSB0 9
1344369622 0 /dev/ttyUSB0 9
1344369628 0 /dev/ttyUSB0 9
1344369635 0 /dev/ttyUSB0 9
1344369641 0 /dev/ttyUSB0 9
1344369647 0 /dev/ttyUSB0 9
1344369653 0 /dev/ttyUSB0 9
1344369659 0 /dev/ttyUSB0 9
1344369665 0 /dev/ttyUSB0 9
1344369671 0 /dev/ttyUSB0 9
1344369677 0 /dev/ttyUSB0 9
1344369689 0 /dev/ttyUSB0 9
1344369695 0 /dev/ttyUSB0 9
1344369701 0 /dev/ttyUSB0 9
1344369707 0 /dev/ttyUSB0 9
1344369713 0 /dev/ttyUSB0 9
1344369719 0 /dev/ttyUSB0 9
1344369725 0 /dev/ttyUSB0 9
1344369731 0 /dev/ttyUSB0 9
1344369737 0 /dev/ttyUSB0 9
1344369743 0 /dev/ttyUSB0 9
1344369749 0 /dev/ttyUSB0 9
1344369755 0 /dev/ttyUSB0 9
1344369761 0 /dev/ttyUSB0 9
1344369767 0 /dev/ttyUSB0 9
1344369773 0 /dev/ttyUSB0 9
1344369779 0 /dev/ttyUSB0 9
1344369785 0 /dev/ttyUSB0 9
1344369791 0 /dev/ttyUSB0 9
1344369809 0 /dev/ttyUSB0 9
1344369821 0 /dev/ttyUSB0 9
1344369827 0 /dev/ttyUSB0 9
1344369832 0 /dev/ttyUSB0 9
1344369839 0 /dev/ttyUSB0 9
1344369845 0 /dev/ttyUSB0 9
1344369851 0 /dev/ttyUSB0 9
1344369857 0 /dev/ttyUSB0 9
1344369863 0 /dev/ttyUSB0 9
1344369869 0 /dev/ttyUSB0 9
1344369875 0 /dev/ttyUSB0 9
1344369899 0 /dev/ttyUSB0 9
1344369905 0 /dev/ttyUSB0 9
1344369911 0 /dev/ttyUSB0 9
1344369917 0 /dev/ttyUSB0 9
1344369923 0 /dev/ttyUSB0 9
1344369928 0 /dev/ttyUSB0 9
1344369934 0 /dev/ttyUSB0 9
1344369941 0 /dev/ttyUSB0 9
1344369952 0 /dev/ttyUSB0 9
1344369958 0 /dev/ttyUSB0 9
1344369964 0 /dev/ttyUSB0 9
1344369970 0 /dev/ttyUSB0 9
1344369976 0 /dev/ttyUSB0 9
1344369982 0 /dev/ttyUSB0 9
1344369994 0 /dev/ttyUSB0 9
1344370000 0 /dev/ttyUSB0 9
1344370006 0 /dev/ttyUSB0 9
1344370012 0 /dev/ttyUSB0 9
1344370024 0 /dev/ttyUSB0 9
1344370036 0 /dev/ttyUSB0 9
1344370042 0 /dev/ttyUSB0 9
1344370048 0 /dev/ttyUSB0 9
1344370054 0 /dev/ttyUSB0 9
1344370060 0 /dev/ttyUSB0 9
1344370066 0 /dev/ttyUSB0 9
1344370078 0 /dev/ttyUSB0 9
1344370084 0 /dev/ttyUSB0 9
1344370090 0 /dev/ttyUSB0 9
1344370102 0 /dev/ttyUSB0 9
1344370108 0 /dev/ttyUSB0 9
1344370114 0 /dev/ttyUSB0 9
1344370120 0 /dev/ttyUSB0 9
1344370126 0 /dev/ttyUSB0 9
1344370144 0 /dev/ttyUSB0 9
1344370150 0 /dev/ttyUSB0 9
1344370156 0 /dev/ttyUSB0 9
1344370162 0 /dev/ttyUSB0 9
1344370168 0 /dev/ttyUSB0 9
1344370174 0 /dev/ttyUSB0 9
1344370180 0 /dev/ttyUSB0 9
1344370186 0 /dev/ttyUSB0 9
1344370204 0 /dev/ttyUSB0 9
1344370210 0 /dev/ttyUSB0 9
1344370216 0 /dev/ttyUSB0 9
1344370222 0 /dev/ttyUSB0 9
1344370228 0 /dev/ttyUSB0 9
1344370234 0 /dev/ttyUSB0 9
1344370240 0 /dev/ttyUSB0 9
1344370246 0 /dev/ttyUSB0 9
1344370258 0 /dev/ttyUSB0 9
1344370264 0 /dev/ttyUSB0 9
1344370270 0 /dev/ttyUSB0 9
1344370276 0 /dev/ttyUSB0 9
1344370288 0 /dev/ttyUSB0 9
1344370293 0 /dev/ttyUSB0 9
1344370299 0 /dev/ttyUSB0 9
1344370312 0 /dev/ttyUSB0 9
1344370318 0 /dev/ttyUSB0 9
1344370324 0 /dev/ttyUSB0 9
1344370330 0 /dev/ttyUSB0 9
1344370336 0 /dev/ttyUSB0 9
1344370342 0 /dev/ttyUSB0 9
1344370348 0 /dev/ttyUSB0 9
1344370354 0 /dev/ttyUSB0 9
1344370360 0 /dev/ttyUSB0 9
1344370366 0 /dev/ttyUSB0 9
1344370372 0 /dev/ttyUSB0 9
1344370378 0 /dev/ttyUSB0 9
1344370384 0 /dev/ttyUSB0 9
1344370389 0 /dev/ttyUSB0 9
1344370395 0 /dev/ttyUSB0 9
1344370414 0 /dev/ttyUSB0 9
1344370419 0 /dev/ttyUSB0 9
1344370425 0 /dev/ttyUSB0 9
1344370431 0 /dev/ttyUSB0 9
1344370437 0 /dev/ttyUSB0 9
1344370450 0 /dev/ttyUSB0 9
1344370455 0 /dev/ttyUSB0 9
1344370461 0 /dev/ttyUSB0 9
1344370467 0 /dev/ttyUSB0 9
1344370480 0 /dev/ttyUSB0 9
1344370486 0 /dev/ttyUSB0 9
1344370491 0 /dev/ttyUSB0 9
1344370497 0 /dev/ttyUSB0 9
1344370509 0 /dev/ttyUSB0 9
1344370515 0 /dev/ttyUSB0 9
1344370521 0 /dev/ttyUSB0 9
1344370527 0 /dev/ttyUSB0 9
1344370533 0 /dev/ttyUSB0 9
1344370539 0 /dev/ttyUSB0 9
1344370551 0 /dev/ttyUSB0 9
1344370557 0 /dev/ttyUSB0 9
1344370563 0 /dev/ttyUSB0 9
1344370581 0 /dev/ttyUSB0 9
1344370587 0 /dev/ttyUSB0 9
1344370593 0 /dev/ttyUSB0 9
1344370599 0 /dev/ttyUSB0 9
1344370605 0 /dev/ttyUSB0 9
1344370611 0 /dev/ttyUSB0 9
1344370617 0 /dev/ttyUSB0 9
1344370623 0 /dev/ttyUSB0 9
1344370636 0 /dev/ttyUSB0 9
1344370642 0 /dev/ttyUSB0 9
1344370648 0 /dev/ttyUSB0 9
1344370654 0 /dev/ttyUSB0 9
1344370660 0 /dev/ttyUSB0 9
1344370666 0 /dev/ttyUSB0 9
1344370672 0 /dev/ttyUSB0 9
1344370678 0 /dev/ttyUSB0 9
1344370684 0 /dev/ttyUSB0 9
1344370690 0 /dev/ttyUSB0 9
1344370702 0 /dev/ttyUSB0 9
1344370708 0 /dev/ttyUSB0 9
1344370714 0 /dev/ttyUSB0 9
1344370720 0 /dev/ttyUSB0 9
1344370726 0 /dev/ttyUSB0 9
1344370732 0 /dev/ttyUSB0 9
1344370738 0 /dev/ttyUSB0 9
1344370744 0 /dev/ttyUSB0 9
1344370750 0 /dev/ttyUSB0 9
1344370756 0 /dev/ttyUSB0 9
1344370762 0 /dev/ttyUSB0 9
1344370768 0 /dev/ttyUSB0 9
1344370774 0 /dev/ttyUSB0 9
1344370780 0 /dev/ttyUSB0 9
1344370786 0 /dev/ttyUSB0 9
1344370792 0 /dev/ttyUSB0 9
1344370804 0 /dev/ttyUSB0 9
1344370810 0 /dev/ttyUSB0 9
1344370816 0 /dev/ttyUSB0 9
1344370822 0 /dev/ttyUSB0 9
1344370828 0 /dev/ttyUSB0 9
1344370834 0 /dev/ttyUSB0 9
1344370840 0 /dev/ttyUSB0 9
1344370853 0 /dev/ttyUSB0 9
1344370858 0 /dev/ttyUSB0 9
1344370864 0 /dev/ttyUSB0 9
1344370870 0 /dev/ttyUSB0 9
1344370876 0 /dev/ttyUSB0 9
1344370882 0 /dev/ttyUSB0 9
1344370889 0 /dev/ttyUSB0 9
1344370901 0 /dev/ttyUSB0 9
1344370906 0 /dev/ttyUSB0 9
1344370919 0 /dev/ttyUSB0 9
1344370925 0 /dev/ttyUSB0 9
1344370931 0 /dev/ttyUSB0 9
1344370937 0 /dev/ttyUSB0 9
1344370949 0 /dev/ttyUSB0 9
1344370955 0 /dev/ttyUSB0 9
1344370960 0 /dev/ttyUSB0 9
1344370966 12 /dev/ttyUSB0 9
1344370979 12 /dev/ttyUSB0 9
1344370985 0 /dev/ttyUSB0 9
1344370991 0 /dev/ttyUSB0 9
1344370997 0 /dev/ttyUSB0 9
1344371003 0 /dev/ttyUSB0 9
1344371009 0 /dev/ttyUSB0 9
1344371015 0 /dev/ttyUSB0 9
1344371021 0 /dev/ttyUSB0 9
1344371027 0 /dev/ttyUSB0 9
1344371033 0 /dev/ttyUSB0 9
1344371039 0 /dev/ttyUSB0 9
1344371045 0 /dev/ttyUSB0 9
1344371051 0 /dev/ttyUSB0 9
1344371057 0 /dev/ttyUSB0 9
1344371063 0 /dev/ttyUSB0 9
1344371069 0 /dev/ttyUSB0 9
1344371075 0 /dev/ttyUSB0 9
1344371081 0 /dev/ttyUSB0 9
1344371087 0 /dev/ttyUSB0 9
1344371093 0 /dev/ttyUSB0 9
1344371099 0 /dev/ttyUSB0 9
1344371105 0 /dev/ttyUSB0 9
1344371111 0 /dev/ttyUSB0 9
1344371117 0 /dev/ttyUSB0 9
1344371123 0 /dev/ttyUSB0 9
1344371129 0 /dev/ttyUSB0 9
1344371135 0 /dev/ttyUSB0 9
1344371141 0 /dev/ttyUSB0 9
1344371147 0 /dev/ttyUSB0 9
1344371153 0 /dev/ttyUSB0 9
1344371159 0 /dev/ttyUSB0 9
1344371165 0 /dev/ttyUSB0 9
1344371171 0 /dev/ttyUSB0 9
1344371183 0 /dev/ttyUSB0 9
1344371189 0 /dev/ttyUSB0 9
1344371195 0 /dev/ttyUSB0 9
1344371201 0 /dev/ttyUSB0 9
1344371206 0 /dev/ttyUSB0 9
1344371212 0 /dev/ttyUSB0 9
1344371230 0 /dev/ttyUSB0 9
1344371236 0 /dev/ttyUSB0 9
1344371242 0 /dev/ttyUSB0 9
1344371254 0 /dev/ttyUSB0 9
1344371260 0 /dev/ttyUSB0 9
1344371266 0 /dev/ttyUSB0 9
1344371272 0 /dev/ttyUSB0 9
1344371278 0 /dev/ttyUSB0 9
1344371284 0 /dev/ttyUSB0 9
1344371290 12 /dev/ttyUSB0 9
1344371296 0 /dev/ttyUSB0 9
1344371302 0 /dev/ttyUSB0 9
1344371308 0 /dev/ttyUSB0 9
1344371320 0 /dev/ttyUSB0 9
1344371326 0 /dev/ttyUSB0 9
1344371332 0 /dev/ttyUSB0 9
1344371344 0 /dev/ttyUSB0 9
1344371350 0 /dev/ttyUSB0 9
1344371356 0 /dev/ttyUSB0 9
1344371362 0 /dev/ttyUSB0 9
1344371368 0 /dev/ttyUSB0 9
1344371374 0 /dev/ttyUSB0 9
1344371380 0 /dev/ttyUSB0 9
1344371386 0 /dev/ttyUSB0 9
1344371392 0 /dev/ttyUSB0 9
1344371398 0 /dev/ttyUSB0 9
1344371404 0 /dev/ttyUSB0 9
1344371410 0 /dev/ttyUSB0 9
1344371416 0 /dev/ttyUSB0 9
1344371422 0 /dev/ttyUSB0 9
1344371428 0 /dev/ttyUSB0 9
1344371434 0 /dev/ttyUSB0 9
1344371440 0 /dev/ttyUSB0 9
1344371446 0 /dev/ttyUSB0 9
1344371452 0 /dev/ttyUSB0 9
1344371458 0 /dev/ttyUSB0 9
1344371470 0 /dev/ttyUSB0 9
1344371476 0 /dev/ttyUSB0 9
1344371488 0 /dev/ttyUSB0 9
1344371494 0 /dev/ttyUSB0 9
1344371500 0 /dev/ttyUSB0 9
1344371506 0 /dev/ttyUSB0 9
1344371512 0 /dev/ttyUSB0 9
1344371518 0 /dev/ttyUSB0 9
1344371530 0 /dev/ttyUSB0 9
1344371542 0 /dev/ttyUSB0 9
1344371548 0 /dev/ttyUSB0 9
1344371566 0 /dev/ttyUSB0 9
1344371572 0 /dev/ttyUSB0 9
1344371578 0 /dev/ttyUSB0 9
1344371584 0 /dev/ttyUSB0 9
1344371590 0 /dev/ttyUSB0 9
1344371602 0 /dev/ttyUSB0 9
1344371608 0 /dev/ttyUSB0 9
1344371614 0 /dev/ttyUSB0 9
1344371620 0 /dev/ttyUSB0 9
1344371626 0 /dev/ttyUSB0 9
1344371632 0 /dev/ttyUSB0 9
1344371638 0 /dev/ttyUSB0 9
1344371644 0 /dev/ttyUSB0 9
1344371650 0 /dev/ttyUSB0 9
1344371656 0 /dev/ttyUSB0 9
1344371662 0 /dev/ttyUSB0 9
1344371668 0 /dev/ttyUSB0 9
1344371674 0 /dev/ttyUSB0 9
1344371680 0 /dev/ttyUSB0 9
1344371686 0 /dev/ttyUSB0 9
1344371698 0 /dev/ttyUSB0 9
1344371704 0 /dev/ttyUSB0 9
1344371710 0 /dev/ttyUSB0 9
1344371716 0 /dev/ttyUSB0 9
1344371722 0 /dev/ttyUSB0 9
1344371734 0 /dev/ttyUSB0 9
1344371746 0 /dev/ttyUSB0 9
1344371752 0 /dev/ttyUSB0 9
1344371758 0 /dev/ttyUSB0 9
1344371770 12 /dev/ttyUSB0 9
1344371776 0 /dev/ttyUSB0 9
1344371782 0 /dev/ttyUSB0 9
1344371788 0 /dev/ttyUSB0 9
1344371794 0 /dev/ttyUSB0 9
1344371800 0 /dev/ttyUSB0 9
1344371806 0 /dev/ttyUSB0 9
1344371818 0 /dev/ttyUSB0 9
1344371824 0 /dev/ttyUSB0 9
1344371829 0 /dev/ttyUSB0 9
1344371841 12 /dev/ttyUSB0 9
1344371847 0 /dev/ttyUSB0 9
1344371860 0 /dev/ttyUSB0 9
1344371872 0 /dev/ttyUSB0 9
1344371877 0 /dev/ttyUSB0 9
1344371890 0 /dev/ttyUSB0 9
1344371896 0 /dev/ttyUSB0 9
1344371902 0 /dev/ttyUSB0 9
1344371908 0 /dev/ttyUSB0 9
1344371914 0 /dev/ttyUSB0 9
1344371920 0 /dev/ttyUSB0 9
1344371926 0 /dev/ttyUSB0 9
1344371938 0 /dev/ttyUSB0 9
1344371944 0 /dev/ttyUSB0 9
1344371950 0 /dev/ttyUSB0 9
1344371956 0 /dev/ttyUSB0 9
1344371962 0 /dev/ttyUSB0 9
1344371974 0 /dev/ttyUSB0 9
1344371980 0 /dev/ttyUSB0 9
1344371986 0 /dev/ttyUSB0 9
1344371992 12 /dev/ttyUSB0 9
1344371998 0 /dev/ttyUSB0 9
1344372004 0 /dev/ttyUSB0 9
1344372010 0 /dev/ttyUSB0 9
1344372022 0 /dev/ttyUSB0 9
1344372034 0 /dev/ttyUSB0 9
1344372040 0 /dev/ttyUSB0 9
1344372046 0 /dev/ttyUSB0 9
1344372052 0 /dev/ttyUSB0 9
1344372064 0 /dev/ttyUSB0 9
1344372070 0 /dev/ttyUSB0 9
1344372076 0 /dev/ttyUSB0 9
1344372082 0 /dev/ttyUSB0 9
1344372088 0 /dev/ttyUSB0 9
1344372100 0 /dev/ttyUSB0 9
1344372106 0 /dev/ttyUSB0 9
1344372112 0 /dev/ttyUSB0 9
1344372124 0 /dev/ttyUSB0 9
1344372130 0 /dev/ttyUSB0 9
1344372136 0 /dev/ttyUSB0 9
1344372142 0 /dev/ttyUSB0 9
1344372154 0 /dev/ttyUSB0 9
1344372160 0 /dev/ttyUSB0 9
1344372166 0 /dev/ttyUSB0 9
1344372172 0 /dev/ttyUSB0 9
1344372178 0 /dev/ttyUSB0 9
1344372184 0 /dev/ttyUSB0 9
1344372190 0 /dev/ttyUSB0 9
1344372208 0 /dev/ttyUSB0 9
1344372220 0 /dev/ttyUSB0 9
1344372226 0 /dev/ttyUSB0 9
1344372232 0 /dev/ttyUSB0 9
1344372238 0 /dev/ttyUSB0 9
1344372243 0 /dev/ttyUSB0 9
1344372249 0 /dev/ttyUSB0 9
1344372255 0 /dev/ttyUSB0 9
1344372261 0 /dev/ttyUSB0 9
1344372273 12 /dev/ttyUSB0 9
1344372279 0 /dev/ttyUSB0 9
1344372291 0 /dev/ttyUSB0 9
1344372303 0 /dev/ttyUSB0 9
1344372309 0 /dev/ttyUSB0 9
1344372315 0 /dev/ttyUSB0 9
1344372321 12 /dev/ttyUSB0 9
1344372327 0 /dev/ttyUSB0 9
1344372332 0 /dev/ttyUSB0 9
1344372338 0 /dev/ttyUSB0 9
1344372344 0 /dev/ttyUSB0 9
1344372350 12 /dev/ttyUSB0 9
1344372356 0 /dev/ttyUSB0 9
1344372362 0 /dev/ttyUSB0 9
1344372368 0 /dev/ttyUSB0 9
1344372374 12 /dev/ttyUSB0 9
1344372380 0 /dev/ttyUSB0 9
1344372392 0 /dev/ttyUSB0 9
1344372410 0 /dev/ttyUSB0 9
1344372416 0 /dev/ttyUSB0 9
1344372422 0 /dev/ttyUSB0 9
1344372434 0 /dev/ttyUSB0 9
1344372440 0 /dev/ttyUSB0 9
1344372446 0 /dev/ttyUSB0 9
1344372452 0 /dev/ttyUSB0 9
1344372476 0 /dev/ttyUSB0 9
1344372482 0 /dev/ttyUSB0 9
1344372489 0 /dev/ttyUSB0 9
1344372507 0 /dev/ttyUSB0 9
1344372512 0 /dev/ttyUSB0 9
1344372518 0 /dev/ttyUSB0 9
1344372524 0 /dev/ttyUSB0 9
1344372530 12 /dev/ttyUSB0 9
1344372536 0 /dev/ttyUSB0 9
1344372548 0 /dev/ttyUSB0 9
1344372554 0 /dev/ttyUSB0 9
1344372566 0 /dev/ttyUSB0 9
1344372572 0 /dev/ttyUSB0 9
1344372579 0 /dev/ttyUSB0 9
1344372585 0 /dev/ttyUSB0 9
1344372590 0 /dev/ttyUSB0 9
1344372596 0 /dev/ttyUSB0 9
1344372602 0 /dev/ttyUSB0 9
1344372609 0 /dev/ttyUSB0 9
1344372615 0 /dev/ttyUSB0 9
1344372627 0 /dev/ttyUSB0 9
1344372633 0 /dev/ttyUSB0 9
1344372639 0 /dev/ttyUSB0 9
1344372645 0 /dev/ttyUSB0 9
1344372651 0 /dev/ttyUSB0 9
1344372657 0 /dev/ttyUSB0 9
1344372663 0 /dev/ttyUSB0 9
1344372669 0 /dev/ttyUSB0 9
1344372675 12 /dev/ttyUSB0 9
1344372681 0 /dev/ttyUSB0 9
1344372686 0 /dev/ttyUSB0 9
1344372692 0 /dev/ttyUSB0 9
1344372698 0 /dev/ttyUSB0 9
1344372704 0 /dev/ttyUSB0 9
1344372710 0 /dev/ttyUSB0 9
1344372716 0 /dev/ttyUSB0 9
1344372728 0 /dev/ttyUSB0 9
1344372734 0 /dev/ttyUSB0 9
1344372740 0 /dev/ttyUSB0 9
1344372758 12 /dev/ttyUSB0 9
1344372764 12 /dev/ttyUSB0 9
1344372770 0 /dev/ttyUSB0 9
1344372776 12 /dev/ttyUSB0 9
1344372783 0 /dev/ttyUSB0 9
1344372789 12 /dev/ttyUSB0 9
1344372795 12 /dev/ttyUSB0 9
1344372801 0 /dev/ttyUSB0 9
1344372807 12 /dev/ttyUSB0 9
1344372819 12 /dev/ttyUSB0 9
1344372825 12 /dev/ttyUSB0 9
1344372831 12 /dev/ttyUSB0 9
1344372843 12 /dev/ttyUSB0 9
1344372848 12 /dev/ttyUSB0 9
1344372854 0 /dev/ttyUSB0 9
1344372860 0 /dev/ttyUSB0 9
1344372867 0 /dev/ttyUSB0 9
1344372872 0 /dev/ttyUSB0 9
1344372878 0 /dev/ttyUSB0 9
1344372884 0 /dev/ttyUSB0 9
1344372896 0 /dev/ttyUSB0 9
1344372902 0 /dev/ttyUSB0 9
1344372908 0 /dev/ttyUSB0 9
1344372914 0 /dev/ttyUSB0 9
1344372920 0 /dev/ttyUSB0 9
1344372926 0 /dev/ttyUSB0 9
1344372932 0 /dev/ttyUSB0 9
1344372938 0 /dev/ttyUSB0 9
1344372944 12 /dev/ttyUSB0 9
1344372950 0 /dev/ttyUSB0 9
1344372956 0 /dev/ttyUSB0 9
1344372968 12 /dev/ttyUSB0 9
1344372974 12 /dev/ttyUSB0 9
1344372980 0 /dev/ttyUSB0 9
1344372985 12 /dev/ttyUSB0 9
1344372992 0 /dev/ttyUSB0 9
1344372998 0 /dev/ttyUSB0 9
1344373004 0 /dev/ttyUSB0 9
1344373015 0 /dev/ttyUSB0 9
1344373022 12 /dev/ttyUSB0 9
1344373028 12 /dev/ttyUSB0 9
1344373033 12 /dev/ttyUSB0 9
1344373039 0 /dev/ttyUSB0 9
1344373045 0 /dev/ttyUSB0 9
1344373058 0 /dev/ttyUSB0 9
1344373064 0 /dev/ttyUSB0 9
1344373069 0 /dev/ttyUSB0 9
1344373075 0 /dev/ttyUSB0 9
1344373082 0 /dev/ttyUSB0 9
1344373093 0 /dev/ttyUSB0 9
1344373099 12 /dev/ttyUSB0 9
1344373105 12 /dev/ttyUSB0 9
1344373111 0 /dev/ttyUSB0 9
1344373117 0 /dev/ttyUSB0 9
1344373123 0 /dev/ttyUSB0 9
1344373129 12 /dev/ttyUSB0 9
1344373135 12 /dev/ttyUSB0 9
1344373141 0 /dev/ttyUSB0 9
1344373147 12 /dev/ttyUSB0 9
1344373153 12 /dev/ttyUSB0 9
1344373165 12 /dev/ttyUSB0 9
1344373171 0 /dev/ttyUSB0 9
1344373177 12 /dev/ttyUSB0 9
1344373183 12 /dev/ttyUSB0 9
1344373189 12 /dev/ttyUSB0 9
1344373201 12 /dev/ttyUSB0 9
1344373213 0 /dev/ttyUSB0 9
1344373219 0 /dev/ttyUSB0 9
1344373225 12 /dev/ttyUSB0 9
1344373231 12 /dev/ttyUSB0 9
1344373237 0 /dev/ttyUSB0 9
1344373243 0 /dev/ttyUSB0 9
1344373249 0 /dev/ttyUSB0 9
1344373255 12 /dev/ttyUSB0 9
1344373261 0 /dev/ttyUSB0 9
1344373267 0 /dev/ttyUSB0 9
1344373273 12 /dev/ttyUSB0 9
1344373279 12 /dev/ttyUSB0 9
1344373285 0 /dev/ttyUSB0 9
1344373291 0 /dev/ttyUSB0 9
1344373297 12 /dev/ttyUSB0 9
1344373309 12 /dev/ttyUSB0 9
1344373315 0 /dev/ttyUSB0 9
1344373321 12 /dev/ttyUSB0 9
1344373327 12 /dev/ttyUSB0 9
1344373333 0 /dev/ttyUSB0 9
1344373345 0 /dev/ttyUSB0 9
1344373351 12 /dev/ttyUSB0 9
1344373363 0 /dev/ttyUSB0 9
1344373369 0 /dev/ttyUSB0 9
1344373375 0 /dev/ttyUSB0 9
1344373381 12 /dev/ttyUSB0 9
1344373387 12 /dev/ttyUSB0 9
1344373393 12 /dev/ttyUSB0 9
1344373411 0 /dev/ttyUSB0 9
1344373423 12 /dev/ttyUSB0 9
1344373429 0 /dev/ttyUSB0 9
1344373435 12 /dev/ttyUSB0 9
1344373441 12 /dev/ttyUSB0 9
1344373447 12 /dev/ttyUSB0 9
1344373453 0 /dev/ttyUSB0 9
1344373459 12 /dev/ttyUSB0 9
1344373465 12 /dev/ttyUSB0 9
1344373471 12 /dev/ttyUSB0 9
1344373477 12 /dev/ttyUSB0 9
1344373483 12 /dev/ttyUSB0 9
1344373489 12 /dev/ttyUSB0 9
1344373501 0 /dev/ttyUSB0 9
1344373507 12 /dev/ttyUSB0 9
1344373513 12 /dev/ttyUSB0 9
1344373525 0 /dev/ttyUSB0 9
1344373531 12 /dev/ttyUSB0 9
1344373537 12 /dev/ttyUSB0 9
1344373543 12 /dev/ttyUSB0 9
1344373555 12 /dev/ttyUSB0 9
1344373561 12 /dev/ttyUSB0 9
1344373567 12 /dev/ttyUSB0 9
1344373579 0 /dev/ttyUSB0 9
1344373585 12 /dev/ttyUSB0 9
1344373591 12 /dev/ttyUSB0 9
1344373597 12 /dev/ttyUSB0 9
1344373603 0 /dev/ttyUSB0 9
1344373609 12 /dev/ttyUSB0 9
1344373615 0 /dev/ttyUSB0 9
1344373621 0 /dev/ttyUSB0 9
1344373639 0 /dev/ttyUSB0 9
1344373645 0 /dev/ttyUSB0 9
1344373651 12 /dev/ttyUSB0 9
1344373657 0 /dev/ttyUSB0 9
1344373663 0 /dev/ttyUSB0 9
1344373669 0 /dev/ttyUSB0 9
1344373675 0 /dev/ttyUSB0 9
1344373687 0 /dev/ttyUSB0 9
1344373693 0 /dev/ttyUSB0 9
1344373699 0 /dev/ttyUSB0 9
1344373711 0 /dev/ttyUSB0 9
1344373717 0 /dev/ttyUSB0 9
1344373723 0 /dev/ttyUSB0 9
1344373729 0 /dev/ttyUSB0 9
1344373741 0 /dev/ttyUSB0 9
1344373747 0 /dev/ttyUSB0 9
1344373753 0 /dev/ttyUSB0 9
1344373759 0 /dev/ttyUSB0 9
1344373765 0 /dev/ttyUSB0 9
1344373783 0 /dev/ttyUSB0 9
1344373789 0 /dev/ttyUSB0 9
1344373795 0 /dev/ttyUSB0 9
1344373801 12 /dev/ttyUSB0 9
1344373807 0 /dev/ttyUSB0 9
1344373813 0 /dev/ttyUSB0 9
1344373819 0 /dev/ttyUSB0 9
1344373825 0 /dev/ttyUSB0 9
1344373831 0 /dev/ttyUSB0 9
1344373843 0 /dev/ttyUSB0 9
1344373849 0 /dev/ttyUSB0 9
1344373855 0 /dev/ttyUSB0 9
1344373867 0 /dev/ttyUSB0 9
1344373873 0 /dev/ttyUSB0 9
1344373879 0 /dev/ttyUSB0 9
1344373885 0 /dev/ttyUSB0 9
1344373897 0 /dev/ttyUSB0 9
1344373903 0 /dev/ttyUSB0 9
1344373909 0 /dev/ttyUSB0 9
1344373915 0 /dev/ttyUSB0 9
1344373921 0 /dev/ttyUSB0 9
1344373927 0 /dev/ttyUSB0 9
1344373939 0 /dev/ttyUSB0 9
1344373945 0 /dev/ttyUSB0 9
1344373951 0 /dev/ttyUSB0 9
1344373957 0 /dev/ttyUSB0 9
1344373963 0 /dev/ttyUSB0 9
1344373975 0 /dev/ttyUSB0 9
1344373981 0 /dev/ttyUSB0 9
1344373987 0 /dev/ttyUSB0 9
1344373993 0 /dev/ttyUSB0 9
1344373999 0 /dev/ttyUSB0 9
1344374005 0 /dev/ttyUSB0 9
1344374011 0 /dev/ttyUSB0 9
1344374017 0 /dev/ttyUSB0 9
1344374023 0 /dev/ttyUSB0 9
1344374029 0 /dev/ttyUSB0 9
1344374035 0 /dev/ttyUSB0 9
1344374041 0 /dev/ttyUSB0 9
1344374047 0 /dev/ttyUSB0 9
1344374053 0 /dev/ttyUSB0 9
1344374059 0 /dev/ttyUSB0 9
1344374065 0 /dev/ttyUSB0 9
1344374077 0 /dev/ttyUSB0 9
1344374089 0 /dev/ttyUSB0 9
1344374095 0 /dev/ttyUSB0 9
1344374101 0 /dev/ttyUSB0 9
1344374107 0 /dev/ttyUSB0 9
1344374113 0 /dev/ttyUSB0 9
1344374125 0 /dev/ttyUSB0 9
1344374131 0 /dev/ttyUSB0 9
1344374137 0 /dev/ttyUSB0 9
1344374143 0 /dev/ttyUSB0 9
1344374161 0 /dev/ttyUSB0 9
1344374167 0 /dev/ttyUSB0 9
1344374179 0 /dev/ttyUSB0 9
1344374185 0 /dev/ttyUSB0 9
1344374191 0 /dev/ttyUSB0 9
1344374197 0 /dev/ttyUSB0 9
1344374203 0 /dev/ttyUSB0 9
1344374209 0 /dev/ttyUSB0 9
1344374221 0 /dev/ttyUSB0 9
1344374227 0 /dev/ttyUSB0 9
1344374233 0 /dev/ttyUSB0 9
1344374256 0 /dev/ttyUSB0 9
1344374262 0 /dev/ttyUSB0 9
1344374268 0 /dev/ttyUSB0 9
1344374274 0 /dev/ttyUSB0 9
1344374280 0 /dev/ttyUSB0 9
1344374286 0 /dev/ttyUSB0 9
1344374293 0 /dev/ttyUSB0 9
1344374299 0 /dev/ttyUSB0 9
1344374305 0 /dev/ttyUSB0 9
1344374310 0 /dev/ttyUSB0 9
1344374317 12 /dev/ttyUSB0 9
1344374323 0 /dev/ttyUSB0 9
1344374340 0 /dev/ttyUSB0 9
1344374346 0 /dev/ttyUSB0 9
1344374352 0 /dev/ttyUSB0 9
1344374358 0 /dev/ttyUSB0 9
1344374376 0 /dev/ttyUSB0 9
1344374382 0 /dev/ttyUSB0 9
1344374394 0 /dev/ttyUSB0 9
1344374400 0 /dev/ttyUSB0 9
1344374406 0 /dev/ttyUSB0 9
1344374412 0 /dev/ttyUSB0 9
1344374418 0 /dev/ttyUSB0 9
1344374430 0 /dev/ttyUSB0 9
1344374436 0 /dev/ttyUSB0 9
1344374442 0 /dev/ttyUSB0 9
1344374448 12 /dev/ttyUSB0 9
1344374454 0 /dev/ttyUSB0 9
1344374460 0 /dev/ttyUSB0 9
1344374472 0 /dev/ttyUSB0 9
1344374484 0 /dev/ttyUSB0 9
1344374490 0 /dev/ttyUSB0 9
1344374496 0 /dev/ttyUSB0 9
1344374502 0 /dev/ttyUSB0 9
1344374508 0 /dev/ttyUSB0 9
1344374514 0 /dev/ttyUSB0 9
1344374532 0 /dev/ttyUSB0 9
1344374538 0 /dev/ttyUSB0 9
1344374544 0 /dev/ttyUSB0 9
1344374556 0 /dev/ttyUSB0 9
1344374568 0 /dev/ttyUSB0 9
1344374574 0 /dev/ttyUSB0 9
1344374580 0 /dev/ttyUSB0 9
1344374592 0 /dev/ttyUSB0 9
1344374598 0 /dev/ttyUSB0 9
1344374604 0 /dev/ttyUSB0 9
1344374610 0 /dev/ttyUSB0 9
1344374616 0 /dev/ttyUSB0 9
1344374628 0 /dev/ttyUSB0 9
1344374634 0 /dev/ttyUSB0 9
1344374640 0 /dev/ttyUSB0 9
1344374646 0 /dev/ttyUSB0 9
1344374652 0 /dev/ttyUSB0 9
1344374658 0 /dev/ttyUSB0 9
1344374664 12 /dev/ttyUSB0 9
1344374670 12 /dev/ttyUSB0 9
1344374676 12 /dev/ttyUSB0 9
1344374682 0 /dev/ttyUSB0 9
1344374688 0 /dev/ttyUSB0 9
1344374694 0 /dev/ttyUSB0 9
1344374700 0 /dev/ttyUSB0 9
1344374706 12 /dev/ttyUSB0 9
1344374712 0 /dev/ttyUSB0 9
1344374718 0 /dev/ttyUSB0 9
1344374724 0 /dev/ttyUSB0 9
1344374730 0 /dev/ttyUSB0 9
1344374736 0 /dev/ttyUSB0 9
1344374742 0 /dev/ttyUSB0 9
1344374748 0 /dev/ttyUSB0 9
1344374754 0 /dev/ttyUSB0 9
1344374760 0 /dev/ttyUSB0 9
1344374766 0 /dev/ttyUSB0 9
1344374772 0 /dev/ttyUSB0 9
1344374778 0 /dev/ttyUSB0 9
1344374784 0 /dev/ttyUSB0 9
1344374790 0 /dev/ttyUSB0 9
1344374796 0 /dev/ttyUSB0 9
1344374802 0 /dev/ttyUSB0 9
1344374808 0 /dev/ttyUSB0 9
1344374814 0 /dev/ttyUSB0 9
1344374820 0 /dev/ttyUSB0 9
1344374832 0 /dev/ttyUSB0 9
1344374838 0 /dev/ttyUSB0 9
1344374844 0 /dev/ttyUSB0 9
1344374862 0 /dev/ttyUSB0 9
1344374868 0 /dev/ttyUSB0 9
1344374880 0 /dev/ttyUSB0 9
1344374886 0 /dev/ttyUSB0 9
1344374892 0 /dev/ttyUSB0 9
1344374898 0 /dev/ttyUSB0 9
1344374904 0 /dev/ttyUSB0 9
1344374910 0 /dev/ttyUSB0 9
1344374916 0 /dev/ttyUSB0 9
1344374922 0 /dev/ttyUSB0 9
1344374928 0 /dev/ttyUSB0 9
1344374934 0 /dev/ttyUSB0 9
1344374940 0 /dev/ttyUSB0 9
1344374946 0 /dev/ttyUSB0 9
1344374952 0 /dev/ttyUSB0 9
1344374958 0 /dev/ttyUSB0 9
1344374964 0 /dev/ttyUSB0 9
1344374970 0 /dev/ttyUSB0 9
1344374976 0 /dev/ttyUSB0 9
1344374982 0 /dev/ttyUSB0 9
1344374988 0 /dev/ttyUSB0 9
1344374994 0 /dev/ttyUSB0 9
1344375011 0 /dev/ttyUSB0 9
1344375017 0 /dev/ttyUSB0 9
1344375023 0 /dev/ttyUSB0 9
1344375029 0 /dev/ttyUSB0 9
1344375035 0 /dev/ttyUSB0 9
1344375041 0 /dev/ttyUSB0 9
1344375047 0 /dev/ttyUSB0 9
1344375053 0 /dev/ttyUSB0 9
1344375059 0 /dev/ttyUSB0 9
1344375065 0 /dev/ttyUSB0 9
1344375071 0 /dev/ttyUSB0 9
1344375077 0 /dev/ttyUSB0 9
1344375083 0 /dev/ttyUSB0 9
1344375089 0 /dev/ttyUSB0 9
1344375095 0 /dev/ttyUSB0 9
1344375101 0 /dev/ttyUSB0 9
1344375112 0 /dev/ttyUSB0 9
1344375118 0 /dev/ttyUSB0 9
1344375136 0 /dev/ttyUSB0 9
1344375142 0 /dev/ttyUSB0 9
1344375148 0 /dev/ttyUSB0 9
1344375154 0 /dev/ttyUSB0 9
1344375160 0 /dev/ttyUSB0 9
1344375166 0 /dev/ttyUSB0 9
1344375172 0 /dev/ttyUSB0 9
1344375178 0 /dev/ttyUSB0 9
1344375185 0 /dev/ttyUSB0 9
1344375191 0 /dev/ttyUSB0 9
1344375197 0 /dev/ttyUSB0 9
1344375203 0 /dev/ttyUSB0 9
1344375209 0 /dev/ttyUSB0 9
1344375215 0 /dev/ttyUSB0 9
1344375221 0 /dev/ttyUSB0 9
1344375227 0 /dev/ttyUSB0 9
1344375233 0 /dev/ttyUSB0 9
1344375239 0 /dev/ttyUSB0 9
1344375245 0 /dev/ttyUSB0 9
1344375251 0 /dev/ttyUSB0 9
1344375257 0 /dev/ttyUSB0 9
1344375263 0 /dev/ttyUSB0 9
1344375275 0 /dev/ttyUSB0 9
1344375292 0 /dev/ttyUSB0 9
1344375298 0 /dev/ttyUSB0 9
1344375304 0 /dev/ttyUSB0 9
1344375310 0 /dev/ttyUSB0 9
1344375316 0 /dev/ttyUSB0 9
1344375322 0 /dev/ttyUSB0 9
1344375328 0 /dev/ttyUSB0 9
1344375334 0 /dev/ttyUSB0 9
1344375340 0 /dev/ttyUSB0 9
1344375346 0 /dev/ttyUSB0 9
1344375352 0 /dev/ttyUSB0 9
1344375358 0 /dev/ttyUSB0 9
1344375371 0 /dev/ttyUSB0 9
1344375377 0 /dev/ttyUSB0 9
1344375383 0 /dev/ttyUSB0 9
1344375394 0 /dev/ttyUSB0 9
1344375400 0 /dev/ttyUSB0 9
1344375424 0 /dev/ttyUSB0 9
1344375430 0 /dev/ttyUSB0 9
1344375436 0 /dev/ttyUSB0 9
1344375442 0 /dev/ttyUSB0 9
1344375448 0 /dev/ttyUSB0 9
1344375454 0 /dev/ttyUSB0 9
1344375472 0 /dev/ttyUSB0 9
1344375478 0 /dev/ttyUSB0 9
1344375484 0 /dev/ttyUSB0 9
1344375490 0 /dev/ttyUSB0 9
1344375495 0 /dev/ttyUSB0 9
1344375501 0 /dev/ttyUSB0 9
1344375507 0 /dev/ttyUSB0 9
1344375519 0 /dev/ttyUSB0 9
1344375525 0 /dev/ttyUSB0 9
1344375531 0 /dev/ttyUSB0 9
1344375543 0 /dev/ttyUSB0 9
1344375549 0 /dev/ttyUSB0 9
1344375561 0 /dev/ttyUSB0 9
1344375567 0 /dev/ttyUSB0 9
1344375573 0 /dev/ttyUSB0 9
1344375579 0 /dev/ttyUSB0 9
1344375585 0 /dev/ttyUSB0 9
1344375597 0 /dev/ttyUSB0 9
1344375603 0 /dev/ttyUSB0 9
1344375609 0 /dev/ttyUSB0 9
1344375620 0 /dev/ttyUSB0 9
1344375638 0 /dev/ttyUSB0 9
1344375644 0 /dev/ttyUSB0 9
1344375650 0 /dev/ttyUSB0 9
1344375656 0 /dev/ttyUSB0 9
1344375662 0 /dev/ttyUSB0 9
1344375668 0 /dev/ttyUSB0 9
1344375674 0 /dev/ttyUSB0 9
1344375680 0 /dev/ttyUSB0 9
1344375693 0 /dev/ttyUSB0 9
1344375699 0 /dev/ttyUSB0 9
1344375705 0 /dev/ttyUSB0 9
1344375711 0 /dev/ttyUSB0 9
1344375717 0 /dev/ttyUSB0 9
1344375723 0 /dev/ttyUSB0 9
1344375729 0 /dev/ttyUSB0 9
1344375735 0 /dev/ttyUSB0 9
1344375741 0 /dev/ttyUSB0 9
1344375747 0 /dev/ttyUSB0 9
1344375753 0 /dev/ttyUSB0 9
1344375758 0 /dev/ttyUSB0 9
1344375764 0 /dev/ttyUSB0 9
1344375770 0 /dev/ttyUSB0 9
1344375776 0 /dev/ttyUSB0 9
1344375782 0 /dev/ttyUSB0 9
1344375794 0 /dev/ttyUSB0 9
1344375800 0 /dev/ttyUSB0 9
1344375806 0 /dev/ttyUSB0 9
1344375818 0 /dev/ttyUSB0 9
1344375824 0 /dev/ttyUSB0 9
1344375830 0 /dev/ttyUSB0 9
1344375836 0 /dev/ttyUSB0 9
1344375842 0 /dev/ttyUSB0 9
1344375848 0 /dev/ttyUSB0 9
1344375854 0 /dev/ttyUSB0 9
1344375860 0 /dev/ttyUSB0 9
1344375866 0 /dev/ttyUSB0 9
1344375872 0 /dev/ttyUSB0 9
1344375878 0 /dev/ttyUSB0 9
1344375884 0 /dev/ttyUSB0 9
1344375890 0 /dev/ttyUSB0 9
1344375896 0 /dev/ttyUSB0 9
1344375902 0 /dev/ttyUSB0 9
1344375908 0 /dev/ttyUSB0 9
1344375914 0 /dev/ttyUSB0 9
1344375920 0 /dev/ttyUSB0 9
1344375926 0 /dev/ttyUSB0 9
1344375932 0 /dev/ttyUSB0 9
1344375938 0 /dev/ttyUSB0 9
1344375944 0 /dev/ttyUSB0 9
1344375950 0 /dev/ttyUSB0 9
1344375956 0 /dev/ttyUSB0 9
1344375968 0 /dev/ttyUSB0 9
1344375974 0 /dev/ttyUSB0 9
1344375986 0 /dev/ttyUSB0 9
1344375992 0 /dev/ttyUSB0 9
1344375998 0 /dev/ttyUSB0 9
1344376004 0 /dev/ttyUSB0 9
1344376010 0 /dev/ttyUSB0 9
1344376016 0 /dev/ttyUSB0 9
1344376022 0 /dev/ttyUSB0 9
1344376034 0 /dev/ttyUSB0 9
1344376040 0 /dev/ttyUSB0 9
1344376046 0 /dev/ttyUSB0 9
1344376052 0 /dev/ttyUSB0 9
1344376058 0 /dev/ttyUSB0 9
1344376076 0 /dev/ttyUSB0 9
1344376082 0 /dev/ttyUSB0 9
1344376088 0 /dev/ttyUSB0 9
1344376094 0 /dev/ttyUSB0 9
1344376100 0 /dev/ttyUSB0 9
1344376106 0 /dev/ttyUSB0 9
1344376118 0 /dev/ttyUSB0 9
1344376124 0 /dev/ttyUSB0 9
1344376136 0 /dev/ttyUSB0 9
1344376142 0 /dev/ttyUSB0 9
1344376148 0 /dev/ttyUSB0 9
1344376160 0 /dev/ttyUSB0 9
1344376166 0 /dev/ttyUSB0 9
1344376178 0 /dev/ttyUSB0 9
1344376184 0 /dev/ttyUSB0 9
1344376190 0 /dev/ttyUSB0 9
1344376201 0 /dev/ttyUSB0 9
1344376207 0 /dev/ttyUSB0 9
1344376213 0 /dev/ttyUSB0 9
1344376219 0 /dev/ttyUSB0 9
1344376225 0 /dev/ttyUSB0 9
1344376231 0 /dev/ttyUSB0 9
1344376237 0 /dev/ttyUSB0 9
1344376243 0 /dev/ttyUSB0 9
1344376249 0 /dev/ttyUSB0 9
1344376255 0 /dev/ttyUSB0 9
1344376273 0 /dev/ttyUSB0 9
1344376279 0 /dev/ttyUSB0 9
1344376285 0 /dev/ttyUSB0 9
1344376291 0 /dev/ttyUSB0 9
1344376297 0 /dev/ttyUSB0 9
1344376309 0 /dev/ttyUSB0 9
1344376315 0 /dev/ttyUSB0 9
1344376321 0 /dev/ttyUSB0 9
1344376327 0 /dev/ttyUSB0 9
1344376333 0 /dev/ttyUSB0 9
1344376339 0 /dev/ttyUSB0 9
1344376351 0 /dev/ttyUSB0 9
1344376357 0 /dev/ttyUSB0 9
1344376363 0 /dev/ttyUSB0 9
1344376375 0 /dev/ttyUSB0 9
1344376381 0 /dev/ttyUSB0 9
1344376387 0 /dev/ttyUSB0 9
1344376393 0 /dev/ttyUSB0 9
1344376399 0 /dev/ttyUSB0 9
1344376417 0 /dev/ttyUSB0 9
1344376423 0 /dev/ttyUSB0 9
1344376429 0 /dev/ttyUSB0 9
1344376447 0 /dev/ttyUSB0 9
1344376453 0 /dev/ttyUSB0 9
1344376465 0 /dev/ttyUSB0 9
1344376471 0 /dev/ttyUSB0 9
1344376477 0 /dev/ttyUSB0 9
1344376489 0 /dev/ttyUSB0 9
1344376495 0 /dev/ttyUSB0 9
1344376501 0 /dev/ttyUSB0 9
1344376507 0 /dev/ttyUSB0 9
1344376513 0 /dev/ttyUSB0 9
1344376519 0 /dev/ttyUSB0 9
1344376524 0 /dev/ttyUSB0 9
1344376530 0 /dev/ttyUSB0 9
1344376536 0 /dev/ttyUSB0 9
1344376542 0 /dev/ttyUSB0 9
1344376548 0 /dev/ttyUSB0 9
1344376560 0 /dev/ttyUSB0 9
1344376566 0 /dev/ttyUSB0 9
1344376572 0 /dev/ttyUSB0 9
1344376578 0 /dev/ttyUSB0 9
1344376584 0 /dev/ttyUSB0 9
1344376590 0 /dev/ttyUSB0 9
1344376596 0 /dev/ttyUSB0 9
1344376602 0 /dev/ttyUSB0 9
1344376608 0 /dev/ttyUSB0 9
1344376614 12 /dev/ttyUSB0 9
1344376620 0 /dev/ttyUSB0 9
1344376638 0 /dev/ttyUSB0 9
1344376644 0 /dev/ttyUSB0 9
1344376656 0 /dev/ttyUSB0 9
1344376661 0 /dev/ttyUSB0 9
1344376668 12 /dev/ttyUSB0 9
1344376685 0 /dev/ttyUSB0 9
1344376691 0 /dev/ttyUSB0 9
1344376697 0 /dev/ttyUSB0 9
1344376703 0 /dev/ttyUSB0 9
1344376709 0 /dev/ttyUSB0 9
1344376715 0 /dev/ttyUSB0 9
1344376727 0 /dev/ttyUSB0 9
1344376733 0 /dev/ttyUSB0 9
1344376739 0 /dev/ttyUSB0 9
1344376745 0 /dev/ttyUSB0 9
1344376751 0 /dev/ttyUSB0 9
1344376757 0 /dev/ttyUSB0 9
1344376763 0 /dev/ttyUSB0 9
1344376769 0 /dev/ttyUSB0 9
1344376775 0 /dev/ttyUSB0 9
1344376781 0 /dev/ttyUSB0 9
1344376787 0 /dev/ttyUSB0 9
1344376792 0 /dev/ttyUSB0 9
1344376799 0 /dev/ttyUSB0 9
1344376804 0 /dev/ttyUSB0 9
1344376810 0 /dev/ttyUSB0 9
1344376816 12 /dev/ttyUSB0 9
1344376822 0 /dev/ttyUSB0 9
1344376828 0 /dev/ttyUSB0 9
1344376834 0 /dev/ttyUSB0 9
1344376846 0 /dev/ttyUSB0 9
1344376858 0 /dev/ttyUSB0 9
1344376864 0 /dev/ttyUSB0 9
1344376870 0 /dev/ttyUSB0 9
1344376876 0 /dev/ttyUSB0 9
1344376882 0 /dev/ttyUSB0 9
1344376888 0 /dev/ttyUSB0 9
1344376894 0 /dev/ttyUSB0 9
1344376900 0 /dev/ttyUSB0 9
1344376906 0 /dev/ttyUSB0 9
1344376912 0 /dev/ttyUSB0 9
1344376930 0 /dev/ttyUSB0 9
1344376936 0 /dev/ttyUSB0 9
1344376948 0 /dev/ttyUSB0 9
1344376954 0 /dev/ttyUSB0 9
1344376966 0 /dev/ttyUSB0 9
1344376972 0 /dev/ttyUSB0 9
1344376978 0 /dev/ttyUSB0 9
1344376984 0 /dev/ttyUSB0 9
1344376990 0 /dev/ttyUSB0 9
1344376996 0 /dev/ttyUSB0 9
1344377002 0 /dev/ttyUSB0 9
1344377008 12 /dev/ttyUSB0 9
1344377014 0 /dev/ttyUSB0 9
1344377020 0 /dev/ttyUSB0 9
1344377026 0 /dev/ttyUSB0 9
1344377032 0 /dev/ttyUSB0 9
1344377038 0 /dev/ttyUSB0 9
1344377044 0 /dev/ttyUSB0 9
1344377050 0 /dev/ttyUSB0 9
1344377056 0 /dev/ttyUSB0 9
1344377062 0 /dev/ttyUSB0 9
1344377067 0 /dev/ttyUSB0 9
1344377074 0 /dev/ttyUSB0 9
1344377080 0 /dev/ttyUSB0 9
1344377091 0 /dev/ttyUSB0 9
1344377103 0 /dev/ttyUSB0 9
1344377109 0 /dev/ttyUSB0 9
1344377115 0 /dev/ttyUSB0 9
1344377121 0 /dev/ttyUSB0 9
1344377127 0 /dev/ttyUSB0 9
1344377133 0 /dev/ttyUSB0 9
1344377139 0 /dev/ttyUSB0 9
1344377145 0 /dev/ttyUSB0 9
1344377151 0 /dev/ttyUSB0 9
1344377157 0 /dev/ttyUSB0 9
1344377163 0 /dev/ttyUSB0 9
1344377169 0 /dev/ttyUSB0 9
1344377175 0 /dev/ttyUSB0 9
1344377181 0 /dev/ttyUSB0 9
1344377187 0 /dev/ttyUSB0 9
1344377199 0 /dev/ttyUSB0 9
1344377205 0 /dev/ttyUSB0 9
1344377211 0 /dev/ttyUSB0 9
1344377217 0 /dev/ttyUSB0 9
1344377223 0 /dev/ttyUSB0 9
1344377229 12 /dev/ttyUSB0 9
1344377241 0 /dev/ttyUSB0 9
1344377247 0 /dev/ttyUSB0 9
1344377253 0 /dev/ttyUSB0 9
1344377265 0 /dev/ttyUSB0 9
1344377277 0 /dev/ttyUSB0 9
1344377289 0 /dev/ttyUSB0 9
1344377295 0 /dev/ttyUSB0 9
1344377301 0 /dev/ttyUSB0 9
1344377306 0 /dev/ttyUSB0 9
1344377312 12 /dev/ttyUSB0 9
1344377318 12 /dev/ttyUSB0 9
1344377324 0 /dev/ttyUSB0 9
1344377330 0 /dev/ttyUSB0 9
1344377336 0 /dev/ttyUSB0 9
1344377342 0 /dev/ttyUSB0 9
1344377360 0 /dev/ttyUSB0 9
1344377366 0 /dev/ttyUSB0 9
1344377372 0 /dev/ttyUSB0 9
1344377378 0 /dev/ttyUSB0 9
1344377390 0 /dev/ttyUSB0 9
1344377402 0 /dev/ttyUSB0 9
1344377408 0 /dev/ttyUSB0 9
1344377413 0 /dev/ttyUSB0 9
1344377425 0 /dev/ttyUSB0 9
1344377431 12 /dev/ttyUSB0 9
1344377437 0 /dev/ttyUSB0 9
1344377443 0 /dev/ttyUSB0 9
1344377449 0 /dev/ttyUSB0 9
1344377455 12 /dev/ttyUSB0 9
1344377461 0 /dev/ttyUSB0 9
1344377473 0 /dev/ttyUSB0 9
1344377479 0 /dev/ttyUSB0 9
1344377485 0 /dev/ttyUSB0 9
1344377503 0 /dev/ttyUSB0 9
1344377509 0 /dev/ttyUSB0 9
1344377515 0 /dev/ttyUSB0 9
1344377520 0 /dev/ttyUSB0 9
1344377527 0 /dev/ttyUSB0 9
1344377533 0 /dev/ttyUSB0 9
1344377539 0 /dev/ttyUSB0 9
1344377544 0 /dev/ttyUSB0 9
1344377550 0 /dev/ttyUSB0 9
1344377562 0 /dev/ttyUSB0 9
1344377568 0 /dev/ttyUSB0 9
1344377575 0 /dev/ttyUSB0 9
1344377580 0 /dev/ttyUSB0 9
1344377586 0 /dev/ttyUSB0 9
1344377598 0 /dev/ttyUSB0 9
1344377604 0 /dev/ttyUSB0 9
1344377610 0 /dev/ttyUSB0 9
1344377616 0 /dev/ttyUSB0 9
1344377622 0 /dev/ttyUSB0 9
1344377628 0 /dev/ttyUSB0 9
1344377634 0 /dev/ttyUSB0 9
1344377640 0 /dev/ttyUSB0 9
1344377646 0 /dev/ttyUSB0 9
1344377652 0 /dev/ttyUSB0 9
1344377658 0 /dev/ttyUSB0 9
1344377664 0 /dev/ttyUSB0 9
1344377670 0 /dev/ttyUSB0 9
1344377676 0 /dev/ttyUSB0 9
1344377682 0 /dev/ttyUSB0 9
1344377688 0 /dev/ttyUSB0 9
1344377694 0 /dev/ttyUSB0 9
1344377700 0 /dev/ttyUSB0 9
1344377706 0 /dev/ttyUSB0 9
1344377711 0 /dev/ttyUSB0 9
1344377717 0 /dev/ttyUSB0 9
1344377723 0 /dev/ttyUSB0 9
1344377729 0 /dev/ttyUSB0 9
1344377735 0 /dev/ttyUSB0 9
1344377747 0 /dev/ttyUSB0 9
1344377753 0 /dev/ttyUSB0 9
1344377759 12 /dev/ttyUSB0 9
1344377765 0 /dev/ttyUSB0 9
1344377771 0 /dev/ttyUSB0 9
1344377777 0 /dev/ttyUSB0 9
1344377789 0 /dev/ttyUSB0 9
1344377795 0 /dev/ttyUSB0 9
1344377807 0 /dev/ttyUSB0 9
1344377812 0 /dev/ttyUSB0 9
1344377818 0 /dev/ttyUSB0 9
1344377824 0 /dev/ttyUSB0 9
1344377830 0 /dev/ttyUSB0 9
1344377836 0 /dev/ttyUSB0 9
1344377842 0 /dev/ttyUSB0 9
1344377848 0 /dev/ttyUSB0 9
1344377854 0 /dev/ttyUSB0 9
1344377860 0 /dev/ttyUSB0 9
1344377866 0 /dev/ttyUSB0 9
1344377872 0 /dev/ttyUSB0 9
1344377884 0 /dev/ttyUSB0 9
1344377889 0 /dev/ttyUSB0 9
1344377895 0 /dev/ttyUSB0 9
1344377902 0 /dev/ttyUSB0 9
1344377907 0 /dev/ttyUSB0 9
1344377913 0 /dev/ttyUSB0 9
1344377919 12 /dev/ttyUSB0 9
1344377925 0 /dev/ttyUSB0 9
1344377943 0 /dev/ttyUSB0 9
1344377955 0 /dev/ttyUSB0 9
1344377961 0 /dev/ttyUSB0 9
1344377967 0 /dev/ttyUSB0 9
1344377973 0 /dev/ttyUSB0 9
1344377979 0 /dev/ttyUSB0 9
1344377985 0 /dev/ttyUSB0 9
1344377991 0 /dev/ttyUSB0 9
1344377997 0 /dev/ttyUSB0 9
1344378003 0 /dev/ttyUSB0 9
1344378009 0 /dev/ttyUSB0 9
1344378015 0 /dev/ttyUSB0 9
1344378021 0 /dev/ttyUSB0 9
1344378027 0 /dev/ttyUSB0 9
1344378033 12 /dev/ttyUSB0 9
1344378038 0 /dev/ttyUSB0 9
1344378044 0 /dev/ttyUSB0 9
1344378051 0 /dev/ttyUSB0 9
1344378056 0 /dev/ttyUSB0 9
1344378062 0 /dev/ttyUSB0 9
1344378068 0 /dev/ttyUSB0 9
1344378074 0 /dev/ttyUSB0 9
1344378080 0 /dev/ttyUSB0 9
1344378086 0 /dev/ttyUSB0 9
1344378092 0 /dev/ttyUSB0 9
1344378098 0 /dev/ttyUSB0 9
1344378104 0 /dev/ttyUSB0 9
1344378128 0 /dev/ttyUSB0 9
1344378134 0 /dev/ttyUSB0 9
1344378140 0 /dev/ttyUSB0 9
1344378146 0 /dev/ttyUSB0 9
1344378152 0 /dev/ttyUSB0 9
1344378158 0 /dev/ttyUSB0 9
1344378163 0 /dev/ttyUSB0 9
1344378170 0 /dev/ttyUSB0 9
1344378181 0 /dev/ttyUSB0 9
1344378193 0 /dev/ttyUSB0 9
1344378199 0 /dev/ttyUSB0 9
1344378205 0 /dev/ttyUSB0 9
1344378211 0 /dev/ttyUSB0 9
1344378217 0 /dev/ttyUSB0 9
1344378223 0 /dev/ttyUSB0 9
1344378229 0 /dev/ttyUSB0 9
1344378247 0 /dev/ttyUSB0 9
1344378253 12 /dev/ttyUSB0 9
1344378259 0 /dev/ttyUSB0 9
1344378265 0 /dev/ttyUSB0 9
1344378276 0 /dev/ttyUSB0 9
1344378282 0 /dev/ttyUSB0 9
1344378288 0 /dev/ttyUSB0 9
1344378294 0 /dev/ttyUSB0 9
1344378300 12 /dev/ttyUSB0 9
1344378306 0 /dev/ttyUSB0 9
1344378312 0 /dev/ttyUSB0 9
1344378318 0 /dev/ttyUSB0 9
1344378330 0 /dev/ttyUSB0 9
1344378336 0 /dev/ttyUSB0 9
1344378342 0 /dev/ttyUSB0 9
1344378348 0 /dev/ttyUSB0 9
1344378354 0 /dev/ttyUSB0 9
1344378360 12 /dev/ttyUSB0 9
1344378366 0 /dev/ttyUSB0 9
1344378372 0 /dev/ttyUSB0 9
1344378378 0 /dev/ttyUSB0 9
1344378390 0 /dev/ttyUSB0 9
1344378396 0 /dev/ttyUSB0 9
1344378426 12 /dev/ttyUSB0 9
1344378438 0 /dev/ttyUSB0 9
1344378444 0 /dev/ttyUSB0 9
1344378462 0 /dev/ttyUSB0 9
1344378468 0 /dev/ttyUSB0 9
1344378474 0 /dev/ttyUSB0 9
1344378480 0 /dev/ttyUSB0 9
1344378486 0 /dev/ttyUSB0 9
1344378492 0 /dev/ttyUSB0 9
1344378498 0 /dev/ttyUSB0 9
1344378510 12 /dev/ttyUSB0 9
1344378516 0 /dev/ttyUSB0 9
1344378528 0 /dev/ttyUSB0 9
1344378534 0 /dev/ttyUSB0 9
1344378540 0 /dev/ttyUSB0 9
1344378546 12 /dev/ttyUSB0 9
1344378552 0 /dev/ttyUSB0 9
1344378558 0 /dev/ttyUSB0 9
1344378564 0 /dev/ttyUSB0 9
1344378575 0 /dev/ttyUSB0 9
1344378582 0 /dev/ttyUSB0 9
1344378588 0 /dev/ttyUSB0 9
1344378593 0 /dev/ttyUSB0 9
1344378599 0 /dev/ttyUSB0 9
1344378605 0 /dev/ttyUSB0 9
1344378611 0 /dev/ttyUSB0 9
1344378617 0 /dev/ttyUSB0 9
1344378623 0 /dev/ttyUSB0 9
1344378635 0 /dev/ttyUSB0 9
1344378641 0 /dev/ttyUSB0 9
1344378647 0 /dev/ttyUSB0 9
1344378653 0 /dev/ttyUSB0 9
1344378659 0 /dev/ttyUSB0 9
1344378665 0 /dev/ttyUSB0 9
1344378677 0 /dev/ttyUSB0 9
1344378683 0 /dev/ttyUSB0 9
1344378688 0 /dev/ttyUSB0 9
1344378694 0 /dev/ttyUSB0 9
1344378700 0 /dev/ttyUSB0 9
1344378712 0 /dev/ttyUSB0 9
1344378718 0 /dev/ttyUSB0 9
1344378724 0 /dev/ttyUSB0 9
1344378730 0 /dev/ttyUSB0 9
1344378736 0 /dev/ttyUSB0 9
1344378748 0 /dev/ttyUSB0 9
1344378754 0 /dev/ttyUSB0 9
1344378760 0 /dev/ttyUSB0 9
1344378765 0 /dev/ttyUSB0 9
1344378771 0 /dev/ttyUSB0 9
1344378778 0 /dev/ttyUSB0 9
1344378783 0 /dev/ttyUSB0 9
1344378795 0 /dev/ttyUSB0 9
1344378801 0 /dev/ttyUSB0 9
1344378807 0 /dev/ttyUSB0 9
1344378813 0 /dev/ttyUSB0 9
1344378819 0 /dev/ttyUSB0 9
1344378831 0 /dev/ttyUSB0 9
1344378837 0 /dev/ttyUSB0 9
1344378843 0 /dev/ttyUSB0 9
1344378849 0 /dev/ttyUSB0 9
1344378861 0 /dev/ttyUSB0 9
1344378867 0 /dev/ttyUSB0 9
1344378873 0 /dev/ttyUSB0 9
1344378879 0 /dev/ttyUSB0 9
1344378897 0 /dev/ttyUSB0 9
1344378903 0 /dev/ttyUSB0 9
1344378909 0 /dev/ttyUSB0 9
1344378915 0 /dev/ttyUSB0 9
1344378921 0 /dev/ttyUSB0 9
1344378939 0 /dev/ttyUSB0 9
1344378945 0 /dev/ttyUSB0 9
1344378950 0 /dev/ttyUSB0 9
1344378956 0 /dev/ttyUSB0 9
1344378963 0 /dev/ttyUSB0 9
1344378969 0 /dev/ttyUSB0 9
1344378980 0 /dev/ttyUSB0 9
1344378987 0 /dev/ttyUSB0 9
1344378992 0 /dev/ttyUSB0 9
1344378998 0 /dev/ttyUSB0 9
1344379004 0 /dev/ttyUSB0 9
1344379011 0 /dev/ttyUSB0 9
1344379016 0 /dev/ttyUSB0 9
1344379022 0 /dev/ttyUSB0 9
1344379028 0 /dev/ttyUSB0 9
1344379034 0 /dev/ttyUSB0 9
1344379040 0 /dev/ttyUSB0 9
1344379046 0 /dev/ttyUSB0 9
1344379052 0 /dev/ttyUSB0 9
1344379064 0 /dev/ttyUSB0 9
1344379076 0 /dev/ttyUSB0 9
1344379082 0 /dev/ttyUSB0 9
1344379094 0 /dev/ttyUSB0 9
1344379100 0 /dev/ttyUSB0 9
1344379112 0 /dev/ttyUSB0 9
1344379118 0 /dev/ttyUSB0 9
1344379123 0 /dev/ttyUSB0 9
1344379130 0 /dev/ttyUSB0 9
1344379135 0 /dev/ttyUSB0 9
1344379141 0 /dev/ttyUSB0 9
1344379147 0 /dev/ttyUSB0 9
1344379153 0 /dev/ttyUSB0 9
1344379159 0 /dev/ttyUSB0 9
1344379165 0 /dev/ttyUSB0 9
1344379171 0 /dev/ttyUSB0 9
1344379177 0 /dev/ttyUSB0 9
1344379183 0 /dev/ttyUSB0 9
1344379189 0 /dev/ttyUSB0 9
1344379207 0 /dev/ttyUSB0 9
1344379213 0 /dev/ttyUSB0 9
1344379219 0 /dev/ttyUSB0 9
1344379225 0 /dev/ttyUSB0 9
1344379231 0 /dev/ttyUSB0 9
1344379237 0 /dev/ttyUSB0 9
1344379243 0 /dev/ttyUSB0 9
1344379249 0 /dev/ttyUSB0 9
1344379254 0 /dev/ttyUSB0 9
1344379260 0 /dev/ttyUSB0 9
1344379278 0 /dev/ttyUSB0 9
1344379284 0 /dev/ttyUSB0 9
1344379296 0 /dev/ttyUSB0 9
1344379308 0 /dev/ttyUSB0 9
1344379314 0 /dev/ttyUSB0 9
1344379320 0 /dev/ttyUSB0 9
1344379326 0 /dev/ttyUSB0 9
1344379332 0 /dev/ttyUSB0 9
1344379344 0 /dev/ttyUSB0 9
1344379355 0 /dev/ttyUSB0 9
1344379361 0 /dev/ttyUSB0 9
1344379373 0 /dev/ttyUSB0 9
1344379379 0 /dev/ttyUSB0 9
1344379391 0 /dev/ttyUSB0 9
1344379397 0 /dev/ttyUSB0 9
1344379403 0 /dev/ttyUSB0 9
1344379409 0 /dev/ttyUSB0 9
1344379415 0 /dev/ttyUSB0 9
1344379421 0 /dev/ttyUSB0 9
1344379433 0 /dev/ttyUSB0 9
1344379439 0 /dev/ttyUSB0 9
1344379445 0 /dev/ttyUSB0 9
1344379451 0 /dev/ttyUSB0 9
1344379457 0 /dev/ttyUSB0 9
1344379463 0 /dev/ttyUSB0 9
1344379469 0 /dev/ttyUSB0 9
1344379475 0 /dev/ttyUSB0 9
1344379481 0 /dev/ttyUSB0 9
1344379487 0 /dev/ttyUSB0 9
1344379493 0 /dev/ttyUSB0 9
1344379499 0 /dev/ttyUSB0 9
1344379505 0 /dev/ttyUSB0 9
1344379511 0 /dev/ttyUSB0 9
1344379522 0 /dev/ttyUSB0 9
1344379528 0 /dev/ttyUSB0 9
1344379534 0 /dev/ttyUSB0 9
1344379540 0 /dev/ttyUSB0 9
1344379552 0 /dev/ttyUSB0 9
1344379558 0 /dev/ttyUSB0 9
1344379564 0 /dev/ttyUSB0 9
1344379570 0 /dev/ttyUSB0 9
1344379576 0 /dev/ttyUSB0 9
1344379582 0 /dev/ttyUSB0 9
1344379588 0 /dev/ttyUSB0 9
1344379594 0 /dev/ttyUSB0 9
1344379600 0 /dev/ttyUSB0 9
1344379606 0 /dev/ttyUSB0 9
1344379612 0 /dev/ttyUSB0 9
1344379618 0 /dev/ttyUSB0 9
1344379624 0 /dev/ttyUSB0 9
1344379630 0 /dev/ttyUSB0 9
1344379636 0 /dev/ttyUSB0 9
1344379642 0 /dev/ttyUSB0 9
1344379653 0 /dev/ttyUSB0 9
1344379659 0 /dev/ttyUSB0 9
1344379665 0 /dev/ttyUSB0 9
1344379677 0 /dev/ttyUSB0 9
1344379683 0 /dev/ttyUSB0 9
1344379689 0 /dev/ttyUSB0 9
1344379695 0 /dev/ttyUSB0 9
1344379701 0 /dev/ttyUSB0 9
1344379707 0 /dev/ttyUSB0 9
1344379713 0 /dev/ttyUSB0 9
1344379719 0 /dev/ttyUSB0 9
1344379725 0 /dev/ttyUSB0 9
1344379731 0 /dev/ttyUSB0 9
1344379737 0 /dev/ttyUSB0 9
1344379743 0 /dev/ttyUSB0 9
1344379749 0 /dev/ttyUSB0 9
1344379755 0 /dev/ttyUSB0 9
1344379761 0 /dev/ttyUSB0 9
1344379767 0 /dev/ttyUSB0 9
1344379779 0 /dev/ttyUSB0 9
1344379785 0 /dev/ttyUSB0 9
1344379791 0 /dev/ttyUSB0 9
1344379797 0 /dev/ttyUSB0 9
1344379803 0 /dev/ttyUSB0 9
1344379809 0 /dev/ttyUSB0 9
1344379815 0 /dev/ttyUSB0 9
1344379821 0 /dev/ttyUSB0 9
1344379827 0 /dev/ttyUSB0 9
1344379839 0 /dev/ttyUSB0 9
1344379845 0 /dev/ttyUSB0 9
1344379851 0 /dev/ttyUSB0 9
1344379857 0 /dev/ttyUSB0 9
1344379862 0 /dev/ttyUSB0 9
1344379868 0 /dev/ttyUSB0 9
1344379874 0 /dev/ttyUSB0 9
1344379880 0 /dev/ttyUSB0 9
1344379886 0 /dev/ttyUSB0 9
1344379892 0 /dev/ttyUSB0 9
1344379898 0 /dev/ttyUSB0 9
1344379904 0 /dev/ttyUSB0 9
1344379916 0 /dev/ttyUSB0 9
1344379922 0 /dev/ttyUSB0 9
1344379928 0 /dev/ttyUSB0 9
1344379934 0 /dev/ttyUSB0 9
1344379940 0 /dev/ttyUSB0 9
1344379952 0 /dev/ttyUSB0 9
1344379958 0 /dev/ttyUSB0 9
1344379964 0 /dev/ttyUSB0 9
1344379970 0 /dev/ttyUSB0 9
1344379982 0 /dev/ttyUSB0 9
1344379988 0 /dev/ttyUSB0 9
1344379994 0 /dev/ttyUSB0 9
1344380006 0 /dev/ttyUSB0 9
1344380012 0 /dev/ttyUSB0 9
1344380018 0 /dev/ttyUSB0 9
1344380024 0 /dev/ttyUSB0 9
1344380030 0 /dev/ttyUSB0 9
1344380036 0 /dev/ttyUSB0 9
1344380048 0 /dev/ttyUSB0 9
1344380054 0 /dev/ttyUSB0 9
1344380060 0 /dev/ttyUSB0 9
1344380072 0 /dev/ttyUSB0 9
1344380078 0 /dev/ttyUSB0 9
1344380084 0 /dev/ttyUSB0 9
1344380095 0 /dev/ttyUSB0 9
1344380101 0 /dev/ttyUSB0 9
1344380107 0 /dev/ttyUSB0 9
1344380119 0 /dev/ttyUSB0 9
1344380125 0 /dev/ttyUSB0 9
1344380143 0 /dev/ttyUSB0 9
1344380149 0 /dev/ttyUSB0 9
1344380155 0 /dev/ttyUSB0 9
1344380161 0 /dev/ttyUSB0 9
1344380167 0 /dev/ttyUSB0 9
1344380173 0 /dev/ttyUSB0 9
1344380185 0 /dev/ttyUSB0 9
1344380191 0 /dev/ttyUSB0 9
1344380209 0 /dev/ttyUSB0 9
1344380215 0 /dev/ttyUSB0 9
1344380221 0 /dev/ttyUSB0 9
1344380233 0 /dev/ttyUSB0 9
1344380239 0 /dev/ttyUSB0 9
1344380245 0 /dev/ttyUSB0 9
1344380256 0 /dev/ttyUSB0 9
1344380262 0 /dev/ttyUSB0 9
1344380268 0 /dev/ttyUSB0 9
1344380274 0 /dev/ttyUSB0 9
1344380280 0 /dev/ttyUSB0 9
1344380286 0 /dev/ttyUSB0 9
1344380292 0 /dev/ttyUSB0 9
1344380298 0 /dev/ttyUSB0 9
1344380304 0 /dev/ttyUSB0 9
1344380310 0 /dev/ttyUSB0 9
1344380316 0 /dev/ttyUSB0 9
1344380322 0 /dev/ttyUSB0 9
1344380328 0 /dev/ttyUSB0 9
1344380334 0 /dev/ttyUSB0 9
1344380340 0 /dev/ttyUSB0 9
1344380352 0 /dev/ttyUSB0 9
1344380358 0 /dev/ttyUSB0 9
1344380364 0 /dev/ttyUSB0 9
1344380370 0 /dev/ttyUSB0 9
1344380376 0 /dev/ttyUSB0 9
1344380388 0 /dev/ttyUSB0 9
1344380394 0 /dev/ttyUSB0 9
1344380399 0 /dev/ttyUSB0 9
1344380405 0 /dev/ttyUSB0 9
1344380411 0 /dev/ttyUSB0 9
1344380424 0 /dev/ttyUSB0 9
1344380430 0 /dev/ttyUSB0 9
1344380441 0 /dev/ttyUSB0 9
1344380447 0 /dev/ttyUSB0 9
1344380453 0 /dev/ttyUSB0 9
1344380459 0 /dev/ttyUSB0 9
1344380465 0 /dev/ttyUSB0 9
1344380471 0 /dev/ttyUSB0 9
1344380477 0 /dev/ttyUSB0 9
1344380483 0 /dev/ttyUSB0 9
1344380489 0 /dev/ttyUSB0 9
1344380495 0 /dev/ttyUSB0 9
1344380501 0 /dev/ttyUSB0 9
1344380506 0 /dev/ttyUSB0 9
1344380512 0 /dev/ttyUSB0 9
1344380519 0 /dev/ttyUSB0 9
1344380524 0 /dev/ttyUSB0 9
1344380530 0 /dev/ttyUSB0 9
1344380536 0 /dev/ttyUSB0 9
1344380548 0 /dev/ttyUSB0 9
1344380554 0 /dev/ttyUSB0 9
1344380561 0 /dev/ttyUSB0 9
1344380567 0 /dev/ttyUSB0 9
1344380578 0 /dev/ttyUSB0 9
1344380590 0 /dev/ttyUSB0 9
1344380596 0 /dev/ttyUSB0 9
1344380602 0 /dev/ttyUSB0 9
1344380608 0 /dev/ttyUSB0 9
1344380620 0 /dev/ttyUSB0 9
1344380626 0 /dev/ttyUSB0 9
1344380632 0 /dev/ttyUSB0 9
1344380638 0 /dev/ttyUSB0 9
1344380644 0 /dev/ttyUSB0 9
1344380650 0 /dev/ttyUSB0 9
1344380662 0 /dev/ttyUSB0 9
1344380668 0 /dev/ttyUSB0 9
1344380673 0 /dev/ttyUSB0 9
1344380680 0 /dev/ttyUSB0 9
1344380686 0 /dev/ttyUSB0 9
1344380691 0 /dev/ttyUSB0 9
1344380698 0 /dev/ttyUSB0 9
1344380703 0 /dev/ttyUSB0 9
1344380709 0 /dev/ttyUSB0 9
1344380715 0 /dev/ttyUSB0 9
1344380721 0 /dev/ttyUSB0 9
1344380727 0 /dev/ttyUSB0 9
1344380733 0 /dev/ttyUSB0 9
1344380739 12 /dev/ttyUSB0 9
1344380745 0 /dev/ttyUSB0 9
1344380751 0 /dev/ttyUSB0 9
1344380757 0 /dev/ttyUSB0 9
1344380763 0 /dev/ttyUSB0 9
1344380769 0 /dev/ttyUSB0 9
1344380775 12 /dev/ttyUSB0 9
1344380781 0 /dev/ttyUSB0 9
1344380787 0 /dev/ttyUSB0 9
1344380793 0 /dev/ttyUSB0 9
1344380799 0 /dev/ttyUSB0 9
1344380805 0 /dev/ttyUSB0 9
1344380817 0 /dev/ttyUSB0 9
1344380829 0 /dev/ttyUSB0 9
1344380835 0 /dev/ttyUSB0 9
1344380841 0 /dev/ttyUSB0 9
1344380847 0 /dev/ttyUSB0 9
1344380853 12 /dev/ttyUSB0 9
1344380859 0 /dev/ttyUSB0 9
1344380865 0 /dev/ttyUSB0 9
1344380871 0 /dev/ttyUSB0 9
1344380882 0 /dev/ttyUSB0 9
1344380894 0 /dev/ttyUSB0 9
1344380901 12 /dev/ttyUSB0 9
1344380907 0 /dev/ttyUSB0 9
1344380913 0 /dev/ttyUSB0 9
1344380919 0 /dev/ttyUSB0 9
1344380925 0 /dev/ttyUSB0 9
1344380931 0 /dev/ttyUSB0 9
1344380937 0 /dev/ttyUSB0 9
1344380942 0 /dev/ttyUSB0 9
1344380948 0 /dev/ttyUSB0 9
1344380966 0 /dev/ttyUSB0 9
1344380972 0 /dev/ttyUSB0 9
1344380978 0 /dev/ttyUSB0 9
1344380996 0 /dev/ttyUSB0 9
1344381002 0 /dev/ttyUSB0 9
1344381008 0 /dev/ttyUSB0 9
1344381014 0 /dev/ttyUSB0 9
1344381020 0 /dev/ttyUSB0 9
1344381026 0 /dev/ttyUSB0 9
1344381032 0 /dev/ttyUSB0 9
1344381038 0 /dev/ttyUSB0 9
1344381044 0 /dev/ttyUSB0 9
1344381050 0 /dev/ttyUSB0 9
1344381056 0 /dev/ttyUSB0 9
1344381062 0 /dev/ttyUSB0 9
1344381068 0 /dev/ttyUSB0 9
1344381074 0 /dev/ttyUSB0 9
1344381080 0 /dev/ttyUSB0 9
1344381086 0 /dev/ttyUSB0 9
1344381092 0 /dev/ttyUSB0 9
1344381104 0 /dev/ttyUSB0 9
1344381110 0 /dev/ttyUSB0 9
1344381116 0 /dev/ttyUSB0 9
1344381122 0 /dev/ttyUSB0 9
1344381128 0 /dev/ttyUSB0 9
1344381140 0 /dev/ttyUSB0 9
1344381146 0 /dev/ttyUSB0 9
1344381152 0 /dev/ttyUSB0 9
1344381158 0 /dev/ttyUSB0 9
1344381164 12 /dev/ttyUSB0 9
1344381170 0 /dev/ttyUSB0 9
1344381176 0 /dev/ttyUSB0 9
1344381182 0 /dev/ttyUSB0 9
1344381188 0 /dev/ttyUSB0 9
1344381194 0 /dev/ttyUSB0 9
1344381199 0 /dev/ttyUSB0 9
1344381205 0 /dev/ttyUSB0 9
1344381211 0 /dev/ttyUSB0 9
1344381217 0 /dev/ttyUSB0 9
1344381229 0 /dev/ttyUSB0 9
1344381235 0 /dev/ttyUSB0 9
1344381241 0 /dev/ttyUSB0 9
1344381247 0 /dev/ttyUSB0 9
1344381253 0 /dev/ttyUSB0 9
1344381259 0 /dev/ttyUSB0 9
1344381265 0 /dev/ttyUSB0 9
1344381283 0 /dev/ttyUSB0 9
1344381289 12 /dev/ttyUSB0 9
1344381295 0 /dev/ttyUSB0 9
1344381301 0 /dev/ttyUSB0 9
1344381307 12 /dev/ttyUSB0 9
1344381319 0 /dev/ttyUSB0 9
1344381325 0 /dev/ttyUSB0 9
1344381331 0 /dev/ttyUSB0 9
1344381337 0 /dev/ttyUSB0 9
1344381343 0 /dev/ttyUSB0 9
1344381349 0 /dev/ttyUSB0 9
1344381355 0 /dev/ttyUSB0 9
1344381361 0 /dev/ttyUSB0 9
1344381367 0 /dev/ttyUSB0 9
1344381373 0 /dev/ttyUSB0 9
1344381379 0 /dev/ttyUSB0 9
1344381391 0 /dev/ttyUSB0 9
1344381403 0 /dev/ttyUSB0 9
1344381409 0 /dev/ttyUSB0 9
1344381414 0 /dev/ttyUSB0 9
1344381420 0 /dev/ttyUSB0 9
1344381426 0 /dev/ttyUSB0 9
1344381432 0 /dev/ttyUSB0 9
1344381438 0 /dev/ttyUSB0 9
1344381444 0 /dev/ttyUSB0 9
1344381450 0 /dev/ttyUSB0 9
1344381456 0 /dev/ttyUSB0 9
1344381462 0 /dev/ttyUSB0 9
1344381468 0 /dev/ttyUSB0 9
1344381475 0 /dev/ttyUSB0 9
1344381481 0 /dev/ttyUSB0 9
1344381487 0 /dev/ttyUSB0 9
1344381493 0 /dev/ttyUSB0 9
1344381499 0 /dev/ttyUSB0 9
1344381511 0 /dev/ttyUSB0 9
1344381517 0 /dev/ttyUSB0 9
1344381523 0 /dev/ttyUSB0 9
1344381541 0 /dev/ttyUSB0 9
1344381553 0 /dev/ttyUSB0 9
1344381559 0 /dev/ttyUSB0 9
1344381564 0 /dev/ttyUSB0 9
1344381570 0 /dev/ttyUSB0 9
1344381576 0 /dev/ttyUSB0 9
1344381582 0 /dev/ttyUSB0 9
1344381588 0 /dev/ttyUSB0 9
1344381594 0 /dev/ttyUSB0 9
1344381600 0 /dev/ttyUSB0 9
1344381606 0 /dev/ttyUSB0 9
1344381612 0 /dev/ttyUSB0 9
1344381618 0 /dev/ttyUSB0 9
1344381624 0 /dev/ttyUSB0 9
1344381630 0 /dev/ttyUSB0 9
1344381641 12 /dev/ttyUSB0 9
1344381648 0 /dev/ttyUSB0 9
1344381653 0 /dev/ttyUSB0 9
1344381659 0 /dev/ttyUSB0 9
1344381665 0 /dev/ttyUSB0 9
1344381671 0 /dev/ttyUSB0 9
1344381677 0 /dev/ttyUSB0 9
1344381683 0 /dev/ttyUSB0 9
1344381689 0 /dev/ttyUSB0 9
1344381695 0 /dev/ttyUSB0 9
1344381701 0 /dev/ttyUSB0 9
1344381706 0 /dev/ttyUSB0 9
1344381719 0 /dev/ttyUSB0 9
1344381724 0 /dev/ttyUSB0 9
1344381730 0 /dev/ttyUSB0 9
1344381742 0 /dev/ttyUSB0 9
1344381748 0 /dev/ttyUSB0 9
1344381754 0 /dev/ttyUSB0 9
1344381760 0 /dev/ttyUSB0 9
1344381766 0 /dev/ttyUSB0 9
1344381772 0 /dev/ttyUSB0 9
1344381778 0 /dev/ttyUSB0 9
1344381784 0 /dev/ttyUSB0 9
1344381790 0 /dev/ttyUSB0 9
1344381796 0 /dev/ttyUSB0 9
1344381802 0 /dev/ttyUSB0 9
1344381808 0 /dev/ttyUSB0 9
1344381814 0 /dev/ttyUSB0 9
1344381832 0 /dev/ttyUSB0 9
1344381838 0 /dev/ttyUSB0 9
1344381844 0 /dev/ttyUSB0 9
