1344285979 104 /dev/ttyUSB2 1
1344285985 94 /dev/ttyUSB2 1
1344285991 87 /dev/ttyUSB2 1
1344286279 0 /dev/ttyUSB2 1
1344286285 0 /dev/ttyUSB2 1
1344286291 0 /dev/ttyUSB2 1
1344286297 0 /dev/ttyUSB2 1
1344286303 0 /dev/ttyUSB2 1
1344286309 0 /dev/ttyUSB2 1
1344286328 0 /dev/ttyUSB2 1
1344286334 0 /dev/ttyUSB2 1
1344286340 0 /dev/ttyUSB2 1
1344286401 0 /dev/ttyUSB2 1
1344286407 0 /dev/ttyUSB2 1
1344286413 0 /dev/ttyUSB2 1
1344286419 0 /dev/ttyUSB2 1
1344286425 0 /dev/ttyUSB2 1
1344286432 0 /dev/ttyUSB2 1
1344286438 0 /dev/ttyUSB2 1
1344286444 0 /dev/ttyUSB2 1
1344286450 0 /dev/ttyUSB2 1
1344286456 0 /dev/ttyUSB2 1
1344286462 0 /dev/ttyUSB2 1
1344286468 0 /dev/ttyUSB2 1
1344286474 0 /dev/ttyUSB2 1
1344286480 0 /dev/ttyUSB2 1
1344286487 0 /dev/ttyUSB2 1
1344286493 0 /dev/ttyUSB2 1
1344286499 0 /dev/ttyUSB2 1
1344286511 0 /dev/ttyUSB2 1
1344286517 0 /dev/ttyUSB2 1
1344286523 0 /dev/ttyUSB2 1
1344286529 0 /dev/ttyUSB2 1
1344286536 0 /dev/ttyUSB2 1
1344286542 0 /dev/ttyUSB2 1
1344286548 0 /dev/ttyUSB2 1
1344286554 0 /dev/ttyUSB2 1
1344286560 0 /dev/ttyUSB2 1
1344286566 0 /dev/ttyUSB2 1
1344286572 0 /dev/ttyUSB2 1
1344286578 0 /dev/ttyUSB2 1
1344286597 0 /dev/ttyUSB2 1
1344286603 0 /dev/ttyUSB2 1
1344286615 0 /dev/ttyUSB2 1
1344286621 0 /dev/ttyUSB2 1
1344286627 0 /dev/ttyUSB2 1
1344286633 0 /dev/ttyUSB2 1
1344286639 0 /dev/ttyUSB2 1
1344286646 0 /dev/ttyUSB2 1
1344286652 0 /dev/ttyUSB2 1
1344286725 0 /dev/ttyUSB2 1
1344286731 0 /dev/ttyUSB2 1
1344286737 0 /dev/ttyUSB2 1
1344286750 0 /dev/ttyUSB2 1
1344286756 0 /dev/ttyUSB2 1
1344286762 0 /dev/ttyUSB2 1
1344286768 0 /dev/ttyUSB2 1
1344286774 0 /dev/ttyUSB2 1
1344286786 94 /dev/ttyUSB2 1
1344286792 80 /dev/ttyUSB2 1
1344286805 86 /dev/ttyUSB2 1
1344286811 87 /dev/ttyUSB2 1
1344286817 87 /dev/ttyUSB2 1
1344286823 88 /dev/ttyUSB2 1
1344286829 89 /dev/ttyUSB2 1
1344286835 89 /dev/ttyUSB2 1
1344286841 103 /dev/ttyUSB2 1
1344286847 105 /dev/ttyUSB2 1
1344286854 118 /dev/ttyUSB2 1
1344286860 119 /dev/ttyUSB2 1
1344286866 117 /dev/ttyUSB2 1
1344286872 115 /dev/ttyUSB2 1
1344286878 93 /dev/ttyUSB2 1
1344286884 120 /dev/ttyUSB2 1
1344286890 119 /dev/ttyUSB2 1
1344286896 116 /dev/ttyUSB2 1
1344286902 114 /dev/ttyUSB2 1
1344286909 103 /dev/ttyUSB2 1
1344286915 105 /dev/ttyUSB2 1
1344286921 82 /dev/ttyUSB2 1
1344286933 114 /dev/ttyUSB2 1
1344286939 99 /dev/ttyUSB2 1
1344286945 91 /dev/ttyUSB2 1
1344286951 105 /dev/ttyUSB2 1
1344286957 117 /dev/ttyUSB2 1
1344286964 100 /dev/ttyUSB2 1
1344286970 98 /dev/ttyUSB2 1
1344286976 95 /dev/ttyUSB2 1
1344286982 95 /dev/ttyUSB2 1
1344286988 87 /dev/ttyUSB2 1
1344286994 94 /dev/ttyUSB2 1
1344287000 88 /dev/ttyUSB2 1
1344287013 117 /dev/ttyUSB2 1
1344287019 117 /dev/ttyUSB2 1
1344287025 102 /dev/ttyUSB2 1
1344287031 100 /dev/ttyUSB2 1
1344287037 81 /dev/ttyUSB2 1
1344287043 80 /dev/ttyUSB2 1
1344287049 104 /dev/ttyUSB2 1
1344287055 102 /dev/ttyUSB2 1
1344287061 108 /dev/ttyUSB2 1
1344287080 114 /dev/ttyUSB2 1
1344287092 104 /dev/ttyUSB2 1
1344287098 104 /dev/ttyUSB2 1
1344287104 105 /dev/ttyUSB2 1
1344287110 110 /dev/ttyUSB2 1
1344287116 116 /dev/ttyUSB2 1
1344287123 107 /dev/ttyUSB2 1
1344287129 105 /dev/ttyUSB2 1
1344287135 103 /dev/ttyUSB2 1
1344287141 104 /dev/ttyUSB2 1
1344287147 118 /dev/ttyUSB2 1
1344287153 117 /dev/ttyUSB2 1
1344287159 105 /dev/ttyUSB2 1
1344287171 117 /dev/ttyUSB2 1
1344287178 117 /dev/ttyUSB2 1
1344287184 107 /dev/ttyUSB2 1
1344287190 104 /dev/ttyUSB2 1
1344287196 92 /dev/ttyUSB2 1
1344287202 103 /dev/ttyUSB2 1
1344287208 105 /dev/ttyUSB2 1
1344287214 107 /dev/ttyUSB2 1
1344287220 109 /dev/ttyUSB2 1
1344287227 118 /dev/ttyUSB2 1
1344287233 103 /dev/ttyUSB2 1
1344287239 120 /dev/ttyUSB2 1
1344287251 120 /dev/ttyUSB2 1
1344287257 119 /dev/ttyUSB2 1
1344287263 98 /dev/ttyUSB2 1
1344287269 119 /dev/ttyUSB2 1
1344287294 112 /dev/ttyUSB2 1
1344287300 112 /dev/ttyUSB2 1
1344287306 109 /dev/ttyUSB2 1
1344287312 95 /dev/ttyUSB2 1
1344287318 94 /dev/ttyUSB2 1
1344287343 104 /dev/ttyUSB2 1
1344287349 103 /dev/ttyUSB2 1
1344287355 116 /dev/ttyUSB2 1
1344287361 116 /dev/ttyUSB2 1
1344287367 112 /dev/ttyUSB2 1
1344287373 103 /dev/ttyUSB2 1
1344287379 105 /dev/ttyUSB2 1
1344287386 113 /dev/ttyUSB2 1
1344287392 106 /dev/ttyUSB2 1
1344287398 105 /dev/ttyUSB2 1
1344287410 107 /dev/ttyUSB2 1
1344287416 107 /dev/ttyUSB2 1
1344287422 108 /dev/ttyUSB2 1
1344287428 107 /dev/ttyUSB2 1
1344287434 107 /dev/ttyUSB2 1
1344287441 109 /dev/ttyUSB2 1
1344287447 106 /dev/ttyUSB2 1
1344287453 104 /dev/ttyUSB2 1
1344287459 106 /dev/ttyUSB2 1
1344287465 105 /dev/ttyUSB2 1
1344287471 106 /dev/ttyUSB2 1
1344287477 95 /dev/ttyUSB2 1
1344287483 112 /dev/ttyUSB2 1
1344287489 110 /dev/ttyUSB2 1
1344287496 110 /dev/ttyUSB2 1
1344287502 111 /dev/ttyUSB2 1
1344287508 113 /dev/ttyUSB2 1
1344287514 108 /dev/ttyUSB2 1
1344287520 108 /dev/ttyUSB2 1
1344287526 109 /dev/ttyUSB2 1
1344287532 109 /dev/ttyUSB2 1
1344287538 94 /dev/ttyUSB2 1
1344287545 86 /dev/ttyUSB2 1
1344287557 117 /dev/ttyUSB2 1
1344287563 91 /dev/ttyUSB2 1
1344287587 116 /dev/ttyUSB2 1
1344287593 118 /dev/ttyUSB2 1
1344287600 118 /dev/ttyUSB2 1
1344287606 118 /dev/ttyUSB2 1
1344287612 94 /dev/ttyUSB2 1
1344287618 96 /dev/ttyUSB2 1
1344287624 105 /dev/ttyUSB2 1
1344287630 78 /dev/ttyUSB2 1
1344287636 85 /dev/ttyUSB2 1
1344287642 85 /dev/ttyUSB2 1
1344287648 80 /dev/ttyUSB2 1
1344287655 80 /dev/ttyUSB2 1
1344287661 81 /dev/ttyUSB2 1
1344287673 82 /dev/ttyUSB2 1
1344287679 98 /dev/ttyUSB2 1
1344287685 98 /dev/ttyUSB2 1
1344287691 99 /dev/ttyUSB2 1
1344287697 89 /dev/ttyUSB2 1
1344287704 86 /dev/ttyUSB2 1
1344287710 108 /dev/ttyUSB2 1
1344287716 103 /dev/ttyUSB2 1
1344287722 116 /dev/ttyUSB2 1
1344287728 118 /dev/ttyUSB2 1
1344287734 118 /dev/ttyUSB2 1
1344287740 88 /dev/ttyUSB2 1
1344287752 86 /dev/ttyUSB2 1
1344287759 88 /dev/ttyUSB2 1
1344287765 88 /dev/ttyUSB2 1
1344287771 89 /dev/ttyUSB2 1
1344287777 89 /dev/ttyUSB2 1
1344287789 88 /dev/ttyUSB2 1
1344287795 88 /dev/ttyUSB2 1
1344287801 87 /dev/ttyUSB2 1
1344287807 86 /dev/ttyUSB2 1
1344287814 86 /dev/ttyUSB2 1
1344287820 87 /dev/ttyUSB2 1
1344287832 87 /dev/ttyUSB2 1
1344287838 86 /dev/ttyUSB2 1
1344287844 86 /dev/ttyUSB2 1
1344287850 87 /dev/ttyUSB2 1
1344287899 86 /dev/ttyUSB2 1
1344287911 87 /dev/ttyUSB2 1
1344287918 87 /dev/ttyUSB2 1
1344287924 87 /dev/ttyUSB2 1
1344287930 86 /dev/ttyUSB2 1
1344287936 86 /dev/ttyUSB2 1
1344287942 87 /dev/ttyUSB2 1
1344287948 87 /dev/ttyUSB2 1
1344287954 86 /dev/ttyUSB2 1
1344287960 87 /dev/ttyUSB2 1
1344287966 87 /dev/ttyUSB2 1
1344287973 86 /dev/ttyUSB2 1
1344287979 87 /dev/ttyUSB2 1
1344287991 86 /dev/ttyUSB2 1
1344287997 87 /dev/ttyUSB2 1
1344288003 87 /dev/ttyUSB2 1
1344288009 86 /dev/ttyUSB2 1
1344288015 87 /dev/ttyUSB2 1
1344288021 87 /dev/ttyUSB2 1
1344288034 89 /dev/ttyUSB2 1
1344288040 89 /dev/ttyUSB2 1
1344288046 89 /dev/ttyUSB2 1
1344288070 89 /dev/ttyUSB2 1
1344288077 89 /dev/ttyUSB2 1
1344288083 87 /dev/ttyUSB2 1
1344288089 79 /dev/ttyUSB2 1
1344288095 79 /dev/ttyUSB2 1
1344288101 36 /dev/ttyUSB2 1
1344288107 36 /dev/ttyUSB2 1
1344288113 36 /dev/ttyUSB2 1
1344288119 0 /dev/ttyUSB2 1
1344288125 0 /dev/ttyUSB2 1
1344288132 0 /dev/ttyUSB2 1
1344288138 0 /dev/ttyUSB2 1
1344288150 0 /dev/ttyUSB2 1
1344288174 0 /dev/ttyUSB2 1
1344288180 0 /dev/ttyUSB2 1
1344288187 0 /dev/ttyUSB2 1
1344288193 0 /dev/ttyUSB2 1
1344288199 0 /dev/ttyUSB2 1
1344288205 0 /dev/ttyUSB2 1
1344288211 0 /dev/ttyUSB2 1
1344288217 0 /dev/ttyUSB2 1
1344288229 0 /dev/ttyUSB2 1
1344288236 0 /dev/ttyUSB2 1
1344288242 0 /dev/ttyUSB2 1
1344288248 0 /dev/ttyUSB2 1
1344288254 0 /dev/ttyUSB2 1
1344288260 0 /dev/ttyUSB2 1
1344288266 0 /dev/ttyUSB2 1
1344288272 0 /dev/ttyUSB2 1
1344288278 0 /dev/ttyUSB2 1
1344288284 0 /dev/ttyUSB2 1
1344288291 0 /dev/ttyUSB2 1
1344288297 0 /dev/ttyUSB2 1
1344288309 0 /dev/ttyUSB2 1
1344288315 0 /dev/ttyUSB2 1
1344288321 0 /dev/ttyUSB2 1
1344288327 0 /dev/ttyUSB2 1
1344288333 0 /dev/ttyUSB2 1
1344288339 0 /dev/ttyUSB2 1
1344288346 0 /dev/ttyUSB2 1
1344288352 0 /dev/ttyUSB2 1
1344288358 0 /dev/ttyUSB2 1
1344288364 0 /dev/ttyUSB2 1
1344288370 0 /dev/ttyUSB2 1
1344288376 0 /dev/ttyUSB2 1
1344288407 0 /dev/ttyUSB2 1
1344288413 0 /dev/ttyUSB2 1
1344288419 0 /dev/ttyUSB2 1
1344288425 0 /dev/ttyUSB2 1
1344288431 0 /dev/ttyUSB2 1
1344288437 0 /dev/ttyUSB2 1
1344288443 0 /dev/ttyUSB2 1
1344288450 0 /dev/ttyUSB2 1
1344288456 0 /dev/ttyUSB2 1
1344288468 0 /dev/ttyUSB2 1
1344288474 0 /dev/ttyUSB2 1
1344288480 0 /dev/ttyUSB2 1
1344288486 0 /dev/ttyUSB2 1
1344288492 0 /dev/ttyUSB2 1
1344288498 0 /dev/ttyUSB2 1
1344288505 0 /dev/ttyUSB2 1
1344288511 0 /dev/ttyUSB2 1
1344288517 0 /dev/ttyUSB2 1
1344288523 0 /dev/ttyUSB2 1
1344288529 0 /dev/ttyUSB2 1
1344288535 0 /dev/ttyUSB2 1
1344288547 0 /dev/ttyUSB2 1
1344288553 0 /dev/ttyUSB2 1
1344288560 0 /dev/ttyUSB2 1
1344288566 0 /dev/ttyUSB2 1
1344288572 0 /dev/ttyUSB2 1
1344288578 0 /dev/ttyUSB2 1
1344288584 0 /dev/ttyUSB2 1
1344288590 0 /dev/ttyUSB2 1
1344288596 0 /dev/ttyUSB2 1
1344288602 0 /dev/ttyUSB2 1
1344288609 0 /dev/ttyUSB2 1
1344288615 0 /dev/ttyUSB2 1
1344288627 0 /dev/ttyUSB2 1
1344288633 0 /dev/ttyUSB2 1
1344288639 0 /dev/ttyUSB2 1
1344288645 0 /dev/ttyUSB2 1
1344288651 0 /dev/ttyUSB2 1
1344288657 0 /dev/ttyUSB2 1
1344288664 0 /dev/ttyUSB2 1
1344288670 0 /dev/ttyUSB2 1
1344288676 0 /dev/ttyUSB2 1
1344288682 0 /dev/ttyUSB2 1
1344288688 0 /dev/ttyUSB2 1
1344288694 0 /dev/ttyUSB2 1
1344288706 0 /dev/ttyUSB2 1
1344288712 0 /dev/ttyUSB2 1
1344288719 0 /dev/ttyUSB2 1
1344288725 0 /dev/ttyUSB2 1
1344288731 0 /dev/ttyUSB2 1
1344288737 0 /dev/ttyUSB2 1
1344288743 0 /dev/ttyUSB2 1
1344288749 0 /dev/ttyUSB2 1
1344288755 0 /dev/ttyUSB2 1
1344288761 0 /dev/ttyUSB2 1
1344288768 0 /dev/ttyUSB2 1
1344288774 0 /dev/ttyUSB2 1
1344288786 0 /dev/ttyUSB2 1
1344288792 0 /dev/ttyUSB2 1
1344288798 0 /dev/ttyUSB2 1
1344288804 0 /dev/ttyUSB2 1
1344288816 0 /dev/ttyUSB2 1
1344288823 0 /dev/ttyUSB2 1
1344288829 0 /dev/ttyUSB2 1
1344288835 0 /dev/ttyUSB2 1
1344288841 0 /dev/ttyUSB2 1
1344288847 0 /dev/ttyUSB2 1
1344288853 0 /dev/ttyUSB2 1
1344288865 0 /dev/ttyUSB2 1
1344288871 0 /dev/ttyUSB2 1
1344288878 0 /dev/ttyUSB2 1
1344288884 0 /dev/ttyUSB2 1
1344288890 0 /dev/ttyUSB2 1
1344288896 0 /dev/ttyUSB2 1
1344288902 0 /dev/ttyUSB2 1
1344288908 0 /dev/ttyUSB2 1
1344288914 0 /dev/ttyUSB2 1
1344288920 0 /dev/ttyUSB2 1
1344288926 0 /dev/ttyUSB2 1
1344288945 0 /dev/ttyUSB2 1
1344288951 0 /dev/ttyUSB2 1
1344288957 0 /dev/ttyUSB2 1
1344288963 0 /dev/ttyUSB2 1
1344288969 0 /dev/ttyUSB2 1
1344288975 0 /dev/ttyUSB2 1
1344288982 0 /dev/ttyUSB2 1
1344288988 0 /dev/ttyUSB2 1
1344288994 0 /dev/ttyUSB2 1
1344289000 0 /dev/ttyUSB2 1
1344289006 0 /dev/ttyUSB2 1
1344289012 0 /dev/ttyUSB2 1
1344289024 0 /dev/ttyUSB2 1
1344289030 0 /dev/ttyUSB2 1
1344289037 0 /dev/ttyUSB2 1
1344289043 0 /dev/ttyUSB2 1
1344289049 0 /dev/ttyUSB2 1
1344289055 0 /dev/ttyUSB2 1
1344289061 0 /dev/ttyUSB2 1
1344289067 0 /dev/ttyUSB2 1
1344289079 0 /dev/ttyUSB2 1
1344289085 0 /dev/ttyUSB2 1
1344289092 0 /dev/ttyUSB2 1
1344289104 0 /dev/ttyUSB2 1
1344289122 0 /dev/ttyUSB2 1
1344289128 0 /dev/ttyUSB2 1
1344289134 0 /dev/ttyUSB2 1
1344289141 0 /dev/ttyUSB2 1
1344289147 0 /dev/ttyUSB2 1
1344289153 0 /dev/ttyUSB2 1
1344289159 0 /dev/ttyUSB2 1
1344289165 0 /dev/ttyUSB2 1
1344289171 0 /dev/ttyUSB2 1
1344289183 0 /dev/ttyUSB2 1
1344289189 0 /dev/ttyUSB2 1
1344289196 0 /dev/ttyUSB2 1
1344289202 0 /dev/ttyUSB2 1
1344289208 0 /dev/ttyUSB2 1
1344289214 0 /dev/ttyUSB2 1
1344289238 0 /dev/ttyUSB2 1
1344289251 0 /dev/ttyUSB2 1
1344289275 0 /dev/ttyUSB2 1
1344289281 0 /dev/ttyUSB2 1
1344289287 0 /dev/ttyUSB2 1
1344289293 0 /dev/ttyUSB2 1
1344289299 0 /dev/ttyUSB2 1
1344289306 0 /dev/ttyUSB2 1
1344289312 0 /dev/ttyUSB2 1
1344289318 0 /dev/ttyUSB2 1
1344289324 0 /dev/ttyUSB2 1
1344289330 0 /dev/ttyUSB2 1
1344289342 0 /dev/ttyUSB2 1
1344289348 0 /dev/ttyUSB2 1
1344289355 0 /dev/ttyUSB2 1
1344289361 0 /dev/ttyUSB2 1
1344289367 0 /dev/ttyUSB2 1
1344289373 0 /dev/ttyUSB2 1
1344289379 0 /dev/ttyUSB2 1
1344289385 0 /dev/ttyUSB2 1
1344289391 0 /dev/ttyUSB2 1
1344289397 0 /dev/ttyUSB2 1
1344289403 0 /dev/ttyUSB2 1
1344289410 0 /dev/ttyUSB2 1
1344289422 0 /dev/ttyUSB2 1
1344289428 0 /dev/ttyUSB2 1
1344289434 0 /dev/ttyUSB2 1
1344289440 0 /dev/ttyUSB2 1
1344289446 0 /dev/ttyUSB2 1
1344289452 0 /dev/ttyUSB2 1
1344289458 0 /dev/ttyUSB2 1
1344289465 0 /dev/ttyUSB2 1
1344289471 0 /dev/ttyUSB2 1
1344289477 0 /dev/ttyUSB2 1
1344289483 0 /dev/ttyUSB2 1
1344289489 0 /dev/ttyUSB2 1
1344289501 0 /dev/ttyUSB2 1
1344289507 0 /dev/ttyUSB2 1
1344289514 0 /dev/ttyUSB2 1
1344289532 0 /dev/ttyUSB2 1
1344289538 0 /dev/ttyUSB2 1
1344289544 0 /dev/ttyUSB2 1
1344289550 0 /dev/ttyUSB2 1
1344289556 0 /dev/ttyUSB2 1
1344289562 0 /dev/ttyUSB2 1
1344289569 0 /dev/ttyUSB2 1
1344289581 0 /dev/ttyUSB2 1
1344289587 0 /dev/ttyUSB2 1
1344289593 0 /dev/ttyUSB2 1
1344289599 0 /dev/ttyUSB2 1
1344289605 0 /dev/ttyUSB2 1
1344289611 0 /dev/ttyUSB2 1
1344289630 0 /dev/ttyUSB2 1
1344289636 0 /dev/ttyUSB2 1
1344289642 0 /dev/ttyUSB2 1
1344289648 0 /dev/ttyUSB2 1
1344289660 0 /dev/ttyUSB2 1
1344289666 0 /dev/ttyUSB2 1
1344289672 0 /dev/ttyUSB2 1
1344289679 0 /dev/ttyUSB2 1
1344289685 0 /dev/ttyUSB2 1
1344289691 0 /dev/ttyUSB2 1
1344289697 0 /dev/ttyUSB2 1
1344289703 0 /dev/ttyUSB2 1
1344289709 0 /dev/ttyUSB2 1
1344289715 0 /dev/ttyUSB2 1
1344289721 0 /dev/ttyUSB2 1
1344289728 0 /dev/ttyUSB2 1
1344289740 0 /dev/ttyUSB2 1
1344289746 0 /dev/ttyUSB2 1
1344289752 0 /dev/ttyUSB2 1
1344289758 0 /dev/ttyUSB2 1
1344289764 0 /dev/ttyUSB2 1
1344289776 0 /dev/ttyUSB2 1
1344289783 0 /dev/ttyUSB2 1
1344289789 0 /dev/ttyUSB2 1
1344289795 0 /dev/ttyUSB2 1
1344289801 0 /dev/ttyUSB2 1
1344289807 0 /dev/ttyUSB2 1
1344289819 0 /dev/ttyUSB2 1
1344289825 0 /dev/ttyUSB2 1
1344289831 0 /dev/ttyUSB2 1
1344289838 0 /dev/ttyUSB2 1
1344289844 0 /dev/ttyUSB2 1
1344289850 0 /dev/ttyUSB2 1
1344289856 0 /dev/ttyUSB2 1
1344289862 0 /dev/ttyUSB2 1
1344289868 0 /dev/ttyUSB2 1
1344289923 0 /dev/ttyUSB2 1
1344289929 0 /dev/ttyUSB2 1
1344289935 0 /dev/ttyUSB2 1
1344289948 0 /dev/ttyUSB2 1
1344289954 0 /dev/ttyUSB2 1
1344289960 0 /dev/ttyUSB2 1
1344289966 0 /dev/ttyUSB2 1
1344289972 0 /dev/ttyUSB2 1
1344289978 0 /dev/ttyUSB2 1
1344289984 0 /dev/ttyUSB2 1
1344289990 0 /dev/ttyUSB2 1
1344289997 0 /dev/ttyUSB2 1
1344290003 0 /dev/ttyUSB2 1
1344290009 0 /dev/ttyUSB2 1
1344290015 0 /dev/ttyUSB2 1
1344290021 0 /dev/ttyUSB2 1
1344290027 0 /dev/ttyUSB2 1
1344290033 0 /dev/ttyUSB2 1
1344290039 0 /dev/ttyUSB2 1
1344290046 0 /dev/ttyUSB2 1
1344290052 0 /dev/ttyUSB2 1
1344290058 0 /dev/ttyUSB2 1
1344290064 0 /dev/ttyUSB2 1
1344290070 0 /dev/ttyUSB2 1
1344290076 0 /dev/ttyUSB2 1
1344290082 0 /dev/ttyUSB2 1
1344290088 0 /dev/ttyUSB2 1
1344290094 0 /dev/ttyUSB2 1
1344290101 0 /dev/ttyUSB2 1
1344290107 0 /dev/ttyUSB2 1
1344290113 0 /dev/ttyUSB2 1
1344290119 0 /dev/ttyUSB2 1
1344290125 0 /dev/ttyUSB2 1
1344290131 0 /dev/ttyUSB2 1
1344290137 0 /dev/ttyUSB2 1
1344290143 0 /dev/ttyUSB2 1
1344290149 0 /dev/ttyUSB2 1
1344290156 0 /dev/ttyUSB2 1
1344290162 0 /dev/ttyUSB2 1
1344290168 0 /dev/ttyUSB2 1
1344290174 0 /dev/ttyUSB2 1
1344290192 0 /dev/ttyUSB2 1
1344290198 0 /dev/ttyUSB2 1
1344290204 0 /dev/ttyUSB2 1
1344290211 0 /dev/ttyUSB2 1
1344290217 0 /dev/ttyUSB2 1
1344290223 0 /dev/ttyUSB2 1
1344290229 0 /dev/ttyUSB2 1
1344290235 0 /dev/ttyUSB2 1
1344290241 0 /dev/ttyUSB2 1
1344290253 0 /dev/ttyUSB2 1
1344290260 0 /dev/ttyUSB2 1
1344290266 0 /dev/ttyUSB2 1
1344290272 0 /dev/ttyUSB2 1
1344290278 0 /dev/ttyUSB2 1
1344290284 0 /dev/ttyUSB2 1
1344290290 0 /dev/ttyUSB2 1
1344290296 0 /dev/ttyUSB2 1
1344290302 0 /dev/ttyUSB2 1
1344290308 0 /dev/ttyUSB2 1
1344290315 0 /dev/ttyUSB2 1
1344290321 0 /dev/ttyUSB2 1
1344290327 0 /dev/ttyUSB2 1
1344290333 0 /dev/ttyUSB2 1
1344290339 0 /dev/ttyUSB2 1
1344290345 0 /dev/ttyUSB2 1
1344290351 0 /dev/ttyUSB2 1
1344290357 0 /dev/ttyUSB2 1
1344290363 0 /dev/ttyUSB2 1
1344290370 0 /dev/ttyUSB2 1
1344290376 0 /dev/ttyUSB2 1
1344290382 0 /dev/ttyUSB2 1
1344290388 0 /dev/ttyUSB2 1
1344290394 0 /dev/ttyUSB2 1
1344290400 0 /dev/ttyUSB2 1
1344290406 0 /dev/ttyUSB2 1
1344290412 0 /dev/ttyUSB2 1
1344290419 0 /dev/ttyUSB2 1
1344290425 0 /dev/ttyUSB2 1
1344290431 0 /dev/ttyUSB2 1
1344290437 0 /dev/ttyUSB2 1
1344290443 0 /dev/ttyUSB2 1
1344290449 0 /dev/ttyUSB2 1
1344290455 0 /dev/ttyUSB2 1
1344290461 0 /dev/ttyUSB2 1
1344290467 0 /dev/ttyUSB2 1
1344290474 0 /dev/ttyUSB2 1
1344290480 0 /dev/ttyUSB2 1
1344290486 0 /dev/ttyUSB2 1
1344290492 0 /dev/ttyUSB2 1
1344290498 0 /dev/ttyUSB2 1
1344290504 0 /dev/ttyUSB2 1
1344290510 0 /dev/ttyUSB2 1
1344290516 0 /dev/ttyUSB2 1
1344290522 0 /dev/ttyUSB2 1
1344290529 0 /dev/ttyUSB2 1
1344290535 0 /dev/ttyUSB2 1
1344290541 0 /dev/ttyUSB2 1
1344290547 0 /dev/ttyUSB2 1
1344290553 0 /dev/ttyUSB2 1
1344290559 0 /dev/ttyUSB2 1
1344290565 0 /dev/ttyUSB2 1
1344290571 0 /dev/ttyUSB2 1
1344290577 0 /dev/ttyUSB2 1
1344290584 0 /dev/ttyUSB2 1
1344290590 0 /dev/ttyUSB2 1
1344290596 0 /dev/ttyUSB2 1
1344290602 0 /dev/ttyUSB2 1
1344290608 0 /dev/ttyUSB2 1
1344290614 0 /dev/ttyUSB2 1
1344290620 0 /dev/ttyUSB2 1
1344290626 0 /dev/ttyUSB2 1
1344290633 0 /dev/ttyUSB2 1
1344290639 0 /dev/ttyUSB2 1
1344290645 0 /dev/ttyUSB2 1
1344290651 0 /dev/ttyUSB2 1
1344290657 0 /dev/ttyUSB2 1
1344290663 0 /dev/ttyUSB2 1
1344290669 0 /dev/ttyUSB2 1
1344290675 0 /dev/ttyUSB2 1
1344290681 0 /dev/ttyUSB2 1
1344290688 0 /dev/ttyUSB2 1
1344290694 0 /dev/ttyUSB2 1
1344290700 0 /dev/ttyUSB2 1
1344290706 0 /dev/ttyUSB2 1
1344290712 0 /dev/ttyUSB2 1
1344290718 0 /dev/ttyUSB2 1
1344290724 0 /dev/ttyUSB2 1
1344290730 0 /dev/ttyUSB2 1
1344290736 0 /dev/ttyUSB2 1
1344290743 0 /dev/ttyUSB2 1
1344290749 0 /dev/ttyUSB2 1
1344290755 0 /dev/ttyUSB2 1
1344290761 0 /dev/ttyUSB2 1
1344290767 0 /dev/ttyUSB2 1
1344290773 0 /dev/ttyUSB2 1
1344290779 0 /dev/ttyUSB2 1
1344290785 0 /dev/ttyUSB2 1
1344290798 0 /dev/ttyUSB2 1
1344290804 0 /dev/ttyUSB2 1
1344290865 0 /dev/ttyUSB2 1
1344290871 0 /dev/ttyUSB2 1
1344290877 0 /dev/ttyUSB2 1
1344290883 0 /dev/ttyUSB2 1
1344290920 0 /dev/ttyUSB2 1
1344290932 0 /dev/ttyUSB2 1
1344290938 0 /dev/ttyUSB2 1
1344290944 0 /dev/ttyUSB2 1
1344290950 0 /dev/ttyUSB2 1
1344290957 0 /dev/ttyUSB2 1
1344290963 0 /dev/ttyUSB2 1
1344290969 0 /dev/ttyUSB2 1
1344290975 0 /dev/ttyUSB2 1
1344290981 0 /dev/ttyUSB2 1
1344290987 0 /dev/ttyUSB2 1
1344290993 0 /dev/ttyUSB2 1
1344290999 0 /dev/ttyUSB2 1
1344291006 0 /dev/ttyUSB2 1
1344291012 0 /dev/ttyUSB2 1
1344291018 0 /dev/ttyUSB2 1
1344291024 0 /dev/ttyUSB2 1
1344291030 0 /dev/ttyUSB2 1
1344291036 0 /dev/ttyUSB2 1
1344291042 0 /dev/ttyUSB2 1
1344291048 0 /dev/ttyUSB2 1
1344291054 0 /dev/ttyUSB2 1
1344291061 0 /dev/ttyUSB2 1
1344291067 0 /dev/ttyUSB2 1
1344291073 0 /dev/ttyUSB2 1
1344291079 0 /dev/ttyUSB2 1
1344291085 0 /dev/ttyUSB2 1
1344291091 0 /dev/ttyUSB2 1
1344291109 0 /dev/ttyUSB2 1
1344291116 0 /dev/ttyUSB2 1
1344291122 0 /dev/ttyUSB2 1
1344291128 0 /dev/ttyUSB2 1
1344291134 0 /dev/ttyUSB2 1
1344291140 0 /dev/ttyUSB2 1
1344291146 0 /dev/ttyUSB2 1
1344291152 0 /dev/ttyUSB2 1
1344291158 0 /dev/ttyUSB2 1
1344291165 0 /dev/ttyUSB2 1
1344291171 0 /dev/ttyUSB2 1
1344291177 0 /dev/ttyUSB2 1
1344291183 0 /dev/ttyUSB2 1
1344291189 0 /dev/ttyUSB2 1
1344291195 0 /dev/ttyUSB2 1
1344291201 0 /dev/ttyUSB2 1
1344291207 0 /dev/ttyUSB2 1
1344291232 0 /dev/ttyUSB2 1
1344291238 0 /dev/ttyUSB2 1
1344291250 0 /dev/ttyUSB2 1
1344291256 0 /dev/ttyUSB2 1
1344291268 0 /dev/ttyUSB2 1
1344291275 0 /dev/ttyUSB2 1
1344291281 0 /dev/ttyUSB2 1
1344291287 0 /dev/ttyUSB2 1
1344291293 0 /dev/ttyUSB2 1
1344291305 0 /dev/ttyUSB2 1
1344291311 0 /dev/ttyUSB2 1
1344291317 0 /dev/ttyUSB2 1
1344291330 0 /dev/ttyUSB2 1
1344291336 0 /dev/ttyUSB2 1
1344291360 0 /dev/ttyUSB2 1
1344291366 0 /dev/ttyUSB2 1
1344291372 0 /dev/ttyUSB2 1
1344291379 0 /dev/ttyUSB2 1
1344291385 0 /dev/ttyUSB2 1
1344291391 0 /dev/ttyUSB2 1
1344291397 0 /dev/ttyUSB2 1
1344291409 0 /dev/ttyUSB2 1
1344291415 0 /dev/ttyUSB2 1
1344291421 0 /dev/ttyUSB2 1
1344291427 0 /dev/ttyUSB2 1
1344291434 0 /dev/ttyUSB2 1
1344291440 0 /dev/ttyUSB2 1
1344291446 0 /dev/ttyUSB2 1
1344291452 0 /dev/ttyUSB2 1
1344291458 0 /dev/ttyUSB2 1
1344291464 0 /dev/ttyUSB2 1
1344291470 0 /dev/ttyUSB2 1
1344291476 0 /dev/ttyUSB2 1
1344291489 0 /dev/ttyUSB2 1
1344291495 0 /dev/ttyUSB2 1
1344291501 0 /dev/ttyUSB2 1
1344291507 0 /dev/ttyUSB2 1
1344291513 0 /dev/ttyUSB2 1
1344291519 0 /dev/ttyUSB2 1
1344291525 0 /dev/ttyUSB2 1
1344291531 0 /dev/ttyUSB2 1
1344291538 0 /dev/ttyUSB2 1
1344291544 0 /dev/ttyUSB2 1
1344291550 0 /dev/ttyUSB2 1
1344291556 0 /dev/ttyUSB2 1
1344291568 0 /dev/ttyUSB2 1
1344291574 0 /dev/ttyUSB2 1
1344291580 0 /dev/ttyUSB2 1
1344291586 0 /dev/ttyUSB2 1
1344291593 0 /dev/ttyUSB2 1
1344291599 0 /dev/ttyUSB2 1
1344291605 0 /dev/ttyUSB2 1
1344291611 0 /dev/ttyUSB2 1
1344291617 0 /dev/ttyUSB2 1
1344291623 0 /dev/ttyUSB2 1
1344291629 0 /dev/ttyUSB2 1
1344291635 0 /dev/ttyUSB2 1
1344291648 0 /dev/ttyUSB2 1
1344291654 0 /dev/ttyUSB2 1
1344291660 0 /dev/ttyUSB2 1
1344291666 0 /dev/ttyUSB2 1
1344291678 0 /dev/ttyUSB2 1
1344291684 0 /dev/ttyUSB2 1
1344291690 0 /dev/ttyUSB2 1
1344291696 0 /dev/ttyUSB2 1
1344291703 0 /dev/ttyUSB2 1
1344291709 0 /dev/ttyUSB2 1
1344291715 0 /dev/ttyUSB2 1
1344291782 0 /dev/ttyUSB2 1
1344291788 0 /dev/ttyUSB2 1
1344291794 0 /dev/ttyUSB2 1
1344291807 0 /dev/ttyUSB2 1
1344291813 0 /dev/ttyUSB2 1
1344291819 0 /dev/ttyUSB2 1
1344291825 0 /dev/ttyUSB2 1
1344291837 0 /dev/ttyUSB2 1
1344291855 0 /dev/ttyUSB2 1
1344291862 0 /dev/ttyUSB2 1
1344291868 0 /dev/ttyUSB2 1
1344291874 0 /dev/ttyUSB2 1
1344291886 0 /dev/ttyUSB2 1
1344291892 0 /dev/ttyUSB2 1
1344291898 0 /dev/ttyUSB2 1
1344291904 0 /dev/ttyUSB2 1
1344291910 0 /dev/ttyUSB2 1
1344291917 0 /dev/ttyUSB2 1
1344291923 0 /dev/ttyUSB2 1
1344291929 0 /dev/ttyUSB2 1
1344291935 0 /dev/ttyUSB2 1
1344291941 0 /dev/ttyUSB2 1
1344291947 0 /dev/ttyUSB2 1
1344291953 0 /dev/ttyUSB2 1
1344291966 0 /dev/ttyUSB2 1
1344291972 0 /dev/ttyUSB2 1
1344291978 0 /dev/ttyUSB2 1
1344291984 0 /dev/ttyUSB2 1
1344291996 0 /dev/ttyUSB2 1
1344292014 0 /dev/ttyUSB2 1
1344292021 0 /dev/ttyUSB2 1
1344292027 0 /dev/ttyUSB2 1
1344292033 0 /dev/ttyUSB2 1
1344292045 0 /dev/ttyUSB2 1
1344292051 0 /dev/ttyUSB2 1
1344292057 0 /dev/ttyUSB2 1
1344292063 0 /dev/ttyUSB2 1
1344292069 0 /dev/ttyUSB2 1
1344292076 0 /dev/ttyUSB2 1
1344292082 0 /dev/ttyUSB2 1
1344292088 0 /dev/ttyUSB2 1
1344292094 0 /dev/ttyUSB2 1
1344292100 0 /dev/ttyUSB2 1
1344292106 0 /dev/ttyUSB2 1
1344292112 0 /dev/ttyUSB2 1
1344292125 0 /dev/ttyUSB2 1
1344292131 0 /dev/ttyUSB2 1
1344292137 0 /dev/ttyUSB2 1
1344292143 0 /dev/ttyUSB2 1
1344292149 0 /dev/ttyUSB2 1
1344292155 0 /dev/ttyUSB2 1
1344292161 0 /dev/ttyUSB2 1
1344292204 0 /dev/ttyUSB2 1
1344292210 0 /dev/ttyUSB2 1
1344292216 0 /dev/ttyUSB2 1
1344292222 0 /dev/ttyUSB2 1
1344292228 0 /dev/ttyUSB2 1
1344292235 0 /dev/ttyUSB2 1
1344292241 0 /dev/ttyUSB2 1
1344292247 0 /dev/ttyUSB2 1
1344292253 0 /dev/ttyUSB2 1
1344292259 0 /dev/ttyUSB2 1
1344292265 0 /dev/ttyUSB2 1
1344292271 0 /dev/ttyUSB2 1
1344292283 0 /dev/ttyUSB2 1
1344292290 0 /dev/ttyUSB2 1
1344292296 0 /dev/ttyUSB2 1
1344292302 0 /dev/ttyUSB2 1
1344292308 0 /dev/ttyUSB2 1
1344292314 0 /dev/ttyUSB2 1
1344292320 0 /dev/ttyUSB2 1
1344292326 0 /dev/ttyUSB2 1
1344292332 0 /dev/ttyUSB2 1
1344292339 0 /dev/ttyUSB2 1
1344292345 0 /dev/ttyUSB2 1
1344292351 0 /dev/ttyUSB2 1
1344292369 0 /dev/ttyUSB2 1
1344292375 0 /dev/ttyUSB2 1
1344292381 0 /dev/ttyUSB2 1
1344292387 0 /dev/ttyUSB2 1
1344292394 0 /dev/ttyUSB2 1
1344292400 0 /dev/ttyUSB2 1
1344292406 0 /dev/ttyUSB2 1
1344292412 0 /dev/ttyUSB2 1
1344292418 0 /dev/ttyUSB2 1
1344292424 0 /dev/ttyUSB2 1
1344292430 0 /dev/ttyUSB2 1
1344292442 0 /dev/ttyUSB2 1
1344292449 0 /dev/ttyUSB2 1
1344292455 0 /dev/ttyUSB2 1
1344292461 0 /dev/ttyUSB2 1
1344292467 0 /dev/ttyUSB2 1
1344292473 0 /dev/ttyUSB2 1
1344292479 0 /dev/ttyUSB2 1
1344292485 0 /dev/ttyUSB2 1
1344292491 0 /dev/ttyUSB2 1
1344292498 0 /dev/ttyUSB2 1
1344292504 0 /dev/ttyUSB2 1
1344292510 0 /dev/ttyUSB2 1
1344292522 0 /dev/ttyUSB2 1
1344292528 0 /dev/ttyUSB2 1
1344292534 0 /dev/ttyUSB2 1
1344292546 0 /dev/ttyUSB2 1
1344292553 0 /dev/ttyUSB2 1
1344292559 0 /dev/ttyUSB2 1
1344292565 0 /dev/ttyUSB2 1
1344292571 0 /dev/ttyUSB2 1
1344292577 0 /dev/ttyUSB2 1
1344292583 0 /dev/ttyUSB2 1
1344292589 0 /dev/ttyUSB2 1
1344292601 0 /dev/ttyUSB2 1
1344292608 0 /dev/ttyUSB2 1
1344292614 0 /dev/ttyUSB2 1
1344292620 0 /dev/ttyUSB2 1
1344292626 0 /dev/ttyUSB2 1
1344292632 0 /dev/ttyUSB2 1
1344292693 0 /dev/ttyUSB2 1
1344292712 0 /dev/ttyUSB2 1
1344292718 0 /dev/ttyUSB2 1
1344292724 0 /dev/ttyUSB2 1
1344292730 0 /dev/ttyUSB2 1
1344292760 0 /dev/ttyUSB2 1
1344292767 0 /dev/ttyUSB2 1
1344292773 0 /dev/ttyUSB2 1
1344292779 0 /dev/ttyUSB2 1
1344292785 0 /dev/ttyUSB2 1
1344292791 0 /dev/ttyUSB2 1
1344292797 0 /dev/ttyUSB2 1
1344292803 0 /dev/ttyUSB2 1
1344292809 0 /dev/ttyUSB2 1
1344292815 0 /dev/ttyUSB2 1
1344292822 0 /dev/ttyUSB2 1
1344292828 0 /dev/ttyUSB2 1
1344292840 0 /dev/ttyUSB2 1
1344292846 0 /dev/ttyUSB2 1
1344292852 0 /dev/ttyUSB2 1
1344292858 0 /dev/ttyUSB2 1
1344292864 0 /dev/ttyUSB2 1
1344292871 0 /dev/ttyUSB2 1
1344292877 0 /dev/ttyUSB2 1
1344292883 0 /dev/ttyUSB2 1
1344292889 0 /dev/ttyUSB2 1
1344292895 0 /dev/ttyUSB2 1
1344292901 0 /dev/ttyUSB2 1
1344292907 0 /dev/ttyUSB2 1
1344292926 0 /dev/ttyUSB2 1
1344292932 0 /dev/ttyUSB2 1
1344292938 0 /dev/ttyUSB2 1
1344292950 0 /dev/ttyUSB2 1
1344292956 0 /dev/ttyUSB2 1
1344292962 0 /dev/ttyUSB2 1
1344292968 0 /dev/ttyUSB2 1
1344292974 0 /dev/ttyUSB2 1
1344292981 0 /dev/ttyUSB2 1
1344292999 0 /dev/ttyUSB2 1
1344293005 0 /dev/ttyUSB2 1
1344293011 0 /dev/ttyUSB2 1
1344293017 0 /dev/ttyUSB2 1
1344293023 0 /dev/ttyUSB2 1
1344293029 0 /dev/ttyUSB2 1
1344293036 0 /dev/ttyUSB2 1
1344293042 0 /dev/ttyUSB2 1
1344293048 0 /dev/ttyUSB2 1
1344293054 0 /dev/ttyUSB2 1
1344293060 0 /dev/ttyUSB2 1
1344293066 0 /dev/ttyUSB2 1
1344293078 0 /dev/ttyUSB2 1
1344293085 0 /dev/ttyUSB2 1
1344293091 0 /dev/ttyUSB2 1
1344293097 0 /dev/ttyUSB2 1
1344293103 0 /dev/ttyUSB2 1
1344293109 0 /dev/ttyUSB2 1
1344293115 0 /dev/ttyUSB2 1
1344293121 0 /dev/ttyUSB2 1
1344293127 0 /dev/ttyUSB2 1
1344293133 0 /dev/ttyUSB2 1
1344293140 0 /dev/ttyUSB2 1
1344293146 0 /dev/ttyUSB2 1
1344293158 0 /dev/ttyUSB2 1
1344293164 0 /dev/ttyUSB2 1
1344293170 0 /dev/ttyUSB2 1
1344293176 0 /dev/ttyUSB2 1
1344293182 0 /dev/ttyUSB2 1
1344293188 0 /dev/ttyUSB2 1
1344293195 0 /dev/ttyUSB2 1
1344293201 0 /dev/ttyUSB2 1
1344293207 0 /dev/ttyUSB2 1
1344293213 0 /dev/ttyUSB2 1
1344293219 0 /dev/ttyUSB2 1
1344293225 0 /dev/ttyUSB2 1
1344293237 0 /dev/ttyUSB2 1
1344293256 0 /dev/ttyUSB2 1
1344293262 0 /dev/ttyUSB2 1
1344293268 0 /dev/ttyUSB2 1
1344293274 0 /dev/ttyUSB2 1
1344293280 0 /dev/ttyUSB2 1
1344293286 0 /dev/ttyUSB2 1
1344293292 0 /dev/ttyUSB2 1
1344293299 0 /dev/ttyUSB2 1
1344293305 0 /dev/ttyUSB2 1
1344293317 0 /dev/ttyUSB2 1
1344293323 0 /dev/ttyUSB2 1
1344293329 0 /dev/ttyUSB2 1
1344293335 0 /dev/ttyUSB2 1
1344293366 0 /dev/ttyUSB2 1
1344293372 0 /dev/ttyUSB2 1
1344293433 0 /dev/ttyUSB2 1
1344293439 0 /dev/ttyUSB2 1
1344293445 0 /dev/ttyUSB2 1
1344293451 0 /dev/ttyUSB2 1
1344293458 0 /dev/ttyUSB2 1
1344293476 0 /dev/ttyUSB2 1
1344293482 0 /dev/ttyUSB2 1
1344293488 0 /dev/ttyUSB2 1
1344293494 0 /dev/ttyUSB2 1
1344293500 0 /dev/ttyUSB2 1
1344293506 0 /dev/ttyUSB2 1
1344293513 0 /dev/ttyUSB2 1
1344293519 0 /dev/ttyUSB2 1
1344293525 0 /dev/ttyUSB2 1
1344293531 0 /dev/ttyUSB2 1
1344293555 0 /dev/ttyUSB2 1
1344293561 0 /dev/ttyUSB2 1
1344293568 0 /dev/ttyUSB2 1
1344293574 0 /dev/ttyUSB2 1
1344293580 0 /dev/ttyUSB2 1
1344293586 0 /dev/ttyUSB2 1
1344293592 0 /dev/ttyUSB2 1
1344293598 0 /dev/ttyUSB2 1
1344293610 0 /dev/ttyUSB2 1
1344293617 0 /dev/ttyUSB2 1
1344293623 0 /dev/ttyUSB2 1
1344293635 0 /dev/ttyUSB2 1
1344293641 0 /dev/ttyUSB2 1
1344293647 0 /dev/ttyUSB2 1
1344293653 0 /dev/ttyUSB2 1
1344293659 0 /dev/ttyUSB2 1
1344293665 0 /dev/ttyUSB2 1
1344293672 0 /dev/ttyUSB2 1
1344293678 0 /dev/ttyUSB2 1
1344293684 0 /dev/ttyUSB2 1
1344293690 0 /dev/ttyUSB2 1
1344293696 0 /dev/ttyUSB2 1
1344293702 0 /dev/ttyUSB2 1
1344293714 0 /dev/ttyUSB2 1
1344293720 0 /dev/ttyUSB2 1
1344293727 0 /dev/ttyUSB2 1
1344293733 0 /dev/ttyUSB2 1
1344293739 0 /dev/ttyUSB2 1
1344293745 0 /dev/ttyUSB2 1
1344293757 0 /dev/ttyUSB2 1
1344293763 0 /dev/ttyUSB2 1
1344293769 0 /dev/ttyUSB2 1
1344293775 0 /dev/ttyUSB2 1
1344293782 0 /dev/ttyUSB2 1
1344293794 0 /dev/ttyUSB2 1
1344293800 0 /dev/ttyUSB2 1
1344293806 0 /dev/ttyUSB2 1
1344293855 0 /dev/ttyUSB2 1
1344293861 0 /dev/ttyUSB2 1
1344293873 0 /dev/ttyUSB2 1
1344293879 0 /dev/ttyUSB2 1
1344293886 0 /dev/ttyUSB2 1
1344293892 0 /dev/ttyUSB2 1
1344293898 0 /dev/ttyUSB2 1
1344293904 0 /dev/ttyUSB2 1
1344293910 0 /dev/ttyUSB2 1
1344293953 0 /dev/ttyUSB2 1
1344293959 0 /dev/ttyUSB2 1
1344293965 0 /dev/ttyUSB2 1
1344293971 0 /dev/ttyUSB2 1
1344293977 0 /dev/ttyUSB2 1
1344293983 0 /dev/ttyUSB2 1
1344293990 0 /dev/ttyUSB2 1
1344293996 0 /dev/ttyUSB2 1
1344294002 0 /dev/ttyUSB2 1
1344294008 0 /dev/ttyUSB2 1
1344294014 0 /dev/ttyUSB2 1
1344294032 0 /dev/ttyUSB2 1
1344294038 0 /dev/ttyUSB2 1
1344294045 0 /dev/ttyUSB2 1
1344294051 0 /dev/ttyUSB2 1
1344294057 0 /dev/ttyUSB2 1
1344294063 0 /dev/ttyUSB2 1
1344294069 0 /dev/ttyUSB2 1
1344294075 0 /dev/ttyUSB2 1
1344294081 0 /dev/ttyUSB2 1
1344294142 0 /dev/ttyUSB2 1
1344294148 0 /dev/ttyUSB2 1
1344294155 0 /dev/ttyUSB2 1
1344294161 0 /dev/ttyUSB2 1
1344294167 0 /dev/ttyUSB2 1
1344294173 0 /dev/ttyUSB2 1
1344294179 0 /dev/ttyUSB2 1
1344294191 0 /dev/ttyUSB2 1
1344294197 0 /dev/ttyUSB2 1
1344294204 0 /dev/ttyUSB2 1
1344294210 0 /dev/ttyUSB2 1
1344294216 0 /dev/ttyUSB2 1
1344294222 0 /dev/ttyUSB2 1
1344294228 0 /dev/ttyUSB2 1
1344294234 0 /dev/ttyUSB2 1
1344294240 0 /dev/ttyUSB2 1
1344294246 0 /dev/ttyUSB2 1
1344294252 0 /dev/ttyUSB2 1
1344294259 0 /dev/ttyUSB2 1
1344294271 0 /dev/ttyUSB2 1
1344294277 0 /dev/ttyUSB2 1
1344294289 0 /dev/ttyUSB2 1
1344294295 0 /dev/ttyUSB2 1
1344294301 0 /dev/ttyUSB2 1
1344294307 0 /dev/ttyUSB2 1
1344294314 0 /dev/ttyUSB2 1
1344294320 0 /dev/ttyUSB2 1
1344294326 0 /dev/ttyUSB2 1
1344294332 0 /dev/ttyUSB2 1
1344294338 0 /dev/ttyUSB2 1
1344294350 0 /dev/ttyUSB2 1
1344294356 0 /dev/ttyUSB2 1
1344294363 0 /dev/ttyUSB2 1
1344294369 0 /dev/ttyUSB2 1
1344294375 0 /dev/ttyUSB2 1
1344294381 0 /dev/ttyUSB2 1
1344294387 0 /dev/ttyUSB2 1
1344294393 0 /dev/ttyUSB2 1
1344294399 0 /dev/ttyUSB2 1
1344294405 0 /dev/ttyUSB2 1
1344294411 0 /dev/ttyUSB2 1
1344294418 0 /dev/ttyUSB2 1
1344294430 0 /dev/ttyUSB2 1
1344294436 0 /dev/ttyUSB2 1
1344294442 0 /dev/ttyUSB2 1
1344294448 0 /dev/ttyUSB2 1
1344294454 0 /dev/ttyUSB2 1
1344294460 0 /dev/ttyUSB2 1
1344294466 0 /dev/ttyUSB2 1
1344294473 0 /dev/ttyUSB2 1
1344294479 0 /dev/ttyUSB2 1
1344294485 0 /dev/ttyUSB2 1
1344294491 0 /dev/ttyUSB2 1
1344294497 0 /dev/ttyUSB2 1
1344294509 0 /dev/ttyUSB2 1
1344294515 0 /dev/ttyUSB2 1
1344294521 0 /dev/ttyUSB2 1
1344294528 0 /dev/ttyUSB2 1
1344294534 0 /dev/ttyUSB2 1
1344294540 0 /dev/ttyUSB2 1
1344294546 0 /dev/ttyUSB2 1
1344294552 0 /dev/ttyUSB2 1
1344294558 0 /dev/ttyUSB2 1
1344294564 0 /dev/ttyUSB2 1
1344294570 0 /dev/ttyUSB2 1
1344294577 0 /dev/ttyUSB2 1
1344294589 0 /dev/ttyUSB2 1
1344294595 0 /dev/ttyUSB2 1
1344294601 0 /dev/ttyUSB2 1
1344294607 0 /dev/ttyUSB2 1
1344294625 0 /dev/ttyUSB2 1
1344294638 0 /dev/ttyUSB2 1
1344294711 0 /dev/ttyUSB2 1
1344294723 0 /dev/ttyUSB2 1
1344294729 0 /dev/ttyUSB2 1
1344294736 0 /dev/ttyUSB2 1
1344294748 0 /dev/ttyUSB2 1
1344294754 0 /dev/ttyUSB2 1
1344294760 0 /dev/ttyUSB2 1
1344294766 0 /dev/ttyUSB2 1
1344294772 0 /dev/ttyUSB2 1
1344294778 0 /dev/ttyUSB2 1
1344294784 0 /dev/ttyUSB2 1
1344294791 0 /dev/ttyUSB2 1
1344294797 0 /dev/ttyUSB2 1
1344294803 0 /dev/ttyUSB2 1
1344294809 0 /dev/ttyUSB2 1
1344294815 0 /dev/ttyUSB2 1
1344294827 0 /dev/ttyUSB2 1
1344294833 0 /dev/ttyUSB2 1
1344294839 0 /dev/ttyUSB2 1
1344294846 0 /dev/ttyUSB2 1
1344294852 0 /dev/ttyUSB2 1
1344294858 0 /dev/ttyUSB2 1
1344294864 0 /dev/ttyUSB2 1
1344294870 0 /dev/ttyUSB2 1
1344294876 0 /dev/ttyUSB2 1
1344294882 0 /dev/ttyUSB2 1
1344294888 0 /dev/ttyUSB2 1
1344294894 0 /dev/ttyUSB2 1
1344294907 0 /dev/ttyUSB2 1
1344294913 0 /dev/ttyUSB2 1
1344294919 0 /dev/ttyUSB2 1
1344294925 0 /dev/ttyUSB2 1
1344294931 0 /dev/ttyUSB2 1
1344294937 0 /dev/ttyUSB2 1
1344294943 0 /dev/ttyUSB2 1
1344294950 0 /dev/ttyUSB2 1
1344294956 0 /dev/ttyUSB2 1
1344294962 0 /dev/ttyUSB2 1
1344294968 0 /dev/ttyUSB2 1
1344294974 0 /dev/ttyUSB2 1
1344294986 0 /dev/ttyUSB2 1
1344294992 0 /dev/ttyUSB2 1
1344294998 0 /dev/ttyUSB2 1
1344295005 0 /dev/ttyUSB2 1
1344295011 0 /dev/ttyUSB2 1
1344295017 0 /dev/ttyUSB2 1
1344295023 0 /dev/ttyUSB2 1
1344295029 0 /dev/ttyUSB2 1
1344295035 0 /dev/ttyUSB2 1
1344295041 0 /dev/ttyUSB2 1
1344295047 0 /dev/ttyUSB2 1
1344295053 0 /dev/ttyUSB2 1
1344295066 0 /dev/ttyUSB2 1
1344295072 0 /dev/ttyUSB2 1
1344295078 0 /dev/ttyUSB2 1
1344295084 0 /dev/ttyUSB2 1
1344295090 0 /dev/ttyUSB2 1
1344295096 0 /dev/ttyUSB2 1
1344295102 0 /dev/ttyUSB2 1
1344295109 0 /dev/ttyUSB2 1
1344295115 0 /dev/ttyUSB2 1
1344295121 0 /dev/ttyUSB2 1
1344295127 0 /dev/ttyUSB2 1
1344295133 0 /dev/ttyUSB2 1
1344295145 0 /dev/ttyUSB2 1
1344295151 0 /dev/ttyUSB2 1
1344295157 0 /dev/ttyUSB2 1
1344295164 0 /dev/ttyUSB2 1
1344295176 0 /dev/ttyUSB2 1
1344295182 0 /dev/ttyUSB2 1
1344295188 0 /dev/ttyUSB2 1
1344295194 0 /dev/ttyUSB2 1
1344295200 0 /dev/ttyUSB2 1
1344295206 0 /dev/ttyUSB2 1
1344295212 0 /dev/ttyUSB2 1
1344295225 0 /dev/ttyUSB2 1
1344295231 0 /dev/ttyUSB2 1
1344295255 0 /dev/ttyUSB2 1
1344295261 0 /dev/ttyUSB2 1
1344295268 0 /dev/ttyUSB2 1
1344295274 0 /dev/ttyUSB2 1
1344295280 0 /dev/ttyUSB2 1
1344295286 0 /dev/ttyUSB2 1
1344295292 0 /dev/ttyUSB2 1
1344295304 0 /dev/ttyUSB2 1
1344295310 0 /dev/ttyUSB2 1
1344295316 0 /dev/ttyUSB2 1
1344295323 0 /dev/ttyUSB2 1
1344295329 0 /dev/ttyUSB2 1
1344295335 0 /dev/ttyUSB2 1
1344295341 0 /dev/ttyUSB2 1
1344295347 0 /dev/ttyUSB2 1
1344295353 0 /dev/ttyUSB2 1
1344295359 0 /dev/ttyUSB2 1
1344295365 0 /dev/ttyUSB2 1
1344295371 0 /dev/ttyUSB2 1
1344295384 0 /dev/ttyUSB2 1
1344295390 0 /dev/ttyUSB2 1
1344295396 0 /dev/ttyUSB2 1
1344295402 0 /dev/ttyUSB2 1
1344295408 0 /dev/ttyUSB2 1
1344295414 0 /dev/ttyUSB2 1
1344295420 0 /dev/ttyUSB2 1
1344295426 0 /dev/ttyUSB2 1
1344295433 0 /dev/ttyUSB2 1
1344295439 0 /dev/ttyUSB2 1
1344295445 0 /dev/ttyUSB2 1
1344295451 0 /dev/ttyUSB2 1
1344295463 0 /dev/ttyUSB2 1
1344295469 0 /dev/ttyUSB2 1
1344295475 0 /dev/ttyUSB2 1
1344295482 0 /dev/ttyUSB2 1
1344295488 0 /dev/ttyUSB2 1
1344295494 0 /dev/ttyUSB2 1
1344295500 0 /dev/ttyUSB2 1
1344295506 0 /dev/ttyUSB2 1
1344295512 0 /dev/ttyUSB2 1
1344295518 0 /dev/ttyUSB2 1
1344295524 0 /dev/ttyUSB2 1
1344295530 0 /dev/ttyUSB2 1
1344295543 0 /dev/ttyUSB2 1
1344295549 0 /dev/ttyUSB2 1
1344295555 0 /dev/ttyUSB2 1
1344295561 0 /dev/ttyUSB2 1
1344295567 0 /dev/ttyUSB2 1
1344295573 0 /dev/ttyUSB2 1
1344295579 0 /dev/ttyUSB2 1
1344295585 0 /dev/ttyUSB2 1
1344295592 0 /dev/ttyUSB2 1
1344295598 0 /dev/ttyUSB2 1
1344295604 0 /dev/ttyUSB2 1
1344295610 0 /dev/ttyUSB2 1
1344295622 0 /dev/ttyUSB2 1
1344295628 0 /dev/ttyUSB2 1
1344295634 0 /dev/ttyUSB2 1
1344295641 0 /dev/ttyUSB2 1
1344295647 0 /dev/ttyUSB2 1
1344295653 0 /dev/ttyUSB2 1
1344295665 0 /dev/ttyUSB2 1
1344295671 0 /dev/ttyUSB2 1
1344295677 0 /dev/ttyUSB2 1
1344295683 0 /dev/ttyUSB2 1
1344295689 0 /dev/ttyUSB2 1
1344295702 0 /dev/ttyUSB2 1
1344295708 0 /dev/ttyUSB2 1
1344295714 0 /dev/ttyUSB2 1
1344295720 0 /dev/ttyUSB2 1
1344295726 0 /dev/ttyUSB2 1
1344295732 0 /dev/ttyUSB2 1
1344295738 0 /dev/ttyUSB2 1
1344295744 0 /dev/ttyUSB2 1
1344295751 0 /dev/ttyUSB2 1
1344295757 0 /dev/ttyUSB2 1
1344295763 0 /dev/ttyUSB2 1
1344295769 0 /dev/ttyUSB2 1
1344295922 0 /dev/ttyUSB2 1
1344295928 0 /dev/ttyUSB2 1
1344295940 0 /dev/ttyUSB2 1
1344295946 0 /dev/ttyUSB2 1
1344295952 0 /dev/ttyUSB2 1
1344295958 0 /dev/ttyUSB2 1
1344295965 0 /dev/ttyUSB2 1
1344295971 0 /dev/ttyUSB2 1
1344295977 0 /dev/ttyUSB2 1
1344295983 0 /dev/ttyUSB2 1
1344295989 0 /dev/ttyUSB2 1
1344295995 0 /dev/ttyUSB2 1
1344296001 0 /dev/ttyUSB2 1
1344296007 0 /dev/ttyUSB2 1
1344296020 0 /dev/ttyUSB2 1
1344296056 0 /dev/ttyUSB2 1
1344296062 0 /dev/ttyUSB2 1
1344296069 0 /dev/ttyUSB2 1
1344296075 0 /dev/ttyUSB2 1
1344296081 0 /dev/ttyUSB2 1
1344296087 0 /dev/ttyUSB2 1
1344296099 0 /dev/ttyUSB2 1
1344296105 0 /dev/ttyUSB2 1
1344296111 0 /dev/ttyUSB2 1
1344296117 0 /dev/ttyUSB2 1
1344296124 0 /dev/ttyUSB2 1
1344296130 0 /dev/ttyUSB2 1
1344296136 0 /dev/ttyUSB2 1
1344296142 0 /dev/ttyUSB2 1
1344296148 0 /dev/ttyUSB2 1
1344296154 0 /dev/ttyUSB2 1
1344296160 0 /dev/ttyUSB2 1
1344296166 0 /dev/ttyUSB2 1
1344296179 0 /dev/ttyUSB2 1
1344296185 0 /dev/ttyUSB2 1
1344296191 0 /dev/ttyUSB2 1
1344296197 0 /dev/ttyUSB2 1
1344296203 0 /dev/ttyUSB2 1
1344296209 0 /dev/ttyUSB2 1
1344296228 0 /dev/ttyUSB2 1
1344296234 0 /dev/ttyUSB2 1
1344296240 0 /dev/ttyUSB2 1
1344296246 0 /dev/ttyUSB2 1
1344296258 0 /dev/ttyUSB2 1
1344296264 0 /dev/ttyUSB2 1
1344296276 0 /dev/ttyUSB2 1
1344296283 0 /dev/ttyUSB2 1
1344296289 0 /dev/ttyUSB2 1
1344296295 0 /dev/ttyUSB2 1
1344296301 0 /dev/ttyUSB2 1
1344296307 0 /dev/ttyUSB2 1
1344296313 0 /dev/ttyUSB2 1
1344296319 0 /dev/ttyUSB2 1
1344296325 0 /dev/ttyUSB2 1
1344296338 0 /dev/ttyUSB2 1
1344296362 0 /dev/ttyUSB2 1
1344296368 0 /dev/ttyUSB2 1
1344296387 0 /dev/ttyUSB2 1
1344296393 0 /dev/ttyUSB2 1
1344296399 0 /dev/ttyUSB2 1
1344296405 0 /dev/ttyUSB2 1
1344296417 0 /dev/ttyUSB2 1
1344296423 0 /dev/ttyUSB2 1
1344296429 0 /dev/ttyUSB2 1
1344296435 0 /dev/ttyUSB2 1
1344296442 0 /dev/ttyUSB2 1
1344296448 0 /dev/ttyUSB2 1
1344296454 0 /dev/ttyUSB2 1
1344296460 0 /dev/ttyUSB2 1
1344296466 0 /dev/ttyUSB2 1
1344296472 0 /dev/ttyUSB2 1
1344296478 0 /dev/ttyUSB2 1
1344296484 0 /dev/ttyUSB2 1
1344296497 0 /dev/ttyUSB2 1
1344296503 0 /dev/ttyUSB2 1
1344296509 0 /dev/ttyUSB2 1
1344296515 0 /dev/ttyUSB2 1
1344296533 0 /dev/ttyUSB2 1
1344296539 0 /dev/ttyUSB2 1
1344296546 0 /dev/ttyUSB2 1
1344296552 0 /dev/ttyUSB2 1
1344296558 0 /dev/ttyUSB2 1
1344296564 0 /dev/ttyUSB2 1
1344296576 0 /dev/ttyUSB2 1
1344296582 0 /dev/ttyUSB2 1
1344296588 0 /dev/ttyUSB2 1
1344296594 0 /dev/ttyUSB2 1
1344296601 0 /dev/ttyUSB2 1
1344296607 0 /dev/ttyUSB2 1
1344296613 0 /dev/ttyUSB2 1
1344296619 0 /dev/ttyUSB2 1
1344296625 0 /dev/ttyUSB2 1
1344296631 0 /dev/ttyUSB2 1
1344296637 0 /dev/ttyUSB2 1
1344296643 0 /dev/ttyUSB2 1
1344296656 0 /dev/ttyUSB2 1
1344296662 0 /dev/ttyUSB2 1
1344296668 0 /dev/ttyUSB2 1
1344296674 0 /dev/ttyUSB2 1
1344296680 0 /dev/ttyUSB2 1
1344296686 0 /dev/ttyUSB2 1
1344296692 0 /dev/ttyUSB2 1
1344296698 0 /dev/ttyUSB2 1
1344296704 0 /dev/ttyUSB2 1
1344296711 0 /dev/ttyUSB2 1
1344296717 0 /dev/ttyUSB2 1
1344296723 0 /dev/ttyUSB2 1
1344296735 0 /dev/ttyUSB2 1
1344296741 0 /dev/ttyUSB2 1
1344296747 0 /dev/ttyUSB2 1
1344296753 0 /dev/ttyUSB2 1
1344296760 0 /dev/ttyUSB2 1
1344296766 0 /dev/ttyUSB2 1
1344296772 0 /dev/ttyUSB2 1
1344296778 0 /dev/ttyUSB2 1
1344296784 0 /dev/ttyUSB2 1
1344296790 0 /dev/ttyUSB2 1
1344296796 0 /dev/ttyUSB2 1
1344296802 0 /dev/ttyUSB2 1
1344296815 0 /dev/ttyUSB2 1
1344296821 0 /dev/ttyUSB2 1
1344296827 0 /dev/ttyUSB2 1
1344296833 0 /dev/ttyUSB2 1
1344296845 0 /dev/ttyUSB2 1
1344296851 0 /dev/ttyUSB2 1
1344296857 0 /dev/ttyUSB2 1
1344296863 0 /dev/ttyUSB2 1
1344296870 0 /dev/ttyUSB2 1
1344296925 0 /dev/ttyUSB2 1
1344297022 0 /dev/ttyUSB2 1
1344297029 0 /dev/ttyUSB2 1
1344297035 0 /dev/ttyUSB2 1
1344297041 0 /dev/ttyUSB2 1
1344297053 0 /dev/ttyUSB2 1
1344297059 0 /dev/ttyUSB2 1
1344297065 0 /dev/ttyUSB2 1
1344297071 0 /dev/ttyUSB2 1
1344297077 0 /dev/ttyUSB2 1
1344297084 0 /dev/ttyUSB2 1
1344297090 0 /dev/ttyUSB2 1
1344297096 0 /dev/ttyUSB2 1
1344297102 0 /dev/ttyUSB2 1
1344297108 0 /dev/ttyUSB2 1
1344297120 0 /dev/ttyUSB2 1
1344297133 0 /dev/ttyUSB2 1
1344297139 0 /dev/ttyUSB2 1
1344297145 0 /dev/ttyUSB2 1
1344297151 0 /dev/ttyUSB2 1
1344297157 0 /dev/ttyUSB2 1
1344297163 0 /dev/ttyUSB2 1
1344297169 0 /dev/ttyUSB2 1
1344297175 0 /dev/ttyUSB2 1
1344297181 0 /dev/ttyUSB2 1
1344297188 0 /dev/ttyUSB2 1
1344297194 0 /dev/ttyUSB2 1
1344297200 0 /dev/ttyUSB2 1
1344297212 0 /dev/ttyUSB2 1
1344297218 0 /dev/ttyUSB2 1
1344297224 0 /dev/ttyUSB2 1
1344297230 0 /dev/ttyUSB2 1
1344297236 0 /dev/ttyUSB2 1
1344297243 0 /dev/ttyUSB2 1
1344297249 0 /dev/ttyUSB2 1
1344297255 0 /dev/ttyUSB2 1
1344297261 0 /dev/ttyUSB2 1
1344297279 0 /dev/ttyUSB2 1
1344297292 0 /dev/ttyUSB2 1
1344297298 0 /dev/ttyUSB2 1
1344297304 0 /dev/ttyUSB2 1
1344297310 0 /dev/ttyUSB2 1
1344297316 0 /dev/ttyUSB2 1
1344297322 0 /dev/ttyUSB2 1
1344297328 0 /dev/ttyUSB2 1
1344297334 0 /dev/ttyUSB2 1
1344297340 0 /dev/ttyUSB2 1
1344297347 0 /dev/ttyUSB2 1
1344297353 0 /dev/ttyUSB2 1
1344297359 0 /dev/ttyUSB2 1
1344297371 0 /dev/ttyUSB2 1
1344297377 0 /dev/ttyUSB2 1
1344297383 0 /dev/ttyUSB2 1
1344297389 0 /dev/ttyUSB2 1
1344297395 0 /dev/ttyUSB2 1
1344297402 0 /dev/ttyUSB2 1
1344297408 0 /dev/ttyUSB2 1
1344297414 0 /dev/ttyUSB2 1
1344297420 0 /dev/ttyUSB2 1
1344297426 0 /dev/ttyUSB2 1
1344297432 0 /dev/ttyUSB2 1
1344297438 0 /dev/ttyUSB2 1
1344297451 0 /dev/ttyUSB2 1
1344297457 0 /dev/ttyUSB2 1
1344297469 0 /dev/ttyUSB2 1
1344297475 0 /dev/ttyUSB2 1
1344297481 0 /dev/ttyUSB2 1
1344297487 0 /dev/ttyUSB2 1
1344297518 0 /dev/ttyUSB2 1
1344297530 0 /dev/ttyUSB2 1
1344297536 0 /dev/ttyUSB2 1
1344297542 0 /dev/ttyUSB2 1
1344297548 0 /dev/ttyUSB2 1
1344297561 0 /dev/ttyUSB2 1
1344297567 0 /dev/ttyUSB2 1
1344297573 0 /dev/ttyUSB2 1
1344297579 0 /dev/ttyUSB2 1
1344297585 0 /dev/ttyUSB2 1
1344297591 0 /dev/ttyUSB2 1
1344297597 0 /dev/ttyUSB2 1
1344297609 0 /dev/ttyUSB2 1
1344297616 0 /dev/ttyUSB2 1
1344297622 0 /dev/ttyUSB2 1
1344297628 0 /dev/ttyUSB2 1
1344297634 0 /dev/ttyUSB2 1
1344297640 0 /dev/ttyUSB2 1
1344297646 0 /dev/ttyUSB2 1
1344297652 0 /dev/ttyUSB2 1
1344297658 0 /dev/ttyUSB2 1
1344297701 0 /dev/ttyUSB2 1
1344297707 0 /dev/ttyUSB2 1
1344297713 0 /dev/ttyUSB2 1
1344297720 0 /dev/ttyUSB2 1
1344297726 0 /dev/ttyUSB2 1
1344297732 0 /dev/ttyUSB2 1
1344297738 0 /dev/ttyUSB2 1
1344297744 0 /dev/ttyUSB2 1
1344297756 0 /dev/ttyUSB2 1
1344297768 0 /dev/ttyUSB2 1
1344297775 0 /dev/ttyUSB2 1
1344297781 0 /dev/ttyUSB2 1
1344297787 0 /dev/ttyUSB2 1
1344297793 0 /dev/ttyUSB2 1
1344297799 0 /dev/ttyUSB2 1
1344297805 0 /dev/ttyUSB2 1
1344297811 0 /dev/ttyUSB2 1
1344297817 0 /dev/ttyUSB2 1
1344297824 0 /dev/ttyUSB2 1
1344297830 0 /dev/ttyUSB2 1
1344297836 0 /dev/ttyUSB2 1
1344297842 0 /dev/ttyUSB2 1
1344297848 0 /dev/ttyUSB2 1
1344297854 0 /dev/ttyUSB2 1
1344297860 0 /dev/ttyUSB2 1
1344297866 0 /dev/ttyUSB2 1
1344297872 0 /dev/ttyUSB2 1
1344297879 0 /dev/ttyUSB2 1
1344297885 0 /dev/ttyUSB2 1
1344297891 0 /dev/ttyUSB2 1
1344297897 0 /dev/ttyUSB2 1
1344297903 0 /dev/ttyUSB2 1
1344297909 0 /dev/ttyUSB2 1
1344297915 0 /dev/ttyUSB2 1
1344297921 0 /dev/ttyUSB2 1
1344297927 0 /dev/ttyUSB2 1
1344297934 0 /dev/ttyUSB2 1
1344297940 0 /dev/ttyUSB2 1
1344297946 0 /dev/ttyUSB2 1
1344297952 0 /dev/ttyUSB2 1
1344297958 0 /dev/ttyUSB2 1
1344297964 0 /dev/ttyUSB2 1
1344297970 0 /dev/ttyUSB2 1
1344297976 0 /dev/ttyUSB2 1
1344297982 0 /dev/ttyUSB2 1
1344297989 0 /dev/ttyUSB2 1
1344297995 0 /dev/ttyUSB2 1
1344298001 0 /dev/ttyUSB2 1
1344298007 0 /dev/ttyUSB2 1
1344298013 0 /dev/ttyUSB2 1
1344298019 0 /dev/ttyUSB2 1
1344298025 0 /dev/ttyUSB2 1
1344298031 0 /dev/ttyUSB2 1
1344298038 0 /dev/ttyUSB2 1
1344298044 0 /dev/ttyUSB2 1
1344298050 0 /dev/ttyUSB2 1
1344298056 0 /dev/ttyUSB2 1
1344298062 0 /dev/ttyUSB2 1
1344298068 0 /dev/ttyUSB2 1
1344298074 0 /dev/ttyUSB2 1
1344298080 0 /dev/ttyUSB2 1
1344298093 0 /dev/ttyUSB2 1
1344298099 0 /dev/ttyUSB2 1
1344298105 0 /dev/ttyUSB2 1
1344298111 0 /dev/ttyUSB2 1
1344298117 0 /dev/ttyUSB2 1
1344298123 0 /dev/ttyUSB2 1
1344298129 0 /dev/ttyUSB2 1
1344298135 0 /dev/ttyUSB2 1
1344298141 0 /dev/ttyUSB2 1
1344298148 0 /dev/ttyUSB2 1
1344298154 0 /dev/ttyUSB2 1
1344298160 0 /dev/ttyUSB2 1
1344298166 0 /dev/ttyUSB2 1
1344298172 0 /dev/ttyUSB2 1
1344298178 0 /dev/ttyUSB2 1
1344298184 0 /dev/ttyUSB2 1
1344298190 0 /dev/ttyUSB2 1
1344298197 0 /dev/ttyUSB2 1
1344298203 0 /dev/ttyUSB2 1
1344298209 0 /dev/ttyUSB2 1
1344298215 0 /dev/ttyUSB2 1
1344298221 0 /dev/ttyUSB2 1
1344298227 0 /dev/ttyUSB2 1
1344298233 0 /dev/ttyUSB2 1
1344298245 0 /dev/ttyUSB2 1
1344298252 0 /dev/ttyUSB2 1
1344298258 0 /dev/ttyUSB2 1
1344298264 0 /dev/ttyUSB2 1
1344298276 0 /dev/ttyUSB2 1
1344298282 0 /dev/ttyUSB2 1
1344298288 0 /dev/ttyUSB2 1
1344298294 0 /dev/ttyUSB2 1
1344298300 0 /dev/ttyUSB2 1
1344298307 0 /dev/ttyUSB2 1
1344298313 0 /dev/ttyUSB2 1
1344298319 0 /dev/ttyUSB2 1
1344298325 0 /dev/ttyUSB2 1
1344298331 0 /dev/ttyUSB2 1
1344298337 0 /dev/ttyUSB2 1
1344298343 0 /dev/ttyUSB2 1
1344298349 0 /dev/ttyUSB2 1
1344298355 0 /dev/ttyUSB2 1
1344298362 0 /dev/ttyUSB2 1
1344298368 0 /dev/ttyUSB2 1
1344298374 0 /dev/ttyUSB2 1
1344298386 0 /dev/ttyUSB2 1
1344298392 0 /dev/ttyUSB2 1
1344298404 0 /dev/ttyUSB2 1
1344298411 0 /dev/ttyUSB2 1
1344298417 0 /dev/ttyUSB2 1
1344298423 0 /dev/ttyUSB2 1
1344298429 0 /dev/ttyUSB2 1
1344298435 0 /dev/ttyUSB2 1
1344298441 0 /dev/ttyUSB2 1
1344298447 0 /dev/ttyUSB2 1
1344298453 0 /dev/ttyUSB2 1
1344298459 0 /dev/ttyUSB2 1
1344298466 0 /dev/ttyUSB2 1
1344298472 0 /dev/ttyUSB2 1
1344298496 0 /dev/ttyUSB2 1
1344298502 0 /dev/ttyUSB2 1
1344298508 0 /dev/ttyUSB2 1
1344298514 0 /dev/ttyUSB2 1
1344298521 0 /dev/ttyUSB2 1
1344298527 0 /dev/ttyUSB2 1
1344298533 0 /dev/ttyUSB2 1
1344298539 0 /dev/ttyUSB2 1
1344298545 0 /dev/ttyUSB2 1
1344298551 0 /dev/ttyUSB2 1
1344298557 0 /dev/ttyUSB2 1
1344298563 0 /dev/ttyUSB2 1
1344298570 0 /dev/ttyUSB2 1
1344298576 0 /dev/ttyUSB2 1
1344298582 0 /dev/ttyUSB2 1
1344298588 0 /dev/ttyUSB2 1
1344298594 0 /dev/ttyUSB2 1
1344298600 0 /dev/ttyUSB2 1
1344298606 0 /dev/ttyUSB2 1
1344298612 0 /dev/ttyUSB2 1
1344298618 0 /dev/ttyUSB2 1
1344298625 0 /dev/ttyUSB2 1
1344298631 0 /dev/ttyUSB2 1
1344298637 0 /dev/ttyUSB2 1
1344298643 0 /dev/ttyUSB2 1
1344298649 0 /dev/ttyUSB2 1
1344298655 0 /dev/ttyUSB2 1
1344298661 0 /dev/ttyUSB2 1
1344298667 0 /dev/ttyUSB2 1
1344298673 0 /dev/ttyUSB2 1
1344298716 0 /dev/ttyUSB2 1
1344298747 0 /dev/ttyUSB2 1
1344298753 0 /dev/ttyUSB2 1
1344298759 0 /dev/ttyUSB2 1
1344298765 0 /dev/ttyUSB2 1
1344298771 0 /dev/ttyUSB2 1
1344298777 0 /dev/ttyUSB2 1
1344298784 0 /dev/ttyUSB2 1
1344298790 0 /dev/ttyUSB2 1
1344298796 0 /dev/ttyUSB2 1
1344298802 0 /dev/ttyUSB2 1
1344298808 0 /dev/ttyUSB2 1
1344298814 0 /dev/ttyUSB2 1
1344298820 0 /dev/ttyUSB2 1
1344298826 0 /dev/ttyUSB2 1
1344298832 0 /dev/ttyUSB2 1
1344298839 0 /dev/ttyUSB2 1
1344298851 0 /dev/ttyUSB2 1
1344298857 0 /dev/ttyUSB2 1
1344298863 0 /dev/ttyUSB2 1
1344298869 0 /dev/ttyUSB2 1
1344298875 0 /dev/ttyUSB2 1
1344298881 0 /dev/ttyUSB2 1
1344298887 0 /dev/ttyUSB2 1
1344298894 0 /dev/ttyUSB2 1
1344298900 0 /dev/ttyUSB2 1
1344298906 0 /dev/ttyUSB2 1
1344298912 0 /dev/ttyUSB2 1
1344298918 0 /dev/ttyUSB2 1
1344298930 0 /dev/ttyUSB2 1
1344298943 0 /dev/ttyUSB2 1
1344298949 0 /dev/ttyUSB2 1
1344298955 0 /dev/ttyUSB2 1
1344298961 0 /dev/ttyUSB2 1
1344298967 0 /dev/ttyUSB2 1
1344298973 0 /dev/ttyUSB2 1
1344298979 0 /dev/ttyUSB2 1
1344298985 0 /dev/ttyUSB2 1
1344298991 0 /dev/ttyUSB2 1
1344298998 0 /dev/ttyUSB2 1
1344299004 0 /dev/ttyUSB2 1
1344299010 0 /dev/ttyUSB2 1
1344299016 0 /dev/ttyUSB2 1
1344299022 0 /dev/ttyUSB2 1
1344299028 0 /dev/ttyUSB2 1
1344299034 0 /dev/ttyUSB2 1
1344299040 0 /dev/ttyUSB2 1
1344299046 0 /dev/ttyUSB2 1
1344299053 0 /dev/ttyUSB2 1
1344299065 0 /dev/ttyUSB2 1
1344299071 0 /dev/ttyUSB2 1
1344299077 0 /dev/ttyUSB2 1
1344299083 0 /dev/ttyUSB2 1
1344299089 0 /dev/ttyUSB2 1
1344299095 0 /dev/ttyUSB2 1
1344299102 0 /dev/ttyUSB2 1
1344299108 0 /dev/ttyUSB2 1
1344299114 0 /dev/ttyUSB2 1
1344299120 0 /dev/ttyUSB2 1
1344299126 0 /dev/ttyUSB2 1
1344299132 0 /dev/ttyUSB2 1
1344299144 0 /dev/ttyUSB2 1
1344299150 0 /dev/ttyUSB2 1
1344299157 0 /dev/ttyUSB2 1
1344299163 0 /dev/ttyUSB2 1
1344299169 0 /dev/ttyUSB2 1
1344299175 0 /dev/ttyUSB2 1
1344299181 0 /dev/ttyUSB2 1
1344299187 0 /dev/ttyUSB2 1
1344299193 0 /dev/ttyUSB2 1
1344299199 0 /dev/ttyUSB2 1
1344299205 0 /dev/ttyUSB2 1
1344299212 0 /dev/ttyUSB2 1
1344299224 0 /dev/ttyUSB2 1
1344299230 0 /dev/ttyUSB2 1
1344299236 0 /dev/ttyUSB2 1
1344299242 0 /dev/ttyUSB2 1
1344299248 0 /dev/ttyUSB2 1
1344299254 0 /dev/ttyUSB2 1
1344299261 0 /dev/ttyUSB2 1
1344299267 0 /dev/ttyUSB2 1
1344299273 0 /dev/ttyUSB2 1
1344299279 0 /dev/ttyUSB2 1
1344299285 0 /dev/ttyUSB2 1
1344299291 0 /dev/ttyUSB2 1
1344299303 0 /dev/ttyUSB2 1
1344299309 0 /dev/ttyUSB2 1
1344299316 0 /dev/ttyUSB2 1
1344299340 0 /dev/ttyUSB2 1
1344299346 0 /dev/ttyUSB2 1
1344299352 0 /dev/ttyUSB2 1
1344299358 0 /dev/ttyUSB2 1
1344299364 0 /dev/ttyUSB2 1
1344299371 0 /dev/ttyUSB2 1
1344299383 0 /dev/ttyUSB2 1
1344299389 0 /dev/ttyUSB2 1
1344299407 0 /dev/ttyUSB2 1
1344299413 0 /dev/ttyUSB2 1
1344299419 0 /dev/ttyUSB2 1
1344299426 0 /dev/ttyUSB2 1
1344299432 0 /dev/ttyUSB2 1
1344299438 0 /dev/ttyUSB2 1
1344299444 0 /dev/ttyUSB2 1
1344299462 0 /dev/ttyUSB2 1
1344299468 0 /dev/ttyUSB2 1
1344299475 0 /dev/ttyUSB2 1
1344299481 0 /dev/ttyUSB2 1
1344299487 0 /dev/ttyUSB2 1
1344299493 0 /dev/ttyUSB2 1
1344299505 0 /dev/ttyUSB2 1
1344299511 0 /dev/ttyUSB2 1
1344299517 0 /dev/ttyUSB2 1
1344299523 0 /dev/ttyUSB2 1
1344299530 0 /dev/ttyUSB2 1
1344299542 0 /dev/ttyUSB2 1
1344299548 0 /dev/ttyUSB2 1
1344299554 0 /dev/ttyUSB2 1
1344299560 0 /dev/ttyUSB2 1
1344299566 0 /dev/ttyUSB2 1
1344299572 0 /dev/ttyUSB2 1
1344299578 0 /dev/ttyUSB2 1
1344299585 0 /dev/ttyUSB2 1
1344299591 0 /dev/ttyUSB2 1
1344299597 0 /dev/ttyUSB2 1
1344299603 0 /dev/ttyUSB2 1
1344299609 0 /dev/ttyUSB2 1
1344299621 0 /dev/ttyUSB2 1
1344299627 0 /dev/ttyUSB2 1
1344299634 0 /dev/ttyUSB2 1
1344299640 0 /dev/ttyUSB2 1
1344299646 0 /dev/ttyUSB2 1
1344299652 0 /dev/ttyUSB2 1
1344299658 0 /dev/ttyUSB2 1
1344299664 0 /dev/ttyUSB2 1
1344299670 0 /dev/ttyUSB2 1
1344299676 0 /dev/ttyUSB2 1
1344299682 0 /dev/ttyUSB2 1
1344299689 0 /dev/ttyUSB2 1
1344299701 0 /dev/ttyUSB2 1
1344299707 0 /dev/ttyUSB2 1
1344299713 0 /dev/ttyUSB2 1
1344299719 0 /dev/ttyUSB2 1
1344299725 0 /dev/ttyUSB2 1
1344299731 0 /dev/ttyUSB2 1
1344299737 0 /dev/ttyUSB2 1
1344299744 0 /dev/ttyUSB2 1
1344299750 0 /dev/ttyUSB2 1
1344299756 0 /dev/ttyUSB2 1
1344299762 0 /dev/ttyUSB2 1
1344299768 0 /dev/ttyUSB2 1
1344299780 0 /dev/ttyUSB2 1
1344299786 0 /dev/ttyUSB2 1
1344299793 0 /dev/ttyUSB2 1
1344299799 0 /dev/ttyUSB2 1
1344299805 0 /dev/ttyUSB2 1
1344299811 0 /dev/ttyUSB2 1
1344299817 0 /dev/ttyUSB2 1
1344299823 0 /dev/ttyUSB2 1
1344299829 0 /dev/ttyUSB2 1
1344299835 0 /dev/ttyUSB2 1
1344299841 0 /dev/ttyUSB2 1
1344299848 0 /dev/ttyUSB2 1
1344299860 0 /dev/ttyUSB2 1
1344299866 0 /dev/ttyUSB2 1
1344299872 0 /dev/ttyUSB2 1
1344299878 0 /dev/ttyUSB2 1
1344299884 0 /dev/ttyUSB2 1
1344299890 0 /dev/ttyUSB2 1
1344299896 0 /dev/ttyUSB2 1
1344299903 0 /dev/ttyUSB2 1
1344299909 0 /dev/ttyUSB2 1
1344299915 0 /dev/ttyUSB2 1
1344299921 0 /dev/ttyUSB2 1
1344299927 0 /dev/ttyUSB2 1
1344299933 0 /dev/ttyUSB2 1
1344299939 0 /dev/ttyUSB2 1
1344300007 0 /dev/ttyUSB2 1
1344300013 0 /dev/ttyUSB2 1
1344300062 0 /dev/ttyUSB2 1
1344300068 0 /dev/ttyUSB2 1
1344300074 0 /dev/ttyUSB2 1
1344300080 0 /dev/ttyUSB2 1
1344300086 0 /dev/ttyUSB2 1
1344300092 0 /dev/ttyUSB2 1
1344300104 0 /dev/ttyUSB2 1
1344300110 0 /dev/ttyUSB2 1
1344300117 0 /dev/ttyUSB2 1
1344300123 0 /dev/ttyUSB2 1
1344300129 0 /dev/ttyUSB2 1
1344300135 0 /dev/ttyUSB2 1
1344300141 0 /dev/ttyUSB2 1
1344300147 0 /dev/ttyUSB2 1
1344300153 0 /dev/ttyUSB2 1
1344300159 0 /dev/ttyUSB2 1
1344300166 0 /dev/ttyUSB2 1
1344300172 0 /dev/ttyUSB2 1
1344300178 0 /dev/ttyUSB2 1
1344300184 0 /dev/ttyUSB2 1
1344300190 0 /dev/ttyUSB2 1
1344300196 0 /dev/ttyUSB2 1
1344300202 0 /dev/ttyUSB2 1
1344300208 0 /dev/ttyUSB2 1
1344300214 0 /dev/ttyUSB2 1
1344300221 0 /dev/ttyUSB2 1
1344300227 0 /dev/ttyUSB2 1
1344300233 0 /dev/ttyUSB2 1
1344300239 0 /dev/ttyUSB2 1
1344300245 0 /dev/ttyUSB2 1
1344300251 0 /dev/ttyUSB2 1
1344300257 0 /dev/ttyUSB2 1
1344300263 0 /dev/ttyUSB2 1
1344300269 0 /dev/ttyUSB2 1
1344300276 0 /dev/ttyUSB2 1
1344300282 0 /dev/ttyUSB2 1
1344300288 0 /dev/ttyUSB2 1
1344300294 0 /dev/ttyUSB2 1
1344300300 0 /dev/ttyUSB2 1
1344300306 0 /dev/ttyUSB2 1
1344300312 0 /dev/ttyUSB2 1
1344300318 0 /dev/ttyUSB2 1
1344300325 0 /dev/ttyUSB2 1
1344300331 0 /dev/ttyUSB2 1
1344300337 0 /dev/ttyUSB2 1
1344300343 0 /dev/ttyUSB2 1
1344300349 0 /dev/ttyUSB2 1
1344300355 0 /dev/ttyUSB2 1
1344300361 0 /dev/ttyUSB2 1
1344300367 0 /dev/ttyUSB2 1
1344300373 0 /dev/ttyUSB2 1
1344300380 0 /dev/ttyUSB2 1
1344300386 0 /dev/ttyUSB2 1
1344300392 0 /dev/ttyUSB2 1
1344300398 0 /dev/ttyUSB2 1
1344300404 0 /dev/ttyUSB2 1
1344300410 0 /dev/ttyUSB2 1
1344300416 0 /dev/ttyUSB2 1
1344300422 0 /dev/ttyUSB2 1
1344300428 0 /dev/ttyUSB2 1
1344300435 0 /dev/ttyUSB2 1
1344300441 0 /dev/ttyUSB2 1
1344300447 0 /dev/ttyUSB2 1
1344300453 0 /dev/ttyUSB2 1
1344300459 0 /dev/ttyUSB2 1
1344300465 0 /dev/ttyUSB2 1
1344300526 0 /dev/ttyUSB2 1
1344300532 0 /dev/ttyUSB2 1
1344300539 0 /dev/ttyUSB2 1
1344300557 0 /dev/ttyUSB2 1
1344300563 0 /dev/ttyUSB2 1
1344300575 0 /dev/ttyUSB2 1
1344300581 0 /dev/ttyUSB2 1
1344300587 0 /dev/ttyUSB2 1
1344300594 0 /dev/ttyUSB2 1
1344300600 0 /dev/ttyUSB2 1
1344300606 0 /dev/ttyUSB2 1
1344300612 0 /dev/ttyUSB2 1
1344300618 0 /dev/ttyUSB2 1
1344300624 0 /dev/ttyUSB2 1
1344300630 0 /dev/ttyUSB2 1
1344300636 0 /dev/ttyUSB2 1
1344300642 0 /dev/ttyUSB2 1
1344300649 0 /dev/ttyUSB2 1
1344300655 0 /dev/ttyUSB2 1
1344300661 0 /dev/ttyUSB2 1
1344300667 0 /dev/ttyUSB2 1
1344300679 0 /dev/ttyUSB2 1
1344300685 0 /dev/ttyUSB2 1
1344300691 0 /dev/ttyUSB2 1
1344300698 0 /dev/ttyUSB2 1
1344300704 0 /dev/ttyUSB2 1
1344300710 0 /dev/ttyUSB2 1
1344300716 0 /dev/ttyUSB2 1
1344300722 0 /dev/ttyUSB2 1
