1344285977 0 /dev/ttyUSB2 9
1344285983 0 /dev/ttyUSB2 9
1344285989 0 /dev/ttyUSB2 9
1344286001 0 /dev/ttyUSB2 9
1344286288 0 /dev/ttyUSB2 9
1344286294 0 /dev/ttyUSB2 9
1344286300 0 /dev/ttyUSB2 9
1344286306 0 /dev/ttyUSB2 9
1344286312 0 /dev/ttyUSB2 9
1344286319 0 /dev/ttyUSB2 9
1344286325 0 /dev/ttyUSB2 9
1344286331 0 /dev/ttyUSB2 9
1344286337 0 /dev/ttyUSB2 9
1344286343 0 /dev/ttyUSB2 9
1344286349 0 /dev/ttyUSB2 9
1344286355 0 /dev/ttyUSB2 9
1344286361 0 /dev/ttyUSB2 9
1344286367 0 /dev/ttyUSB2 9
1344286380 0 /dev/ttyUSB2 9
1344286386 0 /dev/ttyUSB2 9
1344286392 0 /dev/ttyUSB2 9
1344286398 0 /dev/ttyUSB2 9
1344286404 0 /dev/ttyUSB2 9
1344286410 0 /dev/ttyUSB2 9
1344286416 0 /dev/ttyUSB2 9
1344286422 0 /dev/ttyUSB2 9
1344286435 0 /dev/ttyUSB2 9
1344286447 0 /dev/ttyUSB2 9
1344286453 0 /dev/ttyUSB2 9
1344286465 0 /dev/ttyUSB2 9
1344286471 0 /dev/ttyUSB2 9
1344286477 0 /dev/ttyUSB2 9
1344286483 0 /dev/ttyUSB2 9
1344286489 0 /dev/ttyUSB2 9
1344286496 0 /dev/ttyUSB2 9
1344286502 0 /dev/ttyUSB2 9
1344286508 0 /dev/ttyUSB2 9
1344286514 0 /dev/ttyUSB2 9
1344286520 0 /dev/ttyUSB2 9
1344286526 0 /dev/ttyUSB2 9
1344286532 0 /dev/ttyUSB2 9
1344286538 0 /dev/ttyUSB2 9
1344286544 0 /dev/ttyUSB2 9
1344286551 0 /dev/ttyUSB2 9
1344286557 0 /dev/ttyUSB2 9
1344286563 0 /dev/ttyUSB2 9
1344286569 0 /dev/ttyUSB2 9
1344286575 0 /dev/ttyUSB2 9
1344286581 0 /dev/ttyUSB2 9
1344286587 0 /dev/ttyUSB2 9
1344286593 0 /dev/ttyUSB2 9
1344286599 0 /dev/ttyUSB2 9
1344286612 0 /dev/ttyUSB2 9
1344286618 0 /dev/ttyUSB2 9
1344286630 0 /dev/ttyUSB2 9
1344286642 0 /dev/ttyUSB2 9
1344286648 0 /dev/ttyUSB2 9
1344286654 0 /dev/ttyUSB2 9
1344286660 0 /dev/ttyUSB2 9
1344286666 0 /dev/ttyUSB2 9
1344286673 0 /dev/ttyUSB2 9
1344286679 0 /dev/ttyUSB2 9
1344286685 0 /dev/ttyUSB2 9
1344286691 0 /dev/ttyUSB2 9
1344286697 0 /dev/ttyUSB2 9
1344286703 0 /dev/ttyUSB2 9
1344286709 0 /dev/ttyUSB2 9
1344286715 0 /dev/ttyUSB2 9
1344286721 0 /dev/ttyUSB2 9
1344286727 0 /dev/ttyUSB2 9
1344286734 0 /dev/ttyUSB2 9
1344286740 0 /dev/ttyUSB2 9
1344286746 0 /dev/ttyUSB2 9
1344286752 0 /dev/ttyUSB2 9
1344286758 0 /dev/ttyUSB2 9
1344286764 0 /dev/ttyUSB2 9
1344286770 0 /dev/ttyUSB2 9
1344286782 0 /dev/ttyUSB2 9
1344286789 0 /dev/ttyUSB2 9
1344286801 0 /dev/ttyUSB2 9
1344286807 0 /dev/ttyUSB2 9
1344286819 0 /dev/ttyUSB2 9
1344286825 0 /dev/ttyUSB2 9
1344286831 0 /dev/ttyUSB2 9
1344286837 0 /dev/ttyUSB2 9
1344286850 0 /dev/ttyUSB2 9
1344286856 0 /dev/ttyUSB2 9
1344286862 0 /dev/ttyUSB2 9
1344286868 0 /dev/ttyUSB2 9
1344286874 0 /dev/ttyUSB2 9
1344286880 0 /dev/ttyUSB2 9
1344286886 0 /dev/ttyUSB2 9
1344286892 0 /dev/ttyUSB2 9
1344286898 0 /dev/ttyUSB2 9
1344286904 0 /dev/ttyUSB2 9
1344286911 0 /dev/ttyUSB2 9
1344286917 0 /dev/ttyUSB2 9
1344286923 0 /dev/ttyUSB2 9
1344286929 0 /dev/ttyUSB2 9
1344286935 0 /dev/ttyUSB2 9
1344286941 0 /dev/ttyUSB2 9
1344286947 0 /dev/ttyUSB2 9
1344286953 0 /dev/ttyUSB2 9
1344286965 0 /dev/ttyUSB2 9
1344286972 0 /dev/ttyUSB2 9
1344286978 0 /dev/ttyUSB2 9
1344286984 0 /dev/ttyUSB2 9
1344286996 0 /dev/ttyUSB2 9
1344287002 0 /dev/ttyUSB2 9
1344287008 0 /dev/ttyUSB2 9
1344287014 0 /dev/ttyUSB2 9
1344287027 0 /dev/ttyUSB2 9
1344287033 0 /dev/ttyUSB2 9
1344287039 0 /dev/ttyUSB2 9
1344287045 0 /dev/ttyUSB2 9
1344287051 0 /dev/ttyUSB2 9
1344287057 0 /dev/ttyUSB2 9
1344287063 0 /dev/ttyUSB2 9
1344287069 0 /dev/ttyUSB2 9
1344287075 0 /dev/ttyUSB2 9
1344287081 0 /dev/ttyUSB2 9
1344287088 0 /dev/ttyUSB2 9
1344287094 0 /dev/ttyUSB2 9
1344287100 0 /dev/ttyUSB2 9
1344287106 0 /dev/ttyUSB2 9
1344287112 0 /dev/ttyUSB2 9
1344287118 0 /dev/ttyUSB2 9
1344287124 0 /dev/ttyUSB2 9
1344287130 0 /dev/ttyUSB2 9
1344287136 0 /dev/ttyUSB2 9
1344287142 0 /dev/ttyUSB2 9
1344287149 0 /dev/ttyUSB2 9
1344287155 0 /dev/ttyUSB2 9
1344287161 0 /dev/ttyUSB2 9
1344287167 0 /dev/ttyUSB2 9
1344287173 0 /dev/ttyUSB2 9
1344287191 0 /dev/ttyUSB2 9
1344287203 0 /dev/ttyUSB2 9
1344287210 0 /dev/ttyUSB2 9
1344287216 0 /dev/ttyUSB2 9
1344287222 0 /dev/ttyUSB2 9
1344287234 0 /dev/ttyUSB2 9
1344287240 0 /dev/ttyUSB2 9
1344287246 0 /dev/ttyUSB2 9
1344287252 0 /dev/ttyUSB2 9
1344287258 0 /dev/ttyUSB2 9
1344287277 0 /dev/ttyUSB2 9
1344287283 0 /dev/ttyUSB2 9
1344287289 0 /dev/ttyUSB2 9
1344287295 0 /dev/ttyUSB2 9
1344287301 0 /dev/ttyUSB2 9
1344287307 0 /dev/ttyUSB2 9
1344287313 0 /dev/ttyUSB2 9
1344287319 0 /dev/ttyUSB2 9
1344287326 0 /dev/ttyUSB2 9
1344287332 0 /dev/ttyUSB2 9
1344287338 0 /dev/ttyUSB2 9
1344287344 0 /dev/ttyUSB2 9
1344287350 0 /dev/ttyUSB2 9
1344287356 0 /dev/ttyUSB2 9
1344287368 0 /dev/ttyUSB2 9
1344287374 0 /dev/ttyUSB2 9
1344287380 0 /dev/ttyUSB2 9
1344287387 0 /dev/ttyUSB2 9
1344287393 0 /dev/ttyUSB2 9
1344287399 0 /dev/ttyUSB2 9
1344287411 0 /dev/ttyUSB2 9
1344287417 0 /dev/ttyUSB2 9
1344287423 0 /dev/ttyUSB2 9
1344287429 0 /dev/ttyUSB2 9
1344287441 0 /dev/ttyUSB2 9
1344287448 0 /dev/ttyUSB2 9
1344287454 0 /dev/ttyUSB2 9
1344287460 0 /dev/ttyUSB2 9
1344287466 0 /dev/ttyUSB2 9
1344287472 0 /dev/ttyUSB2 9
1344287478 0 /dev/ttyUSB2 9
1344287484 0 /dev/ttyUSB2 9
1344287502 0 /dev/ttyUSB2 9
1344287509 0 /dev/ttyUSB2 9
1344287515 0 /dev/ttyUSB2 9
1344287521 0 /dev/ttyUSB2 9
1344287527 0 /dev/ttyUSB2 9
1344287539 0 /dev/ttyUSB2 9
1344287545 0 /dev/ttyUSB2 9
1344287551 0 /dev/ttyUSB2 9
1344287557 0 /dev/ttyUSB2 9
1344287564 0 /dev/ttyUSB2 9
1344287570 0 /dev/ttyUSB2 9
1344287576 0 /dev/ttyUSB2 9
1344287582 0 /dev/ttyUSB2 9
1344287588 0 /dev/ttyUSB2 9
1344287594 0 /dev/ttyUSB2 9
1344287600 0 /dev/ttyUSB2 9
1344287606 0 /dev/ttyUSB2 9
1344287618 0 /dev/ttyUSB2 9
1344287625 0 /dev/ttyUSB2 9
1344287631 0 /dev/ttyUSB2 9
1344287637 0 /dev/ttyUSB2 9
1344287649 0 /dev/ttyUSB2 9
1344287655 0 /dev/ttyUSB2 9
1344287661 0 /dev/ttyUSB2 9
1344287667 0 /dev/ttyUSB2 9
1344287673 0 /dev/ttyUSB2 9
1344287679 0 /dev/ttyUSB2 9
1344287686 0 /dev/ttyUSB2 9
1344287692 0 /dev/ttyUSB2 9
1344287698 0 /dev/ttyUSB2 9
1344287704 0 /dev/ttyUSB2 9
1344287716 0 /dev/ttyUSB2 9
1344287722 0 /dev/ttyUSB2 9
1344287728 0 /dev/ttyUSB2 9
1344287734 0 /dev/ttyUSB2 9
1344287740 0 /dev/ttyUSB2 9
1344287747 0 /dev/ttyUSB2 9
1344287753 0 /dev/ttyUSB2 9
1344287759 0 /dev/ttyUSB2 9
1344287771 0 /dev/ttyUSB2 9
1344287777 0 /dev/ttyUSB2 9
1344287783 0 /dev/ttyUSB2 9
1344287789 0 /dev/ttyUSB2 9
1344287795 0 /dev/ttyUSB2 9
1344287802 0 /dev/ttyUSB2 9
1344287808 0 /dev/ttyUSB2 9
1344287814 0 /dev/ttyUSB2 9
1344287826 0 /dev/ttyUSB2 9
1344287832 0 /dev/ttyUSB2 9
1344287838 0 /dev/ttyUSB2 9
1344287844 0 /dev/ttyUSB2 9
1344287856 0 /dev/ttyUSB2 9
1344287863 0 /dev/ttyUSB2 9
1344287875 0 /dev/ttyUSB2 9
1344287881 0 /dev/ttyUSB2 9
1344287887 0 /dev/ttyUSB2 9
1344287893 0 /dev/ttyUSB2 9
1344287899 0 /dev/ttyUSB2 9
1344287905 0 /dev/ttyUSB2 9
1344287911 0 /dev/ttyUSB2 9
1344287917 0 /dev/ttyUSB2 9
1344287924 0 /dev/ttyUSB2 9
1344287930 0 /dev/ttyUSB2 9
1344287936 0 /dev/ttyUSB2 9
1344287942 0 /dev/ttyUSB2 9
1344287948 0 /dev/ttyUSB2 9
1344287954 0 /dev/ttyUSB2 9
1344287960 0 /dev/ttyUSB2 9
1344287972 0 /dev/ttyUSB2 9
1344287978 0 /dev/ttyUSB2 9
1344287985 0 /dev/ttyUSB2 9
1344287991 0 /dev/ttyUSB2 9
1344287997 0 /dev/ttyUSB2 9
1344288003 0 /dev/ttyUSB2 9
1344288009 0 /dev/ttyUSB2 9
1344288015 0 /dev/ttyUSB2 9
1344288021 0 /dev/ttyUSB2 9
1344288033 0 /dev/ttyUSB2 9
1344288039 0 /dev/ttyUSB2 9
1344288046 0 /dev/ttyUSB2 9
1344288052 0 /dev/ttyUSB2 9
1344288064 0 /dev/ttyUSB2 9
1344288070 0 /dev/ttyUSB2 9
1344288076 0 /dev/ttyUSB2 9
1344288082 0 /dev/ttyUSB2 9
1344288088 0 /dev/ttyUSB2 9
1344288094 0 /dev/ttyUSB2 9
1344288101 0 /dev/ttyUSB2 9
1344288107 0 /dev/ttyUSB2 9
1344288113 0 /dev/ttyUSB2 9
1344288143 0 /dev/ttyUSB2 9
1344288149 0 /dev/ttyUSB2 9
1344288155 0 /dev/ttyUSB2 9
1344288162 0 /dev/ttyUSB2 9
1344288168 0 /dev/ttyUSB2 9
1344288174 0 /dev/ttyUSB2 9
1344288180 0 /dev/ttyUSB2 9
1344288186 0 /dev/ttyUSB2 9
1344288192 0 /dev/ttyUSB2 9
1344288198 0 /dev/ttyUSB2 9
1344288204 0 /dev/ttyUSB2 9
1344288216 0 /dev/ttyUSB2 9
1344288223 0 /dev/ttyUSB2 9
1344288229 0 /dev/ttyUSB2 9
1344288241 0 /dev/ttyUSB2 9
1344288247 0 /dev/ttyUSB2 9
1344288253 0 /dev/ttyUSB2 9
1344288259 0 /dev/ttyUSB2 9
1344288271 0 /dev/ttyUSB2 9
1344288277 0 /dev/ttyUSB2 9
1344288284 0 /dev/ttyUSB2 9
1344288290 0 /dev/ttyUSB2 9
1344288296 0 /dev/ttyUSB2 9
1344288302 0 /dev/ttyUSB2 9
1344288308 0 /dev/ttyUSB2 9
1344288314 0 /dev/ttyUSB2 9
1344288320 0 /dev/ttyUSB2 9
1344288326 0 /dev/ttyUSB2 9
1344288332 0 /dev/ttyUSB2 9
1344288339 0 /dev/ttyUSB2 9
1344288345 0 /dev/ttyUSB2 9
1344288351 0 /dev/ttyUSB2 9
1344288357 0 /dev/ttyUSB2 9
1344288363 0 /dev/ttyUSB2 9
1344288369 0 /dev/ttyUSB2 9
1344288375 0 /dev/ttyUSB2 9
1344288381 0 /dev/ttyUSB2 9
1344288387 0 /dev/ttyUSB2 9
1344288393 0 /dev/ttyUSB2 9
1344288400 0 /dev/ttyUSB2 9
1344288406 0 /dev/ttyUSB2 9
1344288412 0 /dev/ttyUSB2 9
1344288418 0 /dev/ttyUSB2 9
1344288430 0 /dev/ttyUSB2 9
1344288454 0 /dev/ttyUSB2 9
1344288467 0 /dev/ttyUSB2 9
1344288479 0 /dev/ttyUSB2 9
1344288485 0 /dev/ttyUSB2 9
1344288491 0 /dev/ttyUSB2 9
1344288497 0 /dev/ttyUSB2 9
1344288503 0 /dev/ttyUSB2 9
1344288509 0 /dev/ttyUSB2 9
1344288515 0 /dev/ttyUSB2 9
1344288522 0 /dev/ttyUSB2 9
1344288528 0 /dev/ttyUSB2 9
1344288534 0 /dev/ttyUSB2 9
1344288540 0 /dev/ttyUSB2 9
1344288546 0 /dev/ttyUSB2 9
1344288552 0 /dev/ttyUSB2 9
1344288558 0 /dev/ttyUSB2 9
1344288577 0 /dev/ttyUSB2 9
1344288613 0 /dev/ttyUSB2 9
1344288619 0 /dev/ttyUSB2 9
1344288625 0 /dev/ttyUSB2 9
1344288631 0 /dev/ttyUSB2 9
1344288638 0 /dev/ttyUSB2 9
1344288644 0 /dev/ttyUSB2 9
1344288656 0 /dev/ttyUSB2 9
1344288662 0 /dev/ttyUSB2 9
1344288668 0 /dev/ttyUSB2 9
1344288674 0 /dev/ttyUSB2 9
1344288686 0 /dev/ttyUSB2 9
1344288692 0 /dev/ttyUSB2 9
1344288699 0 /dev/ttyUSB2 9
1344288705 0 /dev/ttyUSB2 9
1344288711 0 /dev/ttyUSB2 9
1344288717 0 /dev/ttyUSB2 9
1344288723 0 /dev/ttyUSB2 9
1344288729 0 /dev/ttyUSB2 9
1344288735 0 /dev/ttyUSB2 9
1344288741 0 /dev/ttyUSB2 9
1344288747 0 /dev/ttyUSB2 9
1344288753 0 /dev/ttyUSB2 9
1344288760 0 /dev/ttyUSB2 9
1344288766 0 /dev/ttyUSB2 9
1344288772 0 /dev/ttyUSB2 9
1344288778 0 /dev/ttyUSB2 9
1344288784 0 /dev/ttyUSB2 9
1344288802 0 /dev/ttyUSB2 9
1344288814 0 /dev/ttyUSB2 9
1344288827 0 /dev/ttyUSB2 9
1344288833 0 /dev/ttyUSB2 9
1344288839 0 /dev/ttyUSB2 9
1344288845 0 /dev/ttyUSB2 9
1344288851 0 /dev/ttyUSB2 9
1344288863 0 /dev/ttyUSB2 9
1344288869 0 /dev/ttyUSB2 9
1344288894 0 /dev/ttyUSB2 9
1344288900 0 /dev/ttyUSB2 9
1344288906 0 /dev/ttyUSB2 9
1344288912 0 /dev/ttyUSB2 9
1344288918 0 /dev/ttyUSB2 9
1344288924 0 /dev/ttyUSB2 9
1344288930 0 /dev/ttyUSB2 9
1344288937 0 /dev/ttyUSB2 9
1344288943 0 /dev/ttyUSB2 9
1344288949 0 /dev/ttyUSB2 9
1344288955 0 /dev/ttyUSB2 9
1344288961 0 /dev/ttyUSB2 9
1344288967 0 /dev/ttyUSB2 9
1344288973 0 /dev/ttyUSB2 9
1344288979 0 /dev/ttyUSB2 9
1344288985 0 /dev/ttyUSB2 9
1344288991 0 /dev/ttyUSB2 9
1344288998 0 /dev/ttyUSB2 9
1344289010 0 /dev/ttyUSB2 9
1344289016 0 /dev/ttyUSB2 9
1344289022 0 /dev/ttyUSB2 9
1344289028 0 /dev/ttyUSB2 9
1344289034 0 /dev/ttyUSB2 9
1344289040 0 /dev/ttyUSB2 9
1344289046 0 /dev/ttyUSB2 9
1344289052 0 /dev/ttyUSB2 9
1344289059 0 /dev/ttyUSB2 9
1344289071 0 /dev/ttyUSB2 9
1344289077 0 /dev/ttyUSB2 9
1344289083 0 /dev/ttyUSB2 9
1344289089 0 /dev/ttyUSB2 9
1344289101 0 /dev/ttyUSB2 9
1344289107 0 /dev/ttyUSB2 9
1344289114 0 /dev/ttyUSB2 9
1344289120 0 /dev/ttyUSB2 9
1344289132 0 /dev/ttyUSB2 9
1344289138 0 /dev/ttyUSB2 9
1344289156 0 /dev/ttyUSB2 9
1344289181 0 /dev/ttyUSB2 9
1344289187 0 /dev/ttyUSB2 9
1344289193 0 /dev/ttyUSB2 9
1344289199 0 /dev/ttyUSB2 9
1344289205 0 /dev/ttyUSB2 9
1344289211 0 /dev/ttyUSB2 9
1344289217 0 /dev/ttyUSB2 9
1344289223 0 /dev/ttyUSB2 9
1344289229 0 /dev/ttyUSB2 9
1344289236 0 /dev/ttyUSB2 9
1344289242 0 /dev/ttyUSB2 9
1344289248 0 /dev/ttyUSB2 9
1344289254 0 /dev/ttyUSB2 9
1344289260 0 /dev/ttyUSB2 9
1344289266 0 /dev/ttyUSB2 9
1344289272 0 /dev/ttyUSB2 9
1344289278 0 /dev/ttyUSB2 9
1344289290 0 /dev/ttyUSB2 9
1344289297 0 /dev/ttyUSB2 9
1344289309 0 /dev/ttyUSB2 9
1344289315 0 /dev/ttyUSB2 9
1344289321 0 /dev/ttyUSB2 9
1344289327 0 /dev/ttyUSB2 9
1344289339 0 /dev/ttyUSB2 9
1344289345 0 /dev/ttyUSB2 9
1344289351 0 /dev/ttyUSB2 9
1344289358 0 /dev/ttyUSB2 9
1344289364 0 /dev/ttyUSB2 9
1344289370 0 /dev/ttyUSB2 9
1344289376 0 /dev/ttyUSB2 9
1344289382 0 /dev/ttyUSB2 9
1344289388 0 /dev/ttyUSB2 9
1344289394 0 /dev/ttyUSB2 9
1344289400 0 /dev/ttyUSB2 9
1344289406 0 /dev/ttyUSB2 9
1344289413 0 /dev/ttyUSB2 9
1344289419 0 /dev/ttyUSB2 9
1344289425 0 /dev/ttyUSB2 9
1344289431 0 /dev/ttyUSB2 9
1344289443 0 /dev/ttyUSB2 9
1344289449 0 /dev/ttyUSB2 9
1344289455 0 /dev/ttyUSB2 9
1344289461 0 /dev/ttyUSB2 9
1344289474 0 /dev/ttyUSB2 9
1344289486 0 /dev/ttyUSB2 9
1344289492 0 /dev/ttyUSB2 9
1344289498 0 /dev/ttyUSB2 9
1344289504 0 /dev/ttyUSB2 9
1344289516 0 /dev/ttyUSB2 9
1344289522 0 /dev/ttyUSB2 9
1344289528 0 /dev/ttyUSB2 9
1344289535 0 /dev/ttyUSB2 9
1344289547 0 /dev/ttyUSB2 9
1344289553 0 /dev/ttyUSB2 9
1344289559 0 /dev/ttyUSB2 9
1344289565 0 /dev/ttyUSB2 9
1344289577 0 /dev/ttyUSB2 9
1344289583 0 /dev/ttyUSB2 9
1344289596 0 /dev/ttyUSB2 9
1344289602 0 /dev/ttyUSB2 9
1344289608 0 /dev/ttyUSB2 9
1344289614 0 /dev/ttyUSB2 9
1344289620 0 /dev/ttyUSB2 9
1344289626 0 /dev/ttyUSB2 9
1344289632 0 /dev/ttyUSB2 9
1344289638 0 /dev/ttyUSB2 9
1344289644 0 /dev/ttyUSB2 9
1344289650 0 /dev/ttyUSB2 9
1344289657 0 /dev/ttyUSB2 9
1344289663 0 /dev/ttyUSB2 9
1344289669 0 /dev/ttyUSB2 9
1344289675 0 /dev/ttyUSB2 9
1344289681 0 /dev/ttyUSB2 9
1344289687 0 /dev/ttyUSB2 9
1344289693 0 /dev/ttyUSB2 9
1344289699 0 /dev/ttyUSB2 9
1344289705 0 /dev/ttyUSB2 9
1344289712 0 /dev/ttyUSB2 9
1344289718 0 /dev/ttyUSB2 9
1344289724 0 /dev/ttyUSB2 9
1344289730 0 /dev/ttyUSB2 9
1344289736 0 /dev/ttyUSB2 9
1344289742 0 /dev/ttyUSB2 9
1344289754 0 /dev/ttyUSB2 9
1344289760 0 /dev/ttyUSB2 9
1344289766 0 /dev/ttyUSB2 9
1344289773 0 /dev/ttyUSB2 9
1344289785 0 /dev/ttyUSB2 9
1344289791 0 /dev/ttyUSB2 9
1344289797 0 /dev/ttyUSB2 9
1344289803 0 /dev/ttyUSB2 9
1344289809 0 /dev/ttyUSB2 9
1344289815 0 /dev/ttyUSB2 9
1344289821 0 /dev/ttyUSB2 9
1344289827 0 /dev/ttyUSB2 9
1344289834 0 /dev/ttyUSB2 9
1344289840 0 /dev/ttyUSB2 9
1344289846 0 /dev/ttyUSB2 9
1344289852 0 /dev/ttyUSB2 9
1344289858 0 /dev/ttyUSB2 9
1344289864 0 /dev/ttyUSB2 9
1344289870 0 /dev/ttyUSB2 9
1344289876 0 /dev/ttyUSB2 9
1344289882 0 /dev/ttyUSB2 9
