1343836222 0 /dev/ttyUSB1 5
1343836228 0 /dev/ttyUSB1 5
1343836234 0 /dev/ttyUSB1 5
1343836240 0 /dev/ttyUSB1 5
1343836246 0 /dev/ttyUSB1 5
1343836252 0 /dev/ttyUSB1 5
1343836264 0 /dev/ttyUSB1 5
1343836270 0 /dev/ttyUSB1 5
1343836277 0 /dev/ttyUSB1 5
1343836283 0 /dev/ttyUSB1 5
1343836289 0 /dev/ttyUSB1 5
1343836295 0 /dev/ttyUSB1 5
1343836307 0 /dev/ttyUSB1 5
1343836313 0 /dev/ttyUSB1 5
1343836319 0 /dev/ttyUSB1 5
1343836325 0 /dev/ttyUSB1 5
1343836332 0 /dev/ttyUSB1 5
1343836338 0 /dev/ttyUSB1 5
1343836344 0 /dev/ttyUSB1 5
1343836350 0 /dev/ttyUSB1 5
1343836356 0 /dev/ttyUSB1 5
1343836362 0 /dev/ttyUSB1 5
1343836368 0 /dev/ttyUSB1 5
1343836374 0 /dev/ttyUSB1 5
1343836386 0 /dev/ttyUSB1 5
1343836393 0 /dev/ttyUSB1 5
1343836399 0 /dev/ttyUSB1 5
1343836405 0 /dev/ttyUSB1 5
1343836411 0 /dev/ttyUSB1 5
1343836423 0 /dev/ttyUSB1 5
1343836429 0 /dev/ttyUSB1 5
1343836435 0 /dev/ttyUSB1 5
1343836441 0 /dev/ttyUSB1 5
1343836448 0 /dev/ttyUSB1 5
1343836454 0 /dev/ttyUSB1 5
1343836460 0 /dev/ttyUSB1 5
1343836466 0 /dev/ttyUSB1 5
1343836472 0 /dev/ttyUSB1 5
1343836478 0 /dev/ttyUSB1 5
1343836484 0 /dev/ttyUSB1 5
1343836490 0 /dev/ttyUSB1 5
1343836509 0 /dev/ttyUSB1 5
1343836515 0 /dev/ttyUSB1 5
1343836521 0 /dev/ttyUSB1 5
1343836527 0 /dev/ttyUSB1 5
1343836539 0 /dev/ttyUSB1 5
1343836545 0 /dev/ttyUSB1 5
1343836551 0 /dev/ttyUSB1 5
1343836557 0 /dev/ttyUSB1 5
1343836564 0 /dev/ttyUSB1 5
1343836570 0 /dev/ttyUSB1 5
1343836576 0 /dev/ttyUSB1 5
1343836582 0 /dev/ttyUSB1 5
1343836588 0 /dev/ttyUSB1 5
1343836594 0 /dev/ttyUSB1 5
1343836606 0 /dev/ttyUSB1 5
1343836612 0 /dev/ttyUSB1 5
1343836631 0 /dev/ttyUSB1 5
1343836655 0 /dev/ttyUSB1 5
1343836668 0 /dev/ttyUSB1 5
1343836673 0 /dev/ttyUSB1 5
1343836680 0 /dev/ttyUSB1 5
1343836686 0 /dev/ttyUSB1 5
1343836692 0 /dev/ttyUSB1 5
1343836698 0 /dev/ttyUSB1 5
1343836704 0 /dev/ttyUSB1 5
1343836710 0 /dev/ttyUSB1 5
1343836716 0 /dev/ttyUSB1 5
1343836722 0 /dev/ttyUSB1 5
1343836796 0 /dev/ttyUSB1 5
1343836802 0 /dev/ttyUSB1 5
1343836808 0 /dev/ttyUSB1 5
1343836814 0 /dev/ttyUSB1 5
1343836838 0 /dev/ttyUSB1 5
1343836844 0 /dev/ttyUSB1 5
1343836857 0 /dev/ttyUSB1 5
1343836875 0 /dev/ttyUSB1 5
1343836881 0 /dev/ttyUSB1 5
1343836887 0 /dev/ttyUSB1 5
1343836893 0 /dev/ttyUSB1 5
1343836899 0 /dev/ttyUSB1 5
1343836905 0 /dev/ttyUSB1 5
1343836912 0 /dev/ttyUSB1 5
1343836924 0 /dev/ttyUSB1 5
1343836930 0 /dev/ttyUSB1 5
1343836936 0 /dev/ttyUSB1 5
1343836942 0 /dev/ttyUSB1 5
1343836948 0 /dev/ttyUSB1 5
1343836954 0 /dev/ttyUSB1 5
1343836960 0 /dev/ttyUSB1 5
1343836973 0 /dev/ttyUSB1 5
1343836979 0 /dev/ttyUSB1 5
1343836985 0 /dev/ttyUSB1 5
1343836991 0 /dev/ttyUSB1 5
1343836997 0 /dev/ttyUSB1 5
1343837003 0 /dev/ttyUSB1 5
1343837009 0 /dev/ttyUSB1 5
1343837015 0 /dev/ttyUSB1 5
1343837021 0 /dev/ttyUSB1 5
1343837027 0 /dev/ttyUSB1 5
1343837034 0 /dev/ttyUSB1 5
1343837040 0 /dev/ttyUSB1 5
1343837046 0 /dev/ttyUSB1 5
1343837058 0 /dev/ttyUSB1 5
1343837064 0 /dev/ttyUSB1 5
1343837070 0 /dev/ttyUSB1 5
1343837076 0 /dev/ttyUSB1 5
1343837089 0 /dev/ttyUSB1 5
1343837095 0 /dev/ttyUSB1 5
1343837107 0 /dev/ttyUSB1 5
1343837113 0 /dev/ttyUSB1 5
1343837119 0 /dev/ttyUSB1 5
1343837125 0 /dev/ttyUSB1 5
1343837131 0 /dev/ttyUSB1 5
1343837137 0 /dev/ttyUSB1 5
1343837150 0 /dev/ttyUSB1 5
1343837156 0 /dev/ttyUSB1 5
1343837162 0 /dev/ttyUSB1 5
1343837174 0 /dev/ttyUSB1 5
1343837180 0 /dev/ttyUSB1 5
1343837186 0 /dev/ttyUSB1 5
1343837198 0 /dev/ttyUSB1 5
1343837205 0 /dev/ttyUSB1 5
1343837217 0 /dev/ttyUSB1 5
1343837223 0 /dev/ttyUSB1 5
1343837229 0 /dev/ttyUSB1 5
1343837235 0 /dev/ttyUSB1 5
1343837241 0 /dev/ttyUSB1 5
1343837247 0 /dev/ttyUSB1 5
1343837253 0 /dev/ttyUSB1 5
1343837259 0 /dev/ttyUSB1 5
1343837266 0 /dev/ttyUSB1 5
1343837272 0 /dev/ttyUSB1 5
1343837278 0 /dev/ttyUSB1 5
1343837290 0 /dev/ttyUSB1 5
1343837296 0 /dev/ttyUSB1 5
1343837302 0 /dev/ttyUSB1 5
1343837308 0 /dev/ttyUSB1 5
1343837314 0 /dev/ttyUSB1 5
1343837321 0 /dev/ttyUSB1 5
1343837327 0 /dev/ttyUSB1 5
1343837333 0 /dev/ttyUSB1 5
1343837339 0 /dev/ttyUSB1 5
1343837345 0 /dev/ttyUSB1 5
1343837351 0 /dev/ttyUSB1 5
1343837357 0 /dev/ttyUSB1 5
1343837363 0 /dev/ttyUSB1 5
1343837369 0 /dev/ttyUSB1 5
1343837375 0 /dev/ttyUSB1 5
1343837382 0 /dev/ttyUSB1 5
1343837388 0 /dev/ttyUSB1 5
1343837394 0 /dev/ttyUSB1 5
1343837406 0 /dev/ttyUSB1 5
1343837412 0 /dev/ttyUSB1 5
1343837418 0 /dev/ttyUSB1 5
1343837424 0 /dev/ttyUSB1 5
1343837430 0 /dev/ttyUSB1 5
1343837437 0 /dev/ttyUSB1 5
1343837443 0 /dev/ttyUSB1 5
1343837449 0 /dev/ttyUSB1 5
1343837455 0 /dev/ttyUSB1 5
1343837461 0 /dev/ttyUSB1 5
1343837467 0 /dev/ttyUSB1 5
1343837473 0 /dev/ttyUSB1 5
1343837479 0 /dev/ttyUSB1 5
1343837491 0 /dev/ttyUSB1 5
1343837498 0 /dev/ttyUSB1 5
1343837510 0 /dev/ttyUSB1 5
1343837528 0 /dev/ttyUSB1 5
1343837534 0 /dev/ttyUSB1 5
1343837540 0 /dev/ttyUSB1 5
1343837553 0 /dev/ttyUSB1 5
1343837559 0 /dev/ttyUSB1 5
1343837571 0 /dev/ttyUSB1 5
1343837577 0 /dev/ttyUSB1 5
1343837589 0 /dev/ttyUSB1 5
1343837595 0 /dev/ttyUSB1 5
1343837607 0 /dev/ttyUSB1 5
1343837614 0 /dev/ttyUSB1 5
1343837620 0 /dev/ttyUSB1 5
1343837626 0 /dev/ttyUSB1 5
1343837632 0 /dev/ttyUSB1 5
1343837638 0 /dev/ttyUSB1 5
1343837651 0 /dev/ttyUSB1 5
1343837656 0 /dev/ttyUSB1 5
1343837662 0 /dev/ttyUSB1 5
1343837675 0 /dev/ttyUSB1 5
1343837681 0 /dev/ttyUSB1 5
1343837687 0 /dev/ttyUSB1 5
1343837693 0 /dev/ttyUSB1 5
1343837699 0 /dev/ttyUSB1 5
1343837705 0 /dev/ttyUSB1 5
1343838175 0 /dev/ttyUSB1 5
1343838181 0 /dev/ttyUSB1 5
1343838187 0 /dev/ttyUSB1 5
1343838194 0 /dev/ttyUSB1 5
1343838224 0 /dev/ttyUSB1 5
1343838230 0 /dev/ttyUSB1 5
1343838242 0 /dev/ttyUSB1 5
1343838249 0 /dev/ttyUSB1 5
1343838255 0 /dev/ttyUSB1 5
1343838261 0 /dev/ttyUSB1 5
1343838273 0 /dev/ttyUSB1 5
1343838279 0 /dev/ttyUSB1 5
1343838285 0 /dev/ttyUSB1 5
1343838291 0 /dev/ttyUSB1 5
1343838297 0 /dev/ttyUSB1 5
1343838303 0 /dev/ttyUSB1 5
1343838310 0 /dev/ttyUSB1 5
1343838316 0 /dev/ttyUSB1 5
1343838444 0 /dev/ttyUSB1 5
1343838445 0 /dev/ttyUSB1 5
1343838450 0 /dev/ttyUSB1 5
1343838456 0 /dev/ttyUSB1 5
1343838462 0 /dev/ttyUSB1 5
1343838474 0 /dev/ttyUSB1 5
1343838480 0 /dev/ttyUSB1 5
1343838487 0 /dev/ttyUSB1 5
1343838493 0 /dev/ttyUSB1 5
1343838499 0 /dev/ttyUSB1 5
1343838505 0 /dev/ttyUSB1 5
1343838511 0 /dev/ttyUSB1 5
1343838517 0 /dev/ttyUSB1 5
1343838523 0 /dev/ttyUSB1 5
1343838529 0 /dev/ttyUSB1 5
1343838969 0 /dev/ttyUSB1 5
1343838975 0 /dev/ttyUSB1 5
1343838981 0 /dev/ttyUSB1 5
1343838993 0 /dev/ttyUSB1 5
1343838999 0 /dev/ttyUSB1 5
1343839006 0 /dev/ttyUSB1 5
1343839012 0 /dev/ttyUSB1 5
1343839018 0 /dev/ttyUSB1 5
1343839024 0 /dev/ttyUSB1 5
1343839030 0 /dev/ttyUSB1 5
1343839036 0 /dev/ttyUSB1 5
1343839042 0 /dev/ttyUSB1 5
1343839048 0 /dev/ttyUSB1 5
1343839054 0 /dev/ttyUSB1 5
1343839060 0 /dev/ttyUSB1 5
1343839067 0 /dev/ttyUSB1 5
1343839073 0 /dev/ttyUSB1 5
1343839079 0 /dev/ttyUSB1 5
1343839085 0 /dev/ttyUSB1 5
1343839091 0 /dev/ttyUSB1 5
1343839109 0 /dev/ttyUSB1 5
1343839115 0 /dev/ttyUSB1 5
1343839122 0 /dev/ttyUSB1 5
1343839128 0 /dev/ttyUSB1 5
1343839317 0 /dev/ttyUSB1 5
1343839323 0 /dev/ttyUSB1 5
1343839329 0 /dev/ttyUSB1 5
1343839335 0 /dev/ttyUSB1 5
1343839439 0 /dev/ttyUSB1 5
1343839457 0 /dev/ttyUSB1 5
1343839463 0 /dev/ttyUSB1 5
1343839470 0 /dev/ttyUSB1 5
1343839476 0 /dev/ttyUSB1 5
1343839482 0 /dev/ttyUSB1 5
1343839488 0 /dev/ttyUSB1 5
1343839494 0 /dev/ttyUSB1 5
1343839500 0 /dev/ttyUSB1 5
1343839506 0 /dev/ttyUSB1 5
1343839512 0 /dev/ttyUSB1 5
1343839543 0 /dev/ttyUSB1 5
1343839549 0 /dev/ttyUSB1 5
1343839555 0 /dev/ttyUSB1 5
1343839561 0 /dev/ttyUSB1 5
1343839567 0 /dev/ttyUSB1 5
1343839653 0 /dev/ttyUSB1 5
1343839659 0 /dev/ttyUSB1 5
1343839665 0 /dev/ttyUSB1 5
1343839671 0 /dev/ttyUSB1 5
1343839677 0 /dev/ttyUSB1 5
1343839683 0 /dev/ttyUSB1 5
1343839689 0 /dev/ttyUSB1 5
1343839695 0 /dev/ttyUSB1 5
1343839702 0 /dev/ttyUSB1 5
1343839805 0 /dev/ttyUSB1 5
1343839811 0 /dev/ttyUSB1 5
1343839818 0 /dev/ttyUSB1 5
1343840489 0 /dev/ttyUSB1 5
1343840495 0 /dev/ttyUSB1 5
1343840507 0 /dev/ttyUSB1 5
1343840514 0 /dev/ttyUSB1 5
1343840520 0 /dev/ttyUSB1 5
1343840526 0 /dev/ttyUSB1 5
1343840532 0 /dev/ttyUSB1 5
1343840538 0 /dev/ttyUSB1 5
1343840544 0 /dev/ttyUSB1 5
1343840550 0 /dev/ttyUSB1 5
1343840556 0 /dev/ttyUSB1 5
1343840562 0 /dev/ttyUSB1 5
1343840568 0 /dev/ttyUSB1 5
1343840581 0 /dev/ttyUSB1 5
1343840587 0 /dev/ttyUSB1 5
1343840593 0 /dev/ttyUSB1 5
1343840599 0 /dev/ttyUSB1 5
1343840605 0 /dev/ttyUSB1 5
1343840611 0 /dev/ttyUSB1 5
1343840782 0 /dev/ttyUSB1 5
1343840788 0 /dev/ttyUSB1 5
1343840794 0 /dev/ttyUSB1 5
1343840800 0 /dev/ttyUSB1 5
1343840935 0 /dev/ttyUSB1 5
1343840941 0 /dev/ttyUSB1 5
1343840947 0 /dev/ttyUSB1 5
1343840953 0 /dev/ttyUSB1 5
1343840959 0 /dev/ttyUSB1 5
1343840965 0 /dev/ttyUSB1 5
1343840971 0 /dev/ttyUSB1 5
1343840984 0 /dev/ttyUSB1 5
1343840990 0 /dev/ttyUSB1 5
1343840996 0 /dev/ttyUSB1 5
1343841032 0 /dev/ttyUSB1 5
1343841039 0 /dev/ttyUSB1 5
1343841045 0 /dev/ttyUSB1 5
1343841051 0 /dev/ttyUSB1 5
1343841057 0 /dev/ttyUSB1 5
1343841063 0 /dev/ttyUSB1 5
1343841069 0 /dev/ttyUSB1 5
1343841075 0 /dev/ttyUSB1 5
1343841081 0 /dev/ttyUSB1 5
1343841087 0 /dev/ttyUSB1 5
1343841100 0 /dev/ttyUSB1 5
1343841106 0 /dev/ttyUSB1 5
1343841112 0 /dev/ttyUSB1 5
1343841118 0 /dev/ttyUSB1 5
1343841124 0 /dev/ttyUSB1 5
1343841130 0 /dev/ttyUSB1 5
1343841136 0 /dev/ttyUSB1 5
1343841142 0 /dev/ttyUSB1 5
1343841148 0 /dev/ttyUSB1 5
1343841155 0 /dev/ttyUSB1 5
1343841161 0 /dev/ttyUSB1 5
1343841167 0 /dev/ttyUSB1 5
1343841173 0 /dev/ttyUSB1 5
1343841179 0 /dev/ttyUSB1 5
1343841185 0 /dev/ttyUSB1 5
1343841191 0 /dev/ttyUSB1 5
1343841203 0 /dev/ttyUSB1 5
1343841216 0 /dev/ttyUSB1 5
1343841222 0 /dev/ttyUSB1 5
1343841228 0 /dev/ttyUSB1 5
1343841234 0 /dev/ttyUSB1 5
1343841240 0 /dev/ttyUSB1 5
1343841246 0 /dev/ttyUSB1 5
1343841252 0 /dev/ttyUSB1 5
1343841258 0 /dev/ttyUSB1 5
1343841264 0 /dev/ttyUSB1 5
1343841271 0 /dev/ttyUSB1 5
1343841277 0 /dev/ttyUSB1 5
1343841283 0 /dev/ttyUSB1 5
1343841289 0 /dev/ttyUSB1 5
1343841301 0 /dev/ttyUSB1 5
1343841344 0 /dev/ttyUSB1 5
1343841350 0 /dev/ttyUSB1 5
1343841356 0 /dev/ttyUSB1 5
1343841362 0 /dev/ttyUSB1 5
1343841368 0 /dev/ttyUSB1 5
1343841374 0 /dev/ttyUSB1 5
1343841380 0 /dev/ttyUSB1 5
1343841387 0 /dev/ttyUSB1 5
1343841393 0 /dev/ttyUSB1 5
1343841399 0 /dev/ttyUSB1 5
1343841405 0 /dev/ttyUSB1 5
1343841423 0 /dev/ttyUSB1 5
1343841429 0 /dev/ttyUSB1 5
1343841435 0 /dev/ttyUSB1 5
1343841442 0 /dev/ttyUSB1 5
1343841448 0 /dev/ttyUSB1 5
1343841454 0 /dev/ttyUSB1 5
1343841460 0 /dev/ttyUSB1 5
1343841466 0 /dev/ttyUSB1 5
1343841472 0 /dev/ttyUSB1 5
1343841478 0 /dev/ttyUSB1 5
1343841484 0 /dev/ttyUSB1 5
1343841490 0 /dev/ttyUSB1 5
1343841509 0 /dev/ttyUSB1 5
1343841515 0 /dev/ttyUSB1 5
1343841521 0 /dev/ttyUSB1 5
1343841533 0 /dev/ttyUSB1 5
1343841539 0 /dev/ttyUSB1 5
1343841545 0 /dev/ttyUSB1 5
1343841551 0 /dev/ttyUSB1 5
1343841558 0 /dev/ttyUSB1 5
1343841564 0 /dev/ttyUSB1 5
1343841570 0 /dev/ttyUSB1 5
1343841576 0 /dev/ttyUSB1 5
1343841582 0 /dev/ttyUSB1 5
1343841588 0 /dev/ttyUSB1 5
1343841594 0 /dev/ttyUSB1 5
1343841600 0 /dev/ttyUSB1 5
1343841606 0 /dev/ttyUSB1 5
1343841619 0 /dev/ttyUSB1 5
1343841625 0 /dev/ttyUSB1 5
1343841631 0 /dev/ttyUSB1 5
1343841637 0 /dev/ttyUSB1 5
1343841643 0 /dev/ttyUSB1 5
1343841649 0 /dev/ttyUSB1 5
1343841655 0 /dev/ttyUSB1 5
1343841661 0 /dev/ttyUSB1 5
1343841667 0 /dev/ttyUSB1 5
1343841674 0 /dev/ttyUSB1 5
1343841680 0 /dev/ttyUSB1 5
1343841686 0 /dev/ttyUSB1 5
1343841692 0 /dev/ttyUSB1 5
1343841698 0 /dev/ttyUSB1 5
1343841704 0 /dev/ttyUSB1 5
1343841710 0 /dev/ttyUSB1 5
1343841716 0 /dev/ttyUSB1 5
1343841722 0 /dev/ttyUSB1 5
1343841735 0 /dev/ttyUSB1 5
1343841741 0 /dev/ttyUSB1 5
1343841747 0 /dev/ttyUSB1 5
1343841759 0 /dev/ttyUSB1 5
1343841765 0 /dev/ttyUSB1 5
1343841771 0 /dev/ttyUSB1 5
1343841777 0 /dev/ttyUSB1 5
1343841783 0 /dev/ttyUSB1 5
1343841790 0 /dev/ttyUSB1 5
1343841796 0 /dev/ttyUSB1 5
1343841802 0 /dev/ttyUSB1 5
1343841808 0 /dev/ttyUSB1 5
1343841820 0 /dev/ttyUSB1 5
1343841844 0 /dev/ttyUSB1 5
1343841851 0 /dev/ttyUSB1 5
1343841857 0 /dev/ttyUSB1 5
1343841863 0 /dev/ttyUSB1 5
1343841869 0 /dev/ttyUSB1 5
1343841875 0 /dev/ttyUSB1 5
1343841881 0 /dev/ttyUSB1 5
1343841887 0 /dev/ttyUSB1 5
1343841893 0 /dev/ttyUSB1 5
1343841899 0 /dev/ttyUSB1 5
1343841906 0 /dev/ttyUSB1 5
1343841912 0 /dev/ttyUSB1 5
1343841918 0 /dev/ttyUSB1 5
1343841924 0 /dev/ttyUSB1 5
1343841936 0 /dev/ttyUSB1 5
1343841942 0 /dev/ttyUSB1 5
1343841948 0 /dev/ttyUSB1 5
1343841954 0 /dev/ttyUSB1 5
1343841960 0 /dev/ttyUSB1 5
1343841967 0 /dev/ttyUSB1 5
1343841973 0 /dev/ttyUSB1 5
1343841979 0 /dev/ttyUSB1 5
1343841985 0 /dev/ttyUSB1 5
1343841991 0 /dev/ttyUSB1 5
1343841997 0 /dev/ttyUSB1 5
1343842003 0 /dev/ttyUSB1 5
1343842009 0 /dev/ttyUSB1 5
1343842015 0 /dev/ttyUSB1 5
1343842022 0 /dev/ttyUSB1 5
1343842028 0 /dev/ttyUSB1 5
1343842052 0 /dev/ttyUSB1 5
1343842058 0 /dev/ttyUSB1 5
1343842064 0 /dev/ttyUSB1 5
1343842070 0 /dev/ttyUSB1 5
1343842076 0 /dev/ttyUSB1 5
1343842083 0 /dev/ttyUSB1 5
1343842089 0 /dev/ttyUSB1 5
1343842095 0 /dev/ttyUSB1 5
1343842101 0 /dev/ttyUSB1 5
1343842107 0 /dev/ttyUSB1 5
1343842125 0 /dev/ttyUSB1 5
1343842138 0 /dev/ttyUSB1 5
1343842144 0 /dev/ttyUSB1 5
1343842150 0 /dev/ttyUSB1 5
1343842156 0 /dev/ttyUSB1 5
1343842162 0 /dev/ttyUSB1 5
1343842168 0 /dev/ttyUSB1 5
1343842174 0 /dev/ttyUSB1 5
1343842180 0 /dev/ttyUSB1 5
1343842186 0 /dev/ttyUSB1 5
1343842192 0 /dev/ttyUSB1 5
1343842199 0 /dev/ttyUSB1 5
1343842205 0 /dev/ttyUSB1 5
1343842211 0 /dev/ttyUSB1 5
1343842217 0 /dev/ttyUSB1 5
1343842223 0 /dev/ttyUSB1 5
1343842235 0 /dev/ttyUSB1 5
1343842241 0 /dev/ttyUSB1 5
1343842254 0 /dev/ttyUSB1 5
1343842260 0 /dev/ttyUSB1 5
1343842266 0 /dev/ttyUSB1 5
1343842272 0 /dev/ttyUSB1 5
1343842278 0 /dev/ttyUSB1 5
1343842284 0 /dev/ttyUSB1 5
1343842290 0 /dev/ttyUSB1 5
1343842296 0 /dev/ttyUSB1 5
1343842302 0 /dev/ttyUSB1 5
1343842308 0 /dev/ttyUSB1 5
1343842315 0 /dev/ttyUSB1 5
1343842321 0 /dev/ttyUSB1 5
1343842327 0 /dev/ttyUSB1 5
1343842339 0 /dev/ttyUSB1 5
1343842345 0 /dev/ttyUSB1 5
1343842351 0 /dev/ttyUSB1 5
1343842357 0 /dev/ttyUSB1 5
1343842363 0 /dev/ttyUSB1 5
1343842370 0 /dev/ttyUSB1 5
1343842376 0 /dev/ttyUSB1 5
1343842382 0 /dev/ttyUSB1 5
1343842388 0 /dev/ttyUSB1 5
1343842400 0 /dev/ttyUSB1 5
1343842406 0 /dev/ttyUSB1 5
1343842412 0 /dev/ttyUSB1 5
1343842418 0 /dev/ttyUSB1 5
1343842424 0 /dev/ttyUSB1 5
1343842431 0 /dev/ttyUSB1 5
1343842437 0 /dev/ttyUSB1 5
1343842443 0 /dev/ttyUSB1 5
1343842455 0 /dev/ttyUSB1 5
1343842461 0 /dev/ttyUSB1 5
1343842467 0 /dev/ttyUSB1 5
1343842473 0 /dev/ttyUSB1 5
1343842479 0 /dev/ttyUSB1 5
1343842486 0 /dev/ttyUSB1 5
1343842492 0 /dev/ttyUSB1 5
1343842498 0 /dev/ttyUSB1 5
1343842504 0 /dev/ttyUSB1 5
1343842510 0 /dev/ttyUSB1 5
1343842516 0 /dev/ttyUSB1 5
1343842522 0 /dev/ttyUSB1 5
1343842528 0 /dev/ttyUSB1 5
1343842540 0 /dev/ttyUSB1 5
1343842547 0 /dev/ttyUSB1 5
1343842553 0 /dev/ttyUSB1 5
1343842559 0 /dev/ttyUSB1 5
1343842565 0 /dev/ttyUSB1 5
1343842571 0 /dev/ttyUSB1 5
1343842583 0 /dev/ttyUSB1 5
1343842589 0 /dev/ttyUSB1 5
1343842595 0 /dev/ttyUSB1 5
1343842602 0 /dev/ttyUSB1 5
1343842608 0 /dev/ttyUSB1 5
1343842614 0 /dev/ttyUSB1 5
1343842620 0 /dev/ttyUSB1 5
1343842626 0 /dev/ttyUSB1 5
1343842632 0 /dev/ttyUSB1 5
1343842638 0 /dev/ttyUSB1 5
1343842644 0 /dev/ttyUSB1 5
1343842656 0 /dev/ttyUSB1 5
1343842663 0 /dev/ttyUSB1 5
1343842669 0 /dev/ttyUSB1 5
1343842675 0 /dev/ttyUSB1 5
1343842681 0 /dev/ttyUSB1 5
1343842687 0 /dev/ttyUSB1 5
1343842693 0 /dev/ttyUSB1 5
1343842699 0 /dev/ttyUSB1 5
1343842705 0 /dev/ttyUSB1 5
1343842711 0 /dev/ttyUSB1 5
1343842718 0 /dev/ttyUSB1 5
1343842724 0 /dev/ttyUSB1 5
1343842730 0 /dev/ttyUSB1 5
1343842742 0 /dev/ttyUSB1 5
1343842748 0 /dev/ttyUSB1 5
1343842754 0 /dev/ttyUSB1 5
1343842760 0 /dev/ttyUSB1 5
1343842766 0 /dev/ttyUSB1 5
1343842772 0 /dev/ttyUSB1 5
1343842779 0 /dev/ttyUSB1 5
1343842785 0 /dev/ttyUSB1 5
1343842791 0 /dev/ttyUSB1 5
1343842803 0 /dev/ttyUSB1 5
1343842815 0 /dev/ttyUSB1 5
1343842827 0 /dev/ttyUSB1 5
1343842834 0 /dev/ttyUSB1 5
1343842840 0 /dev/ttyUSB1 5
1343842846 0 /dev/ttyUSB1 5
1343842858 0 /dev/ttyUSB1 5
1343842864 0 /dev/ttyUSB1 5
1343842895 0 /dev/ttyUSB1 5
1343842901 0 /dev/ttyUSB1 5
1343842907 0 /dev/ttyUSB1 5
1343842913 0 /dev/ttyUSB1 5
1343842919 0 /dev/ttyUSB1 5
1343842925 0 /dev/ttyUSB1 5
1343842931 0 /dev/ttyUSB1 5
1343842943 0 /dev/ttyUSB1 5
1343842950 0 /dev/ttyUSB1 5
1343842956 0 /dev/ttyUSB1 5
1343842962 0 /dev/ttyUSB1 5
1343842968 0 /dev/ttyUSB1 5
1343842974 0 /dev/ttyUSB1 5
1343842980 0 /dev/ttyUSB1 5
1343842986 0 /dev/ttyUSB1 5
1343842992 0 /dev/ttyUSB1 5
1343842998 0 /dev/ttyUSB1 5
1343843004 0 /dev/ttyUSB1 5
1343843011 0 /dev/ttyUSB1 5
1343843017 0 /dev/ttyUSB1 5
1343843029 0 /dev/ttyUSB1 5
1343843035 0 /dev/ttyUSB1 5
1343843047 0 /dev/ttyUSB1 5
1343843059 0 /dev/ttyUSB1 5
1343843066 0 /dev/ttyUSB1 5
1343843072 0 /dev/ttyUSB1 5
1343843078 0 /dev/ttyUSB1 5
1343843084 0 /dev/ttyUSB1 5
1343843096 0 /dev/ttyUSB1 5
1343843133 0 /dev/ttyUSB1 5
1343843145 0 /dev/ttyUSB1 5
1343843151 0 /dev/ttyUSB1 5
1343843157 0 /dev/ttyUSB1 5
1343843163 0 /dev/ttyUSB1 5
1343843169 0 /dev/ttyUSB1 5
1343843175 0 /dev/ttyUSB1 5
1343843182 0 /dev/ttyUSB1 5
1343843194 0 /dev/ttyUSB1 5
1343843236 0 /dev/ttyUSB1 5
1343843243 0 /dev/ttyUSB1 5
1343843249 0 /dev/ttyUSB1 5
1343843261 0 /dev/ttyUSB1 5
1343843267 0 /dev/ttyUSB1 5
1343843273 0 /dev/ttyUSB1 5
1343843279 0 /dev/ttyUSB1 5
1343843285 0 /dev/ttyUSB1 5
1343843291 0 /dev/ttyUSB1 5
1343843298 0 /dev/ttyUSB1 5
1343843304 0 /dev/ttyUSB1 5
1343843310 0 /dev/ttyUSB1 5
1343843316 0 /dev/ttyUSB1 5
1343843359 0 /dev/ttyUSB1 5
1343843365 0 /dev/ttyUSB1 5
1343843371 0 /dev/ttyUSB1 5
1343843377 0 /dev/ttyUSB1 5
1343843383 0 /dev/ttyUSB1 5
1343843389 0 /dev/ttyUSB1 5
1343843395 0 /dev/ttyUSB1 5
1343843414 0 /dev/ttyUSB1 5
1343843420 0 /dev/ttyUSB1 5
1343843426 0 /dev/ttyUSB1 5
1343843438 0 /dev/ttyUSB1 5
1343843444 0 /dev/ttyUSB1 5
1343843450 0 /dev/ttyUSB1 5
1343843462 0 /dev/ttyUSB1 5
1343843468 0 /dev/ttyUSB1 5
1343843475 0 /dev/ttyUSB1 5
1343843499 0 /dev/ttyUSB1 5
1343843505 0 /dev/ttyUSB1 5
1343843511 0 /dev/ttyUSB1 5
1343843523 0 /dev/ttyUSB1 5
1343843530 0 /dev/ttyUSB1 5
1343843560 0 /dev/ttyUSB1 5
1343843566 0 /dev/ttyUSB1 5
1343843572 0 /dev/ttyUSB1 5
1343843578 0 /dev/ttyUSB1 5
1343843584 0 /dev/ttyUSB1 5
1343843591 0 /dev/ttyUSB1 5
1343843597 0 /dev/ttyUSB1 5
1343843603 0 /dev/ttyUSB1 5
1343843609 0 /dev/ttyUSB1 5
1343843615 0 /dev/ttyUSB1 5
1343843621 0 /dev/ttyUSB1 5
1343843627 0 /dev/ttyUSB1 5
1343843633 0 /dev/ttyUSB1 5
1343843639 0 /dev/ttyUSB1 5
1343843646 0 /dev/ttyUSB1 5
1343843652 0 /dev/ttyUSB1 5
1343843664 0 /dev/ttyUSB1 5
1343843700 0 /dev/ttyUSB1 5
1343843707 0 /dev/ttyUSB1 5
1343843713 0 /dev/ttyUSB1 5
1343843719 0 /dev/ttyUSB1 5
1343843725 0 /dev/ttyUSB1 5
1343843731 0 /dev/ttyUSB1 5
1343843737 0 /dev/ttyUSB1 5
1343843749 0 /dev/ttyUSB1 5
1343843755 0 /dev/ttyUSB1 5
1343843762 0 /dev/ttyUSB1 5
1343843768 0 /dev/ttyUSB1 5
1343843774 0 /dev/ttyUSB1 5
1343843780 0 /dev/ttyUSB1 5
1343843786 0 /dev/ttyUSB1 5
1343843792 0 /dev/ttyUSB1 5
1343843798 0 /dev/ttyUSB1 5
1343843804 0 /dev/ttyUSB1 5
1343843810 0 /dev/ttyUSB1 5
1343843817 0 /dev/ttyUSB1 5
1343843823 0 /dev/ttyUSB1 5
1343843829 0 /dev/ttyUSB1 5
1343843835 0 /dev/ttyUSB1 5
1343843841 0 /dev/ttyUSB1 5
1343843847 0 /dev/ttyUSB1 5
1343843853 0 /dev/ttyUSB1 5
1343843865 0 /dev/ttyUSB1 5
1343843871 0 /dev/ttyUSB1 5
1343843878 0 /dev/ttyUSB1 5
1343843884 0 /dev/ttyUSB1 5
1343843890 0 /dev/ttyUSB1 5
1343843896 0 /dev/ttyUSB1 5
1343843902 0 /dev/ttyUSB1 5
1343843908 0 /dev/ttyUSB1 5
1343843914 0 /dev/ttyUSB1 5
1343843920 0 /dev/ttyUSB1 5
1343843926 0 /dev/ttyUSB1 5
1343843933 0 /dev/ttyUSB1 5
1343843939 0 /dev/ttyUSB1 5
1343843951 0 /dev/ttyUSB1 5
1343843957 0 /dev/ttyUSB1 5
1343843963 0 /dev/ttyUSB1 5
1343843969 0 /dev/ttyUSB1 5
1343843975 0 /dev/ttyUSB1 5
1343843981 0 /dev/ttyUSB1 5
1343843987 0 /dev/ttyUSB1 5
1343843994 0 /dev/ttyUSB1 5
1343844000 0 /dev/ttyUSB1 5
1343844006 0 /dev/ttyUSB1 5
1343844012 0 /dev/ttyUSB1 5
1343844018 0 /dev/ttyUSB1 5
1343844024 0 /dev/ttyUSB1 5
1343844030 0 /dev/ttyUSB1 5
1343844036 0 /dev/ttyUSB1 5
1343844042 0 /dev/ttyUSB1 5
1343844049 0 /dev/ttyUSB1 5
1343844055 0 /dev/ttyUSB1 5
1343844067 0 /dev/ttyUSB1 5
1343844073 0 /dev/ttyUSB1 5
1343844079 0 /dev/ttyUSB1 5
1343844085 0 /dev/ttyUSB1 5
1343844091 0 /dev/ttyUSB1 5
1343844097 0 /dev/ttyUSB1 5
1343844103 0 /dev/ttyUSB1 5
1343844110 0 /dev/ttyUSB1 5
1343844116 0 /dev/ttyUSB1 5
1343844122 0 /dev/ttyUSB1 5
1343844128 0 /dev/ttyUSB1 5
1343844134 0 /dev/ttyUSB1 5
1343844140 0 /dev/ttyUSB1 5
1343844152 0 /dev/ttyUSB1 5
1343844158 0 /dev/ttyUSB1 5
1343844165 0 /dev/ttyUSB1 5
1343844171 0 /dev/ttyUSB1 5
1343844177 0 /dev/ttyUSB1 5
1343844183 0 /dev/ttyUSB1 5
1343844189 0 /dev/ttyUSB1 5
1343844195 0 /dev/ttyUSB1 5
1343844201 0 /dev/ttyUSB1 5
1343844207 0 /dev/ttyUSB1 5
1343844213 0 /dev/ttyUSB1 5
1343844219 0 /dev/ttyUSB1 5
1343844226 0 /dev/ttyUSB1 5
1343844250 0 /dev/ttyUSB1 5
1343844256 0 /dev/ttyUSB1 5
1343844268 0 /dev/ttyUSB1 5
1343844274 0 /dev/ttyUSB1 5
1343844281 0 /dev/ttyUSB1 5
1343844287 0 /dev/ttyUSB1 5
1343844293 0 /dev/ttyUSB1 5
1343844299 0 /dev/ttyUSB1 5
1343844305 0 /dev/ttyUSB1 5
1343844311 0 /dev/ttyUSB1 5
1343844317 0 /dev/ttyUSB1 5
1343844323 0 /dev/ttyUSB1 5
1343844329 0 /dev/ttyUSB1 5
1343844335 0 /dev/ttyUSB1 5
1343844342 0 /dev/ttyUSB1 5
1343844354 0 /dev/ttyUSB1 5
1343844360 0 /dev/ttyUSB1 5
1343844366 0 /dev/ttyUSB1 5
1343844372 0 /dev/ttyUSB1 5
1343844378 0 /dev/ttyUSB1 5
1343844384 0 /dev/ttyUSB1 5
1343844390 0 /dev/ttyUSB1 5
1343844397 0 /dev/ttyUSB1 5
1343844403 0 /dev/ttyUSB1 5
1343844409 0 /dev/ttyUSB1 5
1343844458 0 /dev/ttyUSB1 5
1343844464 0 /dev/ttyUSB1 5
1343844470 0 /dev/ttyUSB1 5
1343844476 0 /dev/ttyUSB1 5
1343844482 0 /dev/ttyUSB1 5
1343844488 0 /dev/ttyUSB1 5
1343844494 0 /dev/ttyUSB1 5
1343844500 0 /dev/ttyUSB1 5
1343844506 0 /dev/ttyUSB1 5
1343844513 0 /dev/ttyUSB1 5
1343844519 0 /dev/ttyUSB1 5
1343844525 0 /dev/ttyUSB1 5
1343844531 0 /dev/ttyUSB1 5
1343844537 0 /dev/ttyUSB1 5
1343844543 0 /dev/ttyUSB1 5
1343844555 0 /dev/ttyUSB1 5
1343844561 0 /dev/ttyUSB1 5
1343844567 0 /dev/ttyUSB1 5
1343844574 0 /dev/ttyUSB1 5
1343844580 0 /dev/ttyUSB1 5
1343844586 0 /dev/ttyUSB1 5
1343844592 0 /dev/ttyUSB1 5
1343844598 0 /dev/ttyUSB1 5
1343844604 0 /dev/ttyUSB1 5
1343844610 0 /dev/ttyUSB1 5
1343844616 0 /dev/ttyUSB1 5
1343844622 0 /dev/ttyUSB1 5
1343844629 0 /dev/ttyUSB1 5
1343844665 0 /dev/ttyUSB1 5
1343844671 0 /dev/ttyUSB1 5
1343844677 0 /dev/ttyUSB1 5
1343844683 0 /dev/ttyUSB1 5
1343844690 0 /dev/ttyUSB1 5
1343844696 0 /dev/ttyUSB1 5
1343844702 0 /dev/ttyUSB1 5
1343844708 0 /dev/ttyUSB1 5
1343844714 0 /dev/ttyUSB1 5
1343844720 0 /dev/ttyUSB1 5
1343844726 0 /dev/ttyUSB1 5
1343844738 0 /dev/ttyUSB1 5
1343844745 0 /dev/ttyUSB1 5
1343844757 0 /dev/ttyUSB1 5
1343844763 0 /dev/ttyUSB1 5
1343844775 0 /dev/ttyUSB1 5
1343844781 0 /dev/ttyUSB1 5
1343844787 0 /dev/ttyUSB1 5
1343844800 0 /dev/ttyUSB1 5
1343844806 0 /dev/ttyUSB1 5
1343844812 0 /dev/ttyUSB1 5
1343844818 0 /dev/ttyUSB1 5
1343844824 0 /dev/ttyUSB1 5
1343844830 0 /dev/ttyUSB1 5
1343844842 0 /dev/ttyUSB1 5
1343844848 0 /dev/ttyUSB1 5
1343844854 0 /dev/ttyUSB1 5
1343844861 0 /dev/ttyUSB1 5
1343844867 0 /dev/ttyUSB1 5
1343844873 0 /dev/ttyUSB1 5
1343844879 0 /dev/ttyUSB1 5
1343844891 0 /dev/ttyUSB1 5
1343844897 0 /dev/ttyUSB1 5
1343844903 0 /dev/ttyUSB1 5
1343844909 0 /dev/ttyUSB1 5
1343844916 0 /dev/ttyUSB1 5
1343844928 0 /dev/ttyUSB1 5
1343845019 0 /dev/ttyUSB1 5
1343845025 0 /dev/ttyUSB1 5
1343845032 0 /dev/ttyUSB1 5
1343845044 0 /dev/ttyUSB1 5
1343845050 0 /dev/ttyUSB1 5
1343845056 0 /dev/ttyUSB1 5
1343845062 0 /dev/ttyUSB1 5
1343845068 0 /dev/ttyUSB1 5
1343845074 0 /dev/ttyUSB1 5
1343845080 0 /dev/ttyUSB1 5
1343845086 0 /dev/ttyUSB1 5
1343845105 0 /dev/ttyUSB1 5
1343845111 0 /dev/ttyUSB1 5
1343845117 0 /dev/ttyUSB1 5
1343845129 0 /dev/ttyUSB1 5
1343845135 0 /dev/ttyUSB1 5
1343845141 0 /dev/ttyUSB1 5
1343845148 0 /dev/ttyUSB1 5
1343845154 0 /dev/ttyUSB1 5
1343845160 0 /dev/ttyUSB1 5
1343845166 0 /dev/ttyUSB1 5
1343845172 0 /dev/ttyUSB1 5
1343845178 0 /dev/ttyUSB1 5
1343845184 0 /dev/ttyUSB1 5
1343845190 0 /dev/ttyUSB1 5
1343845196 0 /dev/ttyUSB1 5
1343845202 0 /dev/ttyUSB1 5
1343845251 0 /dev/ttyUSB1 5
1343845257 0 /dev/ttyUSB1 5
1343845264 0 /dev/ttyUSB1 5
1343845270 0 /dev/ttyUSB1 5
1343845276 0 /dev/ttyUSB1 5
1343845306 0 /dev/ttyUSB1 5
1343845312 0 /dev/ttyUSB1 5
1343845318 0 /dev/ttyUSB1 5
1343845331 0 /dev/ttyUSB1 5
1343845337 0 /dev/ttyUSB1 5
1343845343 0 /dev/ttyUSB1 5
1343845349 0 /dev/ttyUSB1 5
1343845355 0 /dev/ttyUSB1 5
1343845361 0 /dev/ttyUSB1 5
1343845367 0 /dev/ttyUSB1 5
1343845373 0 /dev/ttyUSB1 5
1343845380 0 /dev/ttyUSB1 5
1343845386 0 /dev/ttyUSB1 5
1343845392 0 /dev/ttyUSB1 5
1343845398 0 /dev/ttyUSB1 5
1343845404 0 /dev/ttyUSB1 5
1343845416 0 /dev/ttyUSB1 5
1343845422 0 /dev/ttyUSB1 5
1343845428 0 /dev/ttyUSB1 5
1343845434 0 /dev/ttyUSB1 5
1343845441 0 /dev/ttyUSB1 5
1343845447 0 /dev/ttyUSB1 5
1343845453 0 /dev/ttyUSB1 5
1343845459 0 /dev/ttyUSB1 5
1343845465 0 /dev/ttyUSB1 5
1343845471 0 /dev/ttyUSB1 5
1343845477 0 /dev/ttyUSB1 5
1343845483 0 /dev/ttyUSB1 5
1343845489 0 /dev/ttyUSB1 5
1343845496 0 /dev/ttyUSB1 5
1343845502 0 /dev/ttyUSB1 5
1343845508 0 /dev/ttyUSB1 5
1343845514 0 /dev/ttyUSB1 5
1343845532 0 /dev/ttyUSB1 5
1343845538 0 /dev/ttyUSB1 5
1343845544 0 /dev/ttyUSB1 5
1343845550 0 /dev/ttyUSB1 5
1343845557 0 /dev/ttyUSB1 5
1343845563 0 /dev/ttyUSB1 5
1343845569 0 /dev/ttyUSB1 5
1343845575 0 /dev/ttyUSB1 5
1343845581 0 /dev/ttyUSB1 5
1343845587 0 /dev/ttyUSB1 5
1343845593 0 /dev/ttyUSB1 5
1343845599 0 /dev/ttyUSB1 5
1343845605 0 /dev/ttyUSB1 5
1343845618 0 /dev/ttyUSB1 5
1343845624 0 /dev/ttyUSB1 5
1343845630 0 /dev/ttyUSB1 5
1343845636 0 /dev/ttyUSB1 5
1343845648 0 /dev/ttyUSB1 5
1343845654 0 /dev/ttyUSB1 5
1343845660 0 /dev/ttyUSB1 5
1343845666 0 /dev/ttyUSB1 5
1343845673 0 /dev/ttyUSB1 5
1343845679 0 /dev/ttyUSB1 5
1343845685 0 /dev/ttyUSB1 5
1343845703 0 /dev/ttyUSB1 5
1343845709 0 /dev/ttyUSB1 5
1343845715 0 /dev/ttyUSB1 5
1343845721 0 /dev/ttyUSB1 5
1343845734 0 /dev/ttyUSB1 5
1343845740 0 /dev/ttyUSB1 5
1343845746 0 /dev/ttyUSB1 5
1343845752 0 /dev/ttyUSB1 5
1343845758 0 /dev/ttyUSB1 5
1343845764 0 /dev/ttyUSB1 5
1343845770 0 /dev/ttyUSB1 5
1343845776 0 /dev/ttyUSB1 5
1343845782 0 /dev/ttyUSB1 5
1343845789 0 /dev/ttyUSB1 5
1343845795 0 /dev/ttyUSB1 5
1343845801 0 /dev/ttyUSB1 5
1343845807 0 /dev/ttyUSB1 5
1343845813 0 /dev/ttyUSB1 5
1343845819 0 /dev/ttyUSB1 5
1343845825 0 /dev/ttyUSB1 5
1343845831 0 /dev/ttyUSB1 5
1343845837 0 /dev/ttyUSB1 5
1343845850 0 /dev/ttyUSB1 5
1343846540 0 /dev/ttyUSB1 5
1343846546 0 /dev/ttyUSB1 5
1343846552 0 /dev/ttyUSB1 5
1343846558 0 /dev/ttyUSB1 5
1343846564 0 /dev/ttyUSB1 5
1343846570 0 /dev/ttyUSB1 5
1343846576 0 /dev/ttyUSB1 5
1343846582 0 /dev/ttyUSB1 5
1343846588 0 /dev/ttyUSB1 5
1343846595 0 /dev/ttyUSB1 5
1343846601 0 /dev/ttyUSB1 5
1343846607 0 /dev/ttyUSB1 5
1343846662 0 /dev/ttyUSB1 5
1343846668 0 /dev/ttyUSB1 5
1343846674 0 /dev/ttyUSB1 5
1343846680 0 /dev/ttyUSB1 5
1343846686 0 /dev/ttyUSB1 5
1343846692 0 /dev/ttyUSB1 5
1343846698 0 /dev/ttyUSB1 5
1343846704 0 /dev/ttyUSB1 5
1343846711 0 /dev/ttyUSB1 5
1343846717 0 /dev/ttyUSB1 5
1343846723 0 /dev/ttyUSB1 5
1343846729 0 /dev/ttyUSB1 5
1343846741 0 /dev/ttyUSB1 5
1343846753 0 /dev/ttyUSB1 5
1343846759 0 /dev/ttyUSB1 5
1343846765 0 /dev/ttyUSB1 5
1343846772 0 /dev/ttyUSB1 5
1343846778 0 /dev/ttyUSB1 5
1343846784 0 /dev/ttyUSB1 5
1343846790 0 /dev/ttyUSB1 5
1343846796 0 /dev/ttyUSB1 5
1343846802 0 /dev/ttyUSB1 5
1343846808 0 /dev/ttyUSB1 5
1343846814 0 /dev/ttyUSB1 5
1343846827 0 /dev/ttyUSB1 5
1343846833 0 /dev/ttyUSB1 5
1343846839 0 /dev/ttyUSB1 5
1343846845 0 /dev/ttyUSB1 5
1343846851 0 /dev/ttyUSB1 5
1343846857 0 /dev/ttyUSB1 5
1343846863 0 /dev/ttyUSB1 5
1343846869 0 /dev/ttyUSB1 5
1343846875 0 /dev/ttyUSB1 5
1343846881 0 /dev/ttyUSB1 5
1343846888 0 /dev/ttyUSB1 5
1343846900 0 /dev/ttyUSB1 5
1343846943 0 /dev/ttyUSB1 5
1343846949 0 /dev/ttyUSB1 5
1343846955 0 /dev/ttyUSB1 5
1343846961 0 /dev/ttyUSB1 5
1343846967 0 /dev/ttyUSB1 5
1343846973 0 /dev/ttyUSB1 5
1343846979 0 /dev/ttyUSB1 5
1343846985 0 /dev/ttyUSB1 5
1343846991 0 /dev/ttyUSB1 5
1343846997 0 /dev/ttyUSB1 5
1343847016 0 /dev/ttyUSB1 5
1343847028 0 /dev/ttyUSB1 5
1343847034 0 /dev/ttyUSB1 5
1343847040 0 /dev/ttyUSB1 5
1343847046 0 /dev/ttyUSB1 5
1343847052 0 /dev/ttyUSB1 5
1343847059 0 /dev/ttyUSB1 5
1343847065 0 /dev/ttyUSB1 5
1343847071 0 /dev/ttyUSB1 5
1343847077 0 /dev/ttyUSB1 5
1343847083 0 /dev/ttyUSB1 5
1343847089 0 /dev/ttyUSB1 5
1343847095 0 /dev/ttyUSB1 5
1343847101 0 /dev/ttyUSB1 5
1343847107 0 /dev/ttyUSB1 5
1343847113 0 /dev/ttyUSB1 5
1343847120 0 /dev/ttyUSB1 5
1343847132 0 /dev/ttyUSB1 5
1343847144 0 /dev/ttyUSB1 5
1343847150 0 /dev/ttyUSB1 5
1343847156 0 /dev/ttyUSB1 5
1343847162 0 /dev/ttyUSB1 5
1343847175 0 /dev/ttyUSB1 5
1343847181 0 /dev/ttyUSB1 5
1343847187 0 /dev/ttyUSB1 5
1343847193 0 /dev/ttyUSB1 5
1343847205 0 /dev/ttyUSB1 5
1343847211 0 /dev/ttyUSB1 5
1343847217 0 /dev/ttyUSB1 5
1343847229 0 /dev/ttyUSB1 5
1343847236 0 /dev/ttyUSB1 5
1343847242 0 /dev/ttyUSB1 5
1343847248 0 /dev/ttyUSB1 5
1343847254 0 /dev/ttyUSB1 5
1343847260 0 /dev/ttyUSB1 5
1343847284 0 /dev/ttyUSB1 5
1343847297 0 /dev/ttyUSB1 5
1343847303 0 /dev/ttyUSB1 5
1343847346 0 /dev/ttyUSB1 5
1343847352 0 /dev/ttyUSB1 5
1343847358 0 /dev/ttyUSB1 5
1343847364 0 /dev/ttyUSB1 5
1343847370 0 /dev/ttyUSB1 5
1343847376 0 /dev/ttyUSB1 5
1343847382 0 /dev/ttyUSB1 5
1343847388 0 /dev/ttyUSB1 5
1343847394 0 /dev/ttyUSB1 5
1343847400 0 /dev/ttyUSB1 5
1343847407 0 /dev/ttyUSB1 5
1343847413 0 /dev/ttyUSB1 5
1343847419 0 /dev/ttyUSB1 5
1343847431 0 /dev/ttyUSB1 5
1343847437 0 /dev/ttyUSB1 5
1343847443 0 /dev/ttyUSB1 5
1343847449 0 /dev/ttyUSB1 5
1343847455 0 /dev/ttyUSB1 5
1343847462 0 /dev/ttyUSB1 5
1343847468 0 /dev/ttyUSB1 5
1343847474 0 /dev/ttyUSB1 5
1343847480 0 /dev/ttyUSB1 5
1343847498 0 /dev/ttyUSB1 5
1343847504 0 /dev/ttyUSB1 5
1343847516 0 /dev/ttyUSB1 5
1343847523 0 /dev/ttyUSB1 5
1343847529 0 /dev/ttyUSB1 5
1343847535 0 /dev/ttyUSB1 5
1343847541 0 /dev/ttyUSB1 5
1343847547 0 /dev/ttyUSB1 5
1343847553 0 /dev/ttyUSB1 5
1343847559 0 /dev/ttyUSB1 5
1343847584 0 /dev/ttyUSB1 5
1343847590 0 /dev/ttyUSB1 5
1343847596 0 /dev/ttyUSB1 5
1343847602 0 /dev/ttyUSB1 5
1343847608 0 /dev/ttyUSB1 5
1343847614 0 /dev/ttyUSB1 5
1343847620 0 /dev/ttyUSB1 5
1343847632 0 /dev/ttyUSB1 5
1343847639 0 /dev/ttyUSB1 5
1343847645 0 /dev/ttyUSB1 5
1343847651 0 /dev/ttyUSB1 5
1343847657 0 /dev/ttyUSB1 5
1343847663 0 /dev/ttyUSB1 5
1343847669 0 /dev/ttyUSB1 5
1343847675 0 /dev/ttyUSB1 5
1343847681 0 /dev/ttyUSB1 5
1343847687 0 /dev/ttyUSB1 5
1343847694 0 /dev/ttyUSB1 5
1343847700 0 /dev/ttyUSB1 5
1343847706 0 /dev/ttyUSB1 5
1343847718 0 /dev/ttyUSB1 5
1343847724 0 /dev/ttyUSB1 5
1343847730 0 /dev/ttyUSB1 5
1343847736 0 /dev/ttyUSB1 5
1343847773 15 /dev/ttyUSB1 5
1343847779 15 /dev/ttyUSB1 5
1343847785 15 /dev/ttyUSB1 5
1343847791 16 /dev/ttyUSB1 5
1343847797 16 /dev/ttyUSB1 5
1343847803 16 /dev/ttyUSB1 5
1343847810 16 /dev/ttyUSB1 5
1343847816 16 /dev/ttyUSB1 5
1343847822 16 /dev/ttyUSB1 5
1343847834 16 /dev/ttyUSB1 5
1343847840 17 /dev/ttyUSB1 5
1343847846 16 /dev/ttyUSB1 5
1343847852 17 /dev/ttyUSB1 5
1343847858 17 /dev/ttyUSB1 5
1343847864 17 /dev/ttyUSB1 5
1343847871 17 /dev/ttyUSB1 5
1343847877 17 /dev/ttyUSB1 5
1343847883 17 /dev/ttyUSB1 5
1343847889 17 /dev/ttyUSB1 5
1343847895 17 /dev/ttyUSB1 5
1343847901 17 /dev/ttyUSB1 5
1343847907 17 /dev/ttyUSB1 5
1343847919 17 /dev/ttyUSB1 5
1343847926 17 /dev/ttyUSB1 5
1343847932 18 /dev/ttyUSB1 5
1343847938 17 /dev/ttyUSB1 5
1343847944 17 /dev/ttyUSB1 5
1343847950 17 /dev/ttyUSB1 5
1343847956 17 /dev/ttyUSB1 5
1343847962 17 /dev/ttyUSB1 5
1343847968 18 /dev/ttyUSB1 5
1343847974 18 /dev/ttyUSB1 5
1343847987 18 /dev/ttyUSB1 5
1343847993 18 /dev/ttyUSB1 5
1343847999 18 /dev/ttyUSB1 5
1343848005 17 /dev/ttyUSB1 5
1343848011 17 /dev/ttyUSB1 5
1343848017 17 /dev/ttyUSB1 5
1343848023 17 /dev/ttyUSB1 5
1343848035 18 /dev/ttyUSB1 5
1343848042 18 /dev/ttyUSB1 5
1343848048 17 /dev/ttyUSB1 5
1343848054 18 /dev/ttyUSB1 5
1343848060 17 /dev/ttyUSB1 5
1343848066 17 /dev/ttyUSB1 5
1343848072 18 /dev/ttyUSB1 5
1343848078 17 /dev/ttyUSB1 5
1343848084 17 /dev/ttyUSB1 5
1343848090 17 /dev/ttyUSB1 5
1343848096 17 /dev/ttyUSB1 5
1343848109 18 /dev/ttyUSB1 5
1343848121 18 /dev/ttyUSB1 5
1343848127 17 /dev/ttyUSB1 5
1343848133 18 /dev/ttyUSB1 5
1343848139 17 /dev/ttyUSB1 5
1343848145 18 /dev/ttyUSB1 5
1343848151 18 /dev/ttyUSB1 5
1343848158 18 /dev/ttyUSB1 5
1343848164 17 /dev/ttyUSB1 5
1343848170 17 /dev/ttyUSB1 5
1343848176 18 /dev/ttyUSB1 5
1343848182 17 /dev/ttyUSB1 5
1343848188 17 /dev/ttyUSB1 5
1343848194 17 /dev/ttyUSB1 5
1343848200 17 /dev/ttyUSB1 5
1343848206 18 /dev/ttyUSB1 5
1343848212 18 /dev/ttyUSB1 5
1343848219 17 /dev/ttyUSB1 5
1343848225 18 /dev/ttyUSB1 5
1343848237 17 /dev/ttyUSB1 5
1343848243 18 /dev/ttyUSB1 5
1343848249 17 /dev/ttyUSB1 5
1343848255 17 /dev/ttyUSB1 5
1343848261 17 /dev/ttyUSB1 5
1343848267 17 /dev/ttyUSB1 5
1343848274 17 /dev/ttyUSB1 5
1343848280 17 /dev/ttyUSB1 5
1343848286 17 /dev/ttyUSB1 5
1343848292 17 /dev/ttyUSB1 5
1343848298 17 /dev/ttyUSB1 5
1343848304 17 /dev/ttyUSB1 5
1343848310 17 /dev/ttyUSB1 5
1343848322 17 /dev/ttyUSB1 5
1343848328 17 /dev/ttyUSB1 5
1343848335 17 /dev/ttyUSB1 5
1343848341 17 /dev/ttyUSB1 5
1343848347 17 /dev/ttyUSB1 5
1343848353 17 /dev/ttyUSB1 5
1343848359 17 /dev/ttyUSB1 5
1343848365 17 /dev/ttyUSB1 5
1343848371 17 /dev/ttyUSB1 5
1343848377 17 /dev/ttyUSB1 5
1343848383 17 /dev/ttyUSB1 5
1343848390 17 /dev/ttyUSB1 5
1343848396 17 /dev/ttyUSB1 5
1343848408 18 /dev/ttyUSB1 5
1343848414 17 /dev/ttyUSB1 5
1343848426 17 /dev/ttyUSB1 5
1343848432 17 /dev/ttyUSB1 5
1343848438 17 /dev/ttyUSB1 5
1343848445 17 /dev/ttyUSB1 5
1343848451 17 /dev/ttyUSB1 5
1343848457 17 /dev/ttyUSB1 5
1343848463 17 /dev/ttyUSB1 5
1343848469 17 /dev/ttyUSB1 5
1343848475 17 /dev/ttyUSB1 5
1343848481 17 /dev/ttyUSB1 5
1343848487 17 /dev/ttyUSB1 5
1343848493 17 /dev/ttyUSB1 5
1343848499 17 /dev/ttyUSB1 5
1343848506 17 /dev/ttyUSB1 5
1343848512 17 /dev/ttyUSB1 5
1343848524 17 /dev/ttyUSB1 5
1343848530 17 /dev/ttyUSB1 5
1343848536 17 /dev/ttyUSB1 5
1343848542 17 /dev/ttyUSB1 5
1343848548 17 /dev/ttyUSB1 5
1343848554 17 /dev/ttyUSB1 5
1343848561 17 /dev/ttyUSB1 5
1343848567 17 /dev/ttyUSB1 5
1343848597 17 /dev/ttyUSB1 5
1343848615 17 /dev/ttyUSB1 5
1343848622 17 /dev/ttyUSB1 5
1343848628 17 /dev/ttyUSB1 5
1343848634 17 /dev/ttyUSB1 5
1343848640 17 /dev/ttyUSB1 5
1343848646 17 /dev/ttyUSB1 5
1343848652 18 /dev/ttyUSB1 5
1343848658 17 /dev/ttyUSB1 5
1343848670 17 /dev/ttyUSB1 5
1343848677 17 /dev/ttyUSB1 5
1343848683 17 /dev/ttyUSB1 5
1343848689 18 /dev/ttyUSB1 5
1343848695 17 /dev/ttyUSB1 5
1343848701 17 /dev/ttyUSB1 5
1343848707 17 /dev/ttyUSB1 5
1343848713 17 /dev/ttyUSB1 5
1343848725 17 /dev/ttyUSB1 5
1343848731 17 /dev/ttyUSB1 5
1343848738 17 /dev/ttyUSB1 5
1343848744 17 /dev/ttyUSB1 5
1343848750 17 /dev/ttyUSB1 5
1343848756 17 /dev/ttyUSB1 5
1343848762 17 /dev/ttyUSB1 5
1343848768 17 /dev/ttyUSB1 5
1343848774 17 /dev/ttyUSB1 5
1343848780 17 /dev/ttyUSB1 5
1343848786 17 /dev/ttyUSB1 5
1343848793 17 /dev/ttyUSB1 5
1343848799 17 /dev/ttyUSB1 5
1343848811 17 /dev/ttyUSB1 5
1343848817 17 /dev/ttyUSB1 5
1343848823 17 /dev/ttyUSB1 5
1343848829 17 /dev/ttyUSB1 5
1343848835 17 /dev/ttyUSB1 5
1343848841 17 /dev/ttyUSB1 5
1343848854 17 /dev/ttyUSB1 5
1343848860 17 /dev/ttyUSB1 5
1343848866 17 /dev/ttyUSB1 5
1343848872 17 /dev/ttyUSB1 5
1343848878 17 /dev/ttyUSB1 5
1343848884 17 /dev/ttyUSB1 5
1343848890 17 /dev/ttyUSB1 5
1343848896 17 /dev/ttyUSB1 5
1343848902 17 /dev/ttyUSB1 5
1343848927 18 /dev/ttyUSB1 5
1343848933 17 /dev/ttyUSB1 5
1343848939 17 /dev/ttyUSB1 5
1343848945 17 /dev/ttyUSB1 5
1343848951 17 /dev/ttyUSB1 5
1343848957 17 /dev/ttyUSB1 5
1343848963 17 /dev/ttyUSB1 5
1343848970 17 /dev/ttyUSB1 5
1343848976 17 /dev/ttyUSB1 5
1343848982 17 /dev/ttyUSB1 5
1343848988 17 /dev/ttyUSB1 5
1343848994 17 /dev/ttyUSB1 5
1343849000 17 /dev/ttyUSB1 5
1343849012 17 /dev/ttyUSB1 5
1343849018 17 /dev/ttyUSB1 5
1343849025 17 /dev/ttyUSB1 5
1343849031 17 /dev/ttyUSB1 5
1343849037 17 /dev/ttyUSB1 5
1343849043 17 /dev/ttyUSB1 5
1343849049 17 /dev/ttyUSB1 5
1343849055 17 /dev/ttyUSB1 5
1343849061 17 /dev/ttyUSB1 5
1343849067 17 /dev/ttyUSB1 5
1343849073 17 /dev/ttyUSB1 5
1343849079 17 /dev/ttyUSB1 5
1343849086 17 /dev/ttyUSB1 5
1343849092 17 /dev/ttyUSB1 5
1343849098 17 /dev/ttyUSB1 5
1343849104 17 /dev/ttyUSB1 5
1343849110 17 /dev/ttyUSB1 5
1343849134 17 /dev/ttyUSB1 5
1343849141 17 /dev/ttyUSB1 5
1343849147 17 /dev/ttyUSB1 5
1343849153 17 /dev/ttyUSB1 5
1343849159 17 /dev/ttyUSB1 5
1343849165 17 /dev/ttyUSB1 5
1343849171 17 /dev/ttyUSB1 5
1343849177 17 /dev/ttyUSB1 5
1343849183 17 /dev/ttyUSB1 5
1343849189 17 /dev/ttyUSB1 5
1343849195 17 /dev/ttyUSB1 5
1343849202 17 /dev/ttyUSB1 5
1343849214 17 /dev/ttyUSB1 5
1343849220 17 /dev/ttyUSB1 5
1343849226 17 /dev/ttyUSB1 5
1343849232 17 /dev/ttyUSB1 5
1343849238 17 /dev/ttyUSB1 5
1343849244 17 /dev/ttyUSB1 5
1343849250 17 /dev/ttyUSB1 5
1343849257 18 /dev/ttyUSB1 5
1343849263 17 /dev/ttyUSB1 5
1343849269 17 /dev/ttyUSB1 5
1343849275 17 /dev/ttyUSB1 5
1343849281 17 /dev/ttyUSB1 5
1343849287 17 /dev/ttyUSB1 5
1343849293 17 /dev/ttyUSB1 5
1343849299 18 /dev/ttyUSB1 5
1343849311 17 /dev/ttyUSB1 5
1343849318 17 /dev/ttyUSB1 5
1343849336 17 /dev/ttyUSB1 5
1343849348 17 /dev/ttyUSB1 5
1343849354 17 /dev/ttyUSB1 5
1343849360 17 /dev/ttyUSB1 5
1343849366 17 /dev/ttyUSB1 5
1343849373 17 /dev/ttyUSB1 5
1343849379 17 /dev/ttyUSB1 5
1343849385 17 /dev/ttyUSB1 5
1343849391 17 /dev/ttyUSB1 5
1343849397 17 /dev/ttyUSB1 5
1343849427 17 /dev/ttyUSB1 5
1343849434 17 /dev/ttyUSB1 5
1343849440 17 /dev/ttyUSB1 5
1343849446 17 /dev/ttyUSB1 5
1343849452 17 /dev/ttyUSB1 5
1343849458 17 /dev/ttyUSB1 5
1343849464 17 /dev/ttyUSB1 5
1343849470 17 /dev/ttyUSB1 5
1343849476 17 /dev/ttyUSB1 5
1343849482 17 /dev/ttyUSB1 5
1343849489 17 /dev/ttyUSB1 5
1343849495 17 /dev/ttyUSB1 5
1343849501 17 /dev/ttyUSB1 5
1343849507 17 /dev/ttyUSB1 5
1343849513 17 /dev/ttyUSB1 5
1343849519 17 /dev/ttyUSB1 5
1343849531 17 /dev/ttyUSB1 5
1343849537 17 /dev/ttyUSB1 5
1343849543 17 /dev/ttyUSB1 5
1343849550 17 /dev/ttyUSB1 5
1343849556 17 /dev/ttyUSB1 5
1343849562 17 /dev/ttyUSB1 5
1343849568 17 /dev/ttyUSB1 5
1343849574 17 /dev/ttyUSB1 5
1343849580 17 /dev/ttyUSB1 5
1343849586 17 /dev/ttyUSB1 5
1343849592 17 /dev/ttyUSB1 5
1343849605 17 /dev/ttyUSB1 5
1343849617 17 /dev/ttyUSB1 5
1343849623 17 /dev/ttyUSB1 5
1343849629 17 /dev/ttyUSB1 5
1343849635 17 /dev/ttyUSB1 5
1343849641 17 /dev/ttyUSB1 5
1343849647 17 /dev/ttyUSB1 5
1343849653 17 /dev/ttyUSB1 5
1343849659 17 /dev/ttyUSB1 5
1343849666 17 /dev/ttyUSB1 5
1343849672 17 /dev/ttyUSB1 5
1343849678 17 /dev/ttyUSB1 5
1343849684 17 /dev/ttyUSB1 5
1343849690 16 /dev/ttyUSB1 5
1343849696 17 /dev/ttyUSB1 5
1343849702 17 /dev/ttyUSB1 5
1343849708 17 /dev/ttyUSB1 5
1343849733 17 /dev/ttyUSB1 5
1343849751 17 /dev/ttyUSB1 5
1343849757 16 /dev/ttyUSB1 5
1343849763 17 /dev/ttyUSB1 5
1343849769 17 /dev/ttyUSB1 5
1343849775 17 /dev/ttyUSB1 5
1343849782 17 /dev/ttyUSB1 5
1343849788 18 /dev/ttyUSB1 5
1343849794 17 /dev/ttyUSB1 5
1343849800 18 /dev/ttyUSB1 5
1343849806 17 /dev/ttyUSB1 5
1343849818 17 /dev/ttyUSB1 5
1343849824 17 /dev/ttyUSB1 5
1343849830 17 /dev/ttyUSB1 5
1343849837 17 /dev/ttyUSB1 5
1343849843 17 /dev/ttyUSB1 5
1343849849 17 /dev/ttyUSB1 5
1343849855 17 /dev/ttyUSB1 5
1343849861 17 /dev/ttyUSB1 5
1343849867 17 /dev/ttyUSB1 5
1343849873 17 /dev/ttyUSB1 5
1343849879 17 /dev/ttyUSB1 5
1343849904 17 /dev/ttyUSB1 5
1343849910 17 /dev/ttyUSB1 5
1343849916 17 /dev/ttyUSB1 5
1343849922 17 /dev/ttyUSB1 5
1343849934 17 /dev/ttyUSB1 5
1343849946 17 /dev/ttyUSB1 5
1343849959 17 /dev/ttyUSB1 5
1343849965 17 /dev/ttyUSB1 5
1343849971 17 /dev/ttyUSB1 5
1343849977 18 /dev/ttyUSB1 5
1343849983 17 /dev/ttyUSB1 5
1343849989 17 /dev/ttyUSB1 5
1343849995 17 /dev/ttyUSB1 5
1343850001 17 /dev/ttyUSB1 5
1343850008 17 /dev/ttyUSB1 5
1343850020 17 /dev/ttyUSB1 5
1343850026 17 /dev/ttyUSB1 5
1343850032 17 /dev/ttyUSB1 5
1343850038 17 /dev/ttyUSB1 5
1343850044 17 /dev/ttyUSB1 5
1343850050 17 /dev/ttyUSB1 5
1343850056 17 /dev/ttyUSB1 5
1343850062 17 /dev/ttyUSB1 5
1343850069 17 /dev/ttyUSB1 5
1343850075 17 /dev/ttyUSB1 5
1343850081 17 /dev/ttyUSB1 5
1343850087 17 /dev/ttyUSB1 5
1343850093 17 /dev/ttyUSB1 5
1343850099 17 /dev/ttyUSB1 5
1343850105 17 /dev/ttyUSB1 5
1343850111 17 /dev/ttyUSB1 5
1343850117 17 /dev/ttyUSB1 5
1343850124 17 /dev/ttyUSB1 5
1343850136 17 /dev/ttyUSB1 5
1343850142 18 /dev/ttyUSB1 5
1343850148 17 /dev/ttyUSB1 5
1343850154 17 /dev/ttyUSB1 5
1343850160 17 /dev/ttyUSB1 5
1343850166 17 /dev/ttyUSB1 5
1343850172 17 /dev/ttyUSB1 5
1343850178 17 /dev/ttyUSB1 5
1343850185 17 /dev/ttyUSB1 5
1343850191 17 /dev/ttyUSB1 5
1343850197 17 /dev/ttyUSB1 5
1343850209 17 /dev/ttyUSB1 5
1343850221 17 /dev/ttyUSB1 5
1343850227 17 /dev/ttyUSB1 5
1343850233 17 /dev/ttyUSB1 5
1343850240 17 /dev/ttyUSB1 5
1343850246 17 /dev/ttyUSB1 5
1343850252 17 /dev/ttyUSB1 5
1343850258 17 /dev/ttyUSB1 5
1343850264 17 /dev/ttyUSB1 5
1343850270 17 /dev/ttyUSB1 5
1343850282 17 /dev/ttyUSB1 5
1343850288 17 /dev/ttyUSB1 5
1343850294 17 /dev/ttyUSB1 5
1343850301 17 /dev/ttyUSB1 5
1343850307 17 /dev/ttyUSB1 5
1343850313 17 /dev/ttyUSB1 5
1343850319 17 /dev/ttyUSB1 5
1343850325 17 /dev/ttyUSB1 5
1343850337 17 /dev/ttyUSB1 5
1343850343 17 /dev/ttyUSB1 5
1343850349 17 /dev/ttyUSB1 5
1343850356 17 /dev/ttyUSB1 5
1343850362 17 /dev/ttyUSB1 5
1343850368 17 /dev/ttyUSB1 5
1343850374 17 /dev/ttyUSB1 5
1343850380 17 /dev/ttyUSB1 5
1343850410 17 /dev/ttyUSB1 5
1343850423 17 /dev/ttyUSB1 5
1343850429 17 /dev/ttyUSB1 5
1343850435 17 /dev/ttyUSB1 5
1343850441 17 /dev/ttyUSB1 5
1343850447 17 /dev/ttyUSB1 5
1343850453 17 /dev/ttyUSB1 5
1343850459 17 /dev/ttyUSB1 5
1343850465 17 /dev/ttyUSB1 5
1343850472 17 /dev/ttyUSB1 5
1343850478 17 /dev/ttyUSB1 5
1343850484 17 /dev/ttyUSB1 5
1343850490 17 /dev/ttyUSB1 5
1343850496 17 /dev/ttyUSB1 5
1343850502 17 /dev/ttyUSB1 5
1343850508 17 /dev/ttyUSB1 5
1343850520 17 /dev/ttyUSB1 5
1343850526 17 /dev/ttyUSB1 5
1343850539 17 /dev/ttyUSB1 5
1343850545 17 /dev/ttyUSB1 5
1343850551 17 /dev/ttyUSB1 5
1343850557 18 /dev/ttyUSB1 5
1343850563 17 /dev/ttyUSB1 5
1343850569 17 /dev/ttyUSB1 5
1343850575 17 /dev/ttyUSB1 5
1343850581 17 /dev/ttyUSB1 5
1343850588 16 /dev/ttyUSB1 5
1343850600 17 /dev/ttyUSB1 5
1343850612 17 /dev/ttyUSB1 5
1343850624 17 /dev/ttyUSB1 5
1343850630 17 /dev/ttyUSB1 5
1343850636 17 /dev/ttyUSB1 5
1343850642 17 /dev/ttyUSB1 5
1343850649 17 /dev/ttyUSB1 5
1343850655 17 /dev/ttyUSB1 5
1343850679 17 /dev/ttyUSB1 5
1343850685 17 /dev/ttyUSB1 5
1343850691 17 /dev/ttyUSB1 5
1343850697 17 /dev/ttyUSB1 5
1343850704 17 /dev/ttyUSB1 5
1343850710 17 /dev/ttyUSB1 5
1343850716 18 /dev/ttyUSB1 5
1343850722 17 /dev/ttyUSB1 5
1343850728 17 /dev/ttyUSB1 5
1343850740 17 /dev/ttyUSB1 5
1343850746 17 /dev/ttyUSB1 5
1343850752 17 /dev/ttyUSB1 5
1343850758 17 /dev/ttyUSB1 5
1343850765 17 /dev/ttyUSB1 5
1343850771 17 /dev/ttyUSB1 5
1343850777 17 /dev/ttyUSB1 5
1343850783 17 /dev/ttyUSB1 5
1343850789 17 /dev/ttyUSB1 5
1343850795 17 /dev/ttyUSB1 5
1343850807 17 /dev/ttyUSB1 5
1343850813 17 /dev/ttyUSB1 5
1343850838 17 /dev/ttyUSB1 5
1343850844 17 /dev/ttyUSB1 5
1343850850 17 /dev/ttyUSB1 5
1343850856 18 /dev/ttyUSB1 5
1343850862 17 /dev/ttyUSB1 5
1343850868 17 /dev/ttyUSB1 5
1343850874 17 /dev/ttyUSB1 5
1343850881 17 /dev/ttyUSB1 5
1343850887 17 /dev/ttyUSB1 5
1343850893 17 /dev/ttyUSB1 5
1343850899 17 /dev/ttyUSB1 5
1343850911 17 /dev/ttyUSB1 5
1343850917 17 /dev/ttyUSB1 5
1343850923 17 /dev/ttyUSB1 5
1343850929 17 /dev/ttyUSB1 5
1343850936 17 /dev/ttyUSB1 5
1343850942 17 /dev/ttyUSB1 5
1343850948 17 /dev/ttyUSB1 5
1343850954 17 /dev/ttyUSB1 5
1343850960 17 /dev/ttyUSB1 5
1343850966 17 /dev/ttyUSB1 5
1343851058 17 /dev/ttyUSB1 5
1343851064 17 /dev/ttyUSB1 5
1343851070 18 /dev/ttyUSB1 5
1343851076 17 /dev/ttyUSB1 5
1343851082 17 /dev/ttyUSB1 5
1343851088 17 /dev/ttyUSB1 5
1343851094 17 /dev/ttyUSB1 5
1343851100 17 /dev/ttyUSB1 5
1343851113 17 /dev/ttyUSB1 5
1343851119 17 /dev/ttyUSB1 5
1343851125 17 /dev/ttyUSB1 5
1343851131 17 /dev/ttyUSB1 5
1343851137 17 /dev/ttyUSB1 5
1343851143 17 /dev/ttyUSB1 5
1343851149 17 /dev/ttyUSB1 5
1343851155 17 /dev/ttyUSB1 5
1343851174 17 /dev/ttyUSB1 5
1343851180 17 /dev/ttyUSB1 5
1343851186 17 /dev/ttyUSB1 5
1343851192 17 /dev/ttyUSB1 5
1343851216 18 /dev/ttyUSB1 5
1343851229 17 /dev/ttyUSB1 5
1343851235 17 /dev/ttyUSB1 5
1343851241 17 /dev/ttyUSB1 5
1343851247 17 /dev/ttyUSB1 5
1343851253 17 /dev/ttyUSB1 5
1343851259 17 /dev/ttyUSB1 5
1343851265 17 /dev/ttyUSB1 5
1343851271 17 /dev/ttyUSB1 5
1343851277 17 /dev/ttyUSB1 5
1343851284 17 /dev/ttyUSB1 5
1343851290 17 /dev/ttyUSB1 5
1343851296 17 /dev/ttyUSB1 5
1343851302 17 /dev/ttyUSB1 5
1343851314 17 /dev/ttyUSB1 5
1343851320 17 /dev/ttyUSB1 5
1343851326 17 /dev/ttyUSB1 5
1343851332 17 /dev/ttyUSB1 5
1343851339 17 /dev/ttyUSB1 5
1343851345 17 /dev/ttyUSB1 5
1343851351 17 /dev/ttyUSB1 5
1343851357 17 /dev/ttyUSB1 5
1343851363 17 /dev/ttyUSB1 5
1343851369 17 /dev/ttyUSB1 5
1343851375 17 /dev/ttyUSB1 5
1343851381 17 /dev/ttyUSB1 5
1343851387 16 /dev/ttyUSB1 5
1343851393 17 /dev/ttyUSB1 5
1343851400 17 /dev/ttyUSB1 5
1343851406 17 /dev/ttyUSB1 5
1343851412 17 /dev/ttyUSB1 5
1343851418 17 /dev/ttyUSB1 5
1343851430 17 /dev/ttyUSB1 5
1343851436 17 /dev/ttyUSB1 5
1343851442 17 /dev/ttyUSB1 5
1343851448 17 /dev/ttyUSB1 5
1343851455 17 /dev/ttyUSB1 5
1343851461 17 /dev/ttyUSB1 5
1343851467 17 /dev/ttyUSB1 5
1343851473 17 /dev/ttyUSB1 5
1343851479 17 /dev/ttyUSB1 5
1343851485 17 /dev/ttyUSB1 5
1343851491 17 /dev/ttyUSB1 5
1343851528 17 /dev/ttyUSB1 5
1343851534 17 /dev/ttyUSB1 5
1343851540 17 /dev/ttyUSB1 5
1343851546 17 /dev/ttyUSB1 5
1343851552 17 /dev/ttyUSB1 5
1343851558 17 /dev/ttyUSB1 5
1343851564 16 /dev/ttyUSB1 5
1343851571 17 /dev/ttyUSB1 5
1343851577 17 /dev/ttyUSB1 5
1343851583 16 /dev/ttyUSB1 5
1343851589 17 /dev/ttyUSB1 5
1343851601 17 /dev/ttyUSB1 5
1343851607 17 /dev/ttyUSB1 5
1343851613 17 /dev/ttyUSB1 5
1343851619 17 /dev/ttyUSB1 5
1343851632 17 /dev/ttyUSB1 5
1343851638 17 /dev/ttyUSB1 5
1343851644 17 /dev/ttyUSB1 5
1343851650 17 /dev/ttyUSB1 5
1343851656 17 /dev/ttyUSB1 5
1343851662 17 /dev/ttyUSB1 5
1343851668 17 /dev/ttyUSB1 5
1343851674 17 /dev/ttyUSB1 5
1343851680 17 /dev/ttyUSB1 5
1343851687 17 /dev/ttyUSB1 5
1343851693 17 /dev/ttyUSB1 5
1343851699 17 /dev/ttyUSB1 5
1343851717 17 /dev/ttyUSB1 5
1343851723 17 /dev/ttyUSB1 5
1343851729 17 /dev/ttyUSB1 5
1343851735 17 /dev/ttyUSB1 5
1343851741 17 /dev/ttyUSB1 5
1343851748 17 /dev/ttyUSB1 5
1343851754 18 /dev/ttyUSB1 5
1343851772 17 /dev/ttyUSB1 5
1343851778 17 /dev/ttyUSB1 5
1343851784 17 /dev/ttyUSB1 5
1343851790 17 /dev/ttyUSB1 5
1343851803 17 /dev/ttyUSB1 5
1343851809 17 /dev/ttyUSB1 5
1343851815 17 /dev/ttyUSB1 5
1343851821 17 /dev/ttyUSB1 5
1343851833 17 /dev/ttyUSB1 5
1343851839 17 /dev/ttyUSB1 5
1343851845 17 /dev/ttyUSB1 5
1343851851 17 /dev/ttyUSB1 5
1343851857 17 /dev/ttyUSB1 5
1343851864 17 /dev/ttyUSB1 5
1343851870 17 /dev/ttyUSB1 5
1343851876 17 /dev/ttyUSB1 5
1343851882 17 /dev/ttyUSB1 5
1343851888 17 /dev/ttyUSB1 5
1343851894 17 /dev/ttyUSB1 5
1343851900 17 /dev/ttyUSB1 5
1343851919 17 /dev/ttyUSB1 5
1343851925 17 /dev/ttyUSB1 5
1343851931 17 /dev/ttyUSB1 5
1343851937 17 /dev/ttyUSB1 5
1343851943 17 /dev/ttyUSB1 5
1343851949 17 /dev/ttyUSB1 5
1343851955 17 /dev/ttyUSB1 5
1343851961 17 /dev/ttyUSB1 5
1343851967 17 /dev/ttyUSB1 5
1343851973 17 /dev/ttyUSB1 5
1343852010 17 /dev/ttyUSB1 5
1343852016 17 /dev/ttyUSB1 5
1343852022 17 /dev/ttyUSB1 5
1343852035 17 /dev/ttyUSB1 5
1343852041 17 /dev/ttyUSB1 5
1343852047 17 /dev/ttyUSB1 5
1343852053 17 /dev/ttyUSB1 5
1343852059 17 /dev/ttyUSB1 5
1343852065 17 /dev/ttyUSB1 5
1343852071 17 /dev/ttyUSB1 5
1343852077 17 /dev/ttyUSB1 5
1343852083 17 /dev/ttyUSB1 5
1343852089 17 /dev/ttyUSB1 5
1343852120 17 /dev/ttyUSB1 5
1343852126 17 /dev/ttyUSB1 5
1343852132 17 /dev/ttyUSB1 5
1343852138 17 /dev/ttyUSB1 5
1343852144 16 /dev/ttyUSB1 5
1343852151 17 /dev/ttyUSB1 5
1343852157 17 /dev/ttyUSB1 5
1343852163 17 /dev/ttyUSB1 5
1343852169 17 /dev/ttyUSB1 5
1343852175 17 /dev/ttyUSB1 5
1343852181 17 /dev/ttyUSB1 5
1343852187 17 /dev/ttyUSB1 5
1343852193 17 /dev/ttyUSB1 5
1343852205 17 /dev/ttyUSB1 5
1343852236 17 /dev/ttyUSB1 5
1343852242 17 /dev/ttyUSB1 5
1343852248 17 /dev/ttyUSB1 5
1343852254 17 /dev/ttyUSB1 5
1343852260 17 /dev/ttyUSB1 5
1343852267 17 /dev/ttyUSB1 5
1343852279 17 /dev/ttyUSB1 5
1343852285 17 /dev/ttyUSB1 5
1343852291 17 /dev/ttyUSB1 5
1343852297 17 /dev/ttyUSB1 5
1343852303 17 /dev/ttyUSB1 5
1343852309 17 /dev/ttyUSB1 5
1343852321 17 /dev/ttyUSB1 5
1343852328 17 /dev/ttyUSB1 5
1343852334 17 /dev/ttyUSB1 5
1343852340 17 /dev/ttyUSB1 5
1343852346 17 /dev/ttyUSB1 5
1343852352 17 /dev/ttyUSB1 5
1343852358 17 /dev/ttyUSB1 5
1343852364 17 /dev/ttyUSB1 5
1343852370 17 /dev/ttyUSB1 5
1343852376 17 /dev/ttyUSB1 5
1343852383 17 /dev/ttyUSB1 5
1343852389 17 /dev/ttyUSB1 5
1343852395 17 /dev/ttyUSB1 5
1343852407 17 /dev/ttyUSB1 5
1343852413 17 /dev/ttyUSB1 5
1343852419 18 /dev/ttyUSB1 5
1343852425 17 /dev/ttyUSB1 5
1343852431 17 /dev/ttyUSB1 5
1343852437 17 /dev/ttyUSB1 5
1343852444 17 /dev/ttyUSB1 5
1343852450 17 /dev/ttyUSB1 5
1343852456 17 /dev/ttyUSB1 5
1343852462 17 /dev/ttyUSB1 5
1343852468 17 /dev/ttyUSB1 5
1343852480 17 /dev/ttyUSB1 5
1343852486 17 /dev/ttyUSB1 5
1343852492 17 /dev/ttyUSB1 5
1343852499 17 /dev/ttyUSB1 5
1343852523 17 /dev/ttyUSB1 5
1343852529 17 /dev/ttyUSB1 5
1343852535 17 /dev/ttyUSB1 5
1343852541 17 /dev/ttyUSB1 5
1343852547 17 /dev/ttyUSB1 5
1343852553 17 /dev/ttyUSB1 5
1343852560 17 /dev/ttyUSB1 5
1343852566 17 /dev/ttyUSB1 5
1343852572 17 /dev/ttyUSB1 5
1343852578 17 /dev/ttyUSB1 5
1343852584 17 /dev/ttyUSB1 5
1343852590 17 /dev/ttyUSB1 5
1343852596 17 /dev/ttyUSB1 5
1343852608 18 /dev/ttyUSB1 5
1343852615 17 /dev/ttyUSB1 5
1343852621 17 /dev/ttyUSB1 5
1343852627 17 /dev/ttyUSB1 5
1343852633 17 /dev/ttyUSB1 5
1343852639 17 /dev/ttyUSB1 5
1343852645 17 /dev/ttyUSB1 5
1343852651 17 /dev/ttyUSB1 5
1343852657 17 /dev/ttyUSB1 5
1343852663 17 /dev/ttyUSB1 5
1343852670 17 /dev/ttyUSB1 5
1343852676 17 /dev/ttyUSB1 5
1343852682 17 /dev/ttyUSB1 5
1343852688 17 /dev/ttyUSB1 5
1343852694 17 /dev/ttyUSB1 5
1343852700 18 /dev/ttyUSB1 5
1343852706 17 /dev/ttyUSB1 5
1343852712 17 /dev/ttyUSB1 5
1343852743 17 /dev/ttyUSB1 5
1343852749 17 /dev/ttyUSB1 5
1343852755 17 /dev/ttyUSB1 5
1343852761 17 /dev/ttyUSB1 5
1343852767 17 /dev/ttyUSB1 5
1343852773 17 /dev/ttyUSB1 5
1343852779 17 /dev/ttyUSB1 5
1343852786 17 /dev/ttyUSB1 5
1343852792 17 /dev/ttyUSB1 5
1343852798 17 /dev/ttyUSB1 5
1343852810 17 /dev/ttyUSB1 5
1343852816 18 /dev/ttyUSB1 5
1343852822 17 /dev/ttyUSB1 5
1343852828 17 /dev/ttyUSB1 5
1343852834 17 /dev/ttyUSB1 5
1343852840 17 /dev/ttyUSB1 5
1343852847 17 /dev/ttyUSB1 5
1343852853 17 /dev/ttyUSB1 5
1343852859 17 /dev/ttyUSB1 5
1343852865 17 /dev/ttyUSB1 5
1343852871 17 /dev/ttyUSB1 5
1343852877 17 /dev/ttyUSB1 5
1343852895 17 /dev/ttyUSB1 5
1343852902 17 /dev/ttyUSB1 5
1343852908 17 /dev/ttyUSB1 5
1343852914 17 /dev/ttyUSB1 5
1343852920 17 /dev/ttyUSB1 5
1343852926 17 /dev/ttyUSB1 5
1343852932 17 /dev/ttyUSB1 5
1343852938 17 /dev/ttyUSB1 5
1343852944 17 /dev/ttyUSB1 5
1343852950 17 /dev/ttyUSB1 5
1343852956 17 /dev/ttyUSB1 5
1343852963 17 /dev/ttyUSB1 5
1343852969 17 /dev/ttyUSB1 5
1343852975 17 /dev/ttyUSB1 5
1343852981 18 /dev/ttyUSB1 5
1343852987 17 /dev/ttyUSB1 5
1343852993 17 /dev/ttyUSB1 5
1343852999 17 /dev/ttyUSB1 5
1343853011 17 /dev/ttyUSB1 5
1343853018 17 /dev/ttyUSB1 5
1343853024 17 /dev/ttyUSB1 5
1343853030 17 /dev/ttyUSB1 5
1343853036 18 /dev/ttyUSB1 5
1343853042 17 /dev/ttyUSB1 5
1343853048 17 /dev/ttyUSB1 5
1343853054 17 /dev/ttyUSB1 5
1343853060 17 /dev/ttyUSB1 5
1343853066 17 /dev/ttyUSB1 5
1343853072 17 /dev/ttyUSB1 5
1343853079 17 /dev/ttyUSB1 5
1343853085 17 /dev/ttyUSB1 5
1343853097 17 /dev/ttyUSB1 5
1343853103 17 /dev/ttyUSB1 5
1343853109 17 /dev/ttyUSB1 5
1343853115 17 /dev/ttyUSB1 5
1343853121 17 /dev/ttyUSB1 5
1343853127 17 /dev/ttyUSB1 5
1343853134 17 /dev/ttyUSB1 5
1343853140 17 /dev/ttyUSB1 5
1343853146 17 /dev/ttyUSB1 5
1343853152 17 /dev/ttyUSB1 5
1343853158 17 /dev/ttyUSB1 5
1343853164 18 /dev/ttyUSB1 5
1343853170 17 /dev/ttyUSB1 5
1343853176 17 /dev/ttyUSB1 5
1343853182 17 /dev/ttyUSB1 5
1343853188 17 /dev/ttyUSB1 5
1343853195 17 /dev/ttyUSB1 5
1343853201 17 /dev/ttyUSB1 5
1343853213 17 /dev/ttyUSB1 5
1343853219 17 /dev/ttyUSB1 5
1343853225 17 /dev/ttyUSB1 5
1343853231 17 /dev/ttyUSB1 5
1343853237 17 /dev/ttyUSB1 5
1343853243 17 /dev/ttyUSB1 5
1343853250 17 /dev/ttyUSB1 5
1343853256 17 /dev/ttyUSB1 5
1343853262 17 /dev/ttyUSB1 5
1343853268 17 /dev/ttyUSB1 5
1343853274 17 /dev/ttyUSB1 5
1343853280 17 /dev/ttyUSB1 5
1343853286 17 /dev/ttyUSB1 5
1343853341 17 /dev/ttyUSB1 5
1343853347 17 /dev/ttyUSB1 5
1343853353 17 /dev/ttyUSB1 5
1343853359 17 /dev/ttyUSB1 5
1343853366 17 /dev/ttyUSB1 5
1343853372 17 /dev/ttyUSB1 5
1343853378 17 /dev/ttyUSB1 5
1343853384 17 /dev/ttyUSB1 5
1343853390 17 /dev/ttyUSB1 5
1343853396 17 /dev/ttyUSB1 5
1343853402 17 /dev/ttyUSB1 5
1343853414 17 /dev/ttyUSB1 5
1343853420 17 /dev/ttyUSB1 5
1343853427 17 /dev/ttyUSB1 5
1343853433 17 /dev/ttyUSB1 5
1343853439 17 /dev/ttyUSB1 5
1343853445 17 /dev/ttyUSB1 5
1343853451 17 /dev/ttyUSB1 5
1343853457 17 /dev/ttyUSB1 5
1343853463 17 /dev/ttyUSB1 5
1343853469 17 /dev/ttyUSB1 5
1343853475 17 /dev/ttyUSB1 5
1343853482 17 /dev/ttyUSB1 5
1343853488 17 /dev/ttyUSB1 5
1343853500 17 /dev/ttyUSB1 5
1343853506 17 /dev/ttyUSB1 5
1343853524 17 /dev/ttyUSB1 5
1343853530 17 /dev/ttyUSB1 5
1343853536 16 /dev/ttyUSB1 5
1343853543 17 /dev/ttyUSB1 5
1343853549 17 /dev/ttyUSB1 5
1343853555 17 /dev/ttyUSB1 5
1343853561 17 /dev/ttyUSB1 5
1343853567 17 /dev/ttyUSB1 5
1343853573 17 /dev/ttyUSB1 5
1343853579 17 /dev/ttyUSB1 5
1343853591 17 /dev/ttyUSB1 5
1343853598 17 /dev/ttyUSB1 5
1343853604 17 /dev/ttyUSB1 5
1343853616 17 /dev/ttyUSB1 5
1343853652 17 /dev/ttyUSB1 5
1343853659 17 /dev/ttyUSB1 5
1343853665 17 /dev/ttyUSB1 5
1343853671 17 /dev/ttyUSB1 5
1343853677 17 /dev/ttyUSB1 5
1343853683 17 /dev/ttyUSB1 5
1343853689 17 /dev/ttyUSB1 5
1343853701 17 /dev/ttyUSB1 5
1343853707 17 /dev/ttyUSB1 5
1343853714 17 /dev/ttyUSB1 5
1343853720 17 /dev/ttyUSB1 5
1343853726 17 /dev/ttyUSB1 5
1343853732 17 /dev/ttyUSB1 5
1343853738 17 /dev/ttyUSB1 5
1343853744 17 /dev/ttyUSB1 5
1343853775 18 /dev/ttyUSB1 5
1343853781 17 /dev/ttyUSB1 5
1343853787 17 /dev/ttyUSB1 5
1343853793 17 /dev/ttyUSB1 5
1343853799 17 /dev/ttyUSB1 5
1343853805 17 /dev/ttyUSB1 5
1343853823 17 /dev/ttyUSB1 5
1343853830 17 /dev/ttyUSB1 5
1343853836 17 /dev/ttyUSB1 5
1343853842 17 /dev/ttyUSB1 5
1343853848 17 /dev/ttyUSB1 5
1343853854 18 /dev/ttyUSB1 5
1343853860 17 /dev/ttyUSB1 5
1343853866 17 /dev/ttyUSB1 5
1343853872 17 /dev/ttyUSB1 5
1343853878 17 /dev/ttyUSB1 5
1343853885 17 /dev/ttyUSB1 5
1343853891 17 /dev/ttyUSB1 5
1343853903 17 /dev/ttyUSB1 5
1343853909 17 /dev/ttyUSB1 5
1343853939 17 /dev/ttyUSB1 5
1343853946 17 /dev/ttyUSB1 5
1343853952 17 /dev/ttyUSB1 5
1343853958 17 /dev/ttyUSB1 5
1343853964 17 /dev/ttyUSB1 5
1343853970 17 /dev/ttyUSB1 5
1343853976 17 /dev/ttyUSB1 5
1343853982 17 /dev/ttyUSB1 5
1343853988 17 /dev/ttyUSB1 5
1343853994 17 /dev/ttyUSB1 5
1343854001 17 /dev/ttyUSB1 5
1343854007 17 /dev/ttyUSB1 5
1343854019 17 /dev/ttyUSB1 5
1343854025 17 /dev/ttyUSB1 5
1343854037 17 /dev/ttyUSB1 5
1343854043 17 /dev/ttyUSB1 5
1343854049 17 /dev/ttyUSB1 5
1343854055 17 /dev/ttyUSB1 5
1343854062 17 /dev/ttyUSB1 5
1343854068 17 /dev/ttyUSB1 5
1343854074 17 /dev/ttyUSB1 5
1343854080 17 /dev/ttyUSB1 5
1343854086 17 /dev/ttyUSB1 5
1343854092 17 /dev/ttyUSB1 5
1343854104 17 /dev/ttyUSB1 5
1343854110 17 /dev/ttyUSB1 5
1343854117 17 /dev/ttyUSB1 5
1343854123 17 /dev/ttyUSB1 5
1343854129 17 /dev/ttyUSB1 5
1343854135 17 /dev/ttyUSB1 5
1343854141 17 /dev/ttyUSB1 5
1343854147 17 /dev/ttyUSB1 5
1343854153 17 /dev/ttyUSB1 5
1343854159 17 /dev/ttyUSB1 5
1343854165 17 /dev/ttyUSB1 5
1343854171 17 /dev/ttyUSB1 5
1343854178 17 /dev/ttyUSB1 5
1343854184 16 /dev/ttyUSB1 5
1343854190 17 /dev/ttyUSB1 5
1343854202 17 /dev/ttyUSB1 5
1343854208 17 /dev/ttyUSB1 5
1343854220 17 /dev/ttyUSB1 5
1343854226 17 /dev/ttyUSB1 5
1343854233 17 /dev/ttyUSB1 5
1343854239 17 /dev/ttyUSB1 5
1343854245 17 /dev/ttyUSB1 5
1343854251 17 /dev/ttyUSB1 5
1343854257 17 /dev/ttyUSB1 5
1343854263 10 /dev/ttyUSB1 5
1343854269 9 /dev/ttyUSB1 5
1343854275 9 /dev/ttyUSB1 5
1343854281 0 /dev/ttyUSB1 5
1343854287 0 /dev/ttyUSB1 5
1343854294 0 /dev/ttyUSB1 5
1343854306 0 /dev/ttyUSB1 5
1343854312 0 /dev/ttyUSB1 5
1343854318 0 /dev/ttyUSB1 5
1343854324 0 /dev/ttyUSB1 5
1343854330 0 /dev/ttyUSB1 5
1343854336 0 /dev/ttyUSB1 5
1343854342 0 /dev/ttyUSB1 5
1343854349 0 /dev/ttyUSB1 5
1343854355 0 /dev/ttyUSB1 5
1343854361 0 /dev/ttyUSB1 5
1343854367 0 /dev/ttyUSB1 5
1343854379 0 /dev/ttyUSB1 5
1343854385 0 /dev/ttyUSB1 5
1343854391 0 /dev/ttyUSB1 5
1343854397 0 /dev/ttyUSB1 5
1343854403 0 /dev/ttyUSB1 5
1343854410 0 /dev/ttyUSB1 5
1343854422 0 /dev/ttyUSB1 5
1343854428 0 /dev/ttyUSB1 5
1343854434 0 /dev/ttyUSB1 5
1343854440 0 /dev/ttyUSB1 5
1343854446 0 /dev/ttyUSB1 5
1343854452 0 /dev/ttyUSB1 5
1343854458 0 /dev/ttyUSB1 5
1343854465 0 /dev/ttyUSB1 5
1343854471 0 /dev/ttyUSB1 5
1343854477 0 /dev/ttyUSB1 5
1343854483 0 /dev/ttyUSB1 5
1343854489 0 /dev/ttyUSB1 5
1343854495 0 /dev/ttyUSB1 5
1343854507 0 /dev/ttyUSB1 5
1343854513 0 /dev/ttyUSB1 5
1343854519 0 /dev/ttyUSB1 5
1343854526 0 /dev/ttyUSB1 5
1343854532 0 /dev/ttyUSB1 5
1343854538 0 /dev/ttyUSB1 5
1343854544 0 /dev/ttyUSB1 5
1343854550 0 /dev/ttyUSB1 5
1343854556 0 /dev/ttyUSB1 5
1343854562 0 /dev/ttyUSB1 5
1343854568 0 /dev/ttyUSB1 5
1343854574 0 /dev/ttyUSB1 5
1343854581 0 /dev/ttyUSB1 5
1343854587 0 /dev/ttyUSB1 5
1343854593 0 /dev/ttyUSB1 5
1343854599 0 /dev/ttyUSB1 5
1343854605 0 /dev/ttyUSB1 5
1343854611 0 /dev/ttyUSB1 5
1343854629 0 /dev/ttyUSB1 5
1343854635 0 /dev/ttyUSB1 5
1343854642 0 /dev/ttyUSB1 5
1343854648 0 /dev/ttyUSB1 5
1343854654 0 /dev/ttyUSB1 5
1343854660 0 /dev/ttyUSB1 5
1343854666 0 /dev/ttyUSB1 5
1343854672 0 /dev/ttyUSB1 5
1343854678 0 /dev/ttyUSB1 5
1343854684 0 /dev/ttyUSB1 5
1343854690 0 /dev/ttyUSB1 5
1343854697 0 /dev/ttyUSB1 5
1343854709 0 /dev/ttyUSB1 5
1343854715 0 /dev/ttyUSB1 5
1343854721 0 /dev/ttyUSB1 5
1343854727 0 /dev/ttyUSB1 5
1343854733 0 /dev/ttyUSB1 5
1343854739 0 /dev/ttyUSB1 5
1343854745 0 /dev/ttyUSB1 5
1343854751 0 /dev/ttyUSB1 5
1343854758 0 /dev/ttyUSB1 5
1343854764 0 /dev/ttyUSB1 5
1343854770 0 /dev/ttyUSB1 5
1343854776 0 /dev/ttyUSB1 5
1343854782 0 /dev/ttyUSB1 5
1343854788 0 /dev/ttyUSB1 5
1343854794 0 /dev/ttyUSB1 5
1343854800 0 /dev/ttyUSB1 5
1343854806 0 /dev/ttyUSB1 5
1343854813 0 /dev/ttyUSB1 5
1343854825 0 /dev/ttyUSB1 5
1343854831 0 /dev/ttyUSB1 5
1343854837 0 /dev/ttyUSB1 5
1343854843 0 /dev/ttyUSB1 5
1343854849 0 /dev/ttyUSB1 5
1343854880 0 /dev/ttyUSB1 5
1343854886 0 /dev/ttyUSB1 5
1343854892 0 /dev/ttyUSB1 5
1343854898 0 /dev/ttyUSB1 5
1343854910 0 /dev/ttyUSB1 5
1343854916 0 /dev/ttyUSB1 5
1343854922 0 /dev/ttyUSB1 5
1343854929 0 /dev/ttyUSB1 5
1343854935 0 /dev/ttyUSB1 5
1343854941 0 /dev/ttyUSB1 5
1343854947 0 /dev/ttyUSB1 5
1343854953 0 /dev/ttyUSB1 5
1343854959 0 /dev/ttyUSB1 5
1343854965 0 /dev/ttyUSB1 5
1343854971 0 /dev/ttyUSB1 5
1343854977 0 /dev/ttyUSB1 5
1343854983 0 /dev/ttyUSB1 5
1343854990 0 /dev/ttyUSB1 5
1343854996 0 /dev/ttyUSB1 5
1343855002 0 /dev/ttyUSB1 5
1343855008 0 /dev/ttyUSB1 5
1343855014 0 /dev/ttyUSB1 5
1343855026 0 /dev/ttyUSB1 5
1343855032 0 /dev/ttyUSB1 5
1343855038 0 /dev/ttyUSB1 5
1343855045 0 /dev/ttyUSB1 5
1343855051 0 /dev/ttyUSB1 5
1343855057 0 /dev/ttyUSB1 5
1343855063 0 /dev/ttyUSB1 5
1343855069 0 /dev/ttyUSB1 5
1343855075 0 /dev/ttyUSB1 5
1343855081 0 /dev/ttyUSB1 5
1343855087 0 /dev/ttyUSB1 5
1343855093 0 /dev/ttyUSB1 5
1343855099 0 /dev/ttyUSB1 5
1343855130 0 /dev/ttyUSB1 5
1343855136 0 /dev/ttyUSB1 5
1343855142 0 /dev/ttyUSB1 5
1343855148 0 /dev/ttyUSB1 5
1343855154 0 /dev/ttyUSB1 5
1343855161 0 /dev/ttyUSB1 5
1343855167 0 /dev/ttyUSB1 5
1343855173 0 /dev/ttyUSB1 5
1343855179 0 /dev/ttyUSB1 5
1343855185 0 /dev/ttyUSB1 5
1343855191 0 /dev/ttyUSB1 5
1343855197 0 /dev/ttyUSB1 5
1343855209 0 /dev/ttyUSB1 5
1343855215 0 /dev/ttyUSB1 5
1343855228 0 /dev/ttyUSB1 5
1343855234 0 /dev/ttyUSB1 5
1343855240 0 /dev/ttyUSB1 5
1343855246 0 /dev/ttyUSB1 5
1343855252 0 /dev/ttyUSB1 5
1343855258 0 /dev/ttyUSB1 5
1343855264 0 /dev/ttyUSB1 5
1343855270 0 /dev/ttyUSB1 5
1343855277 0 /dev/ttyUSB1 5
1343855313 0 /dev/ttyUSB1 5
1343855319 0 /dev/ttyUSB1 5
1343855325 0 /dev/ttyUSB1 5
1343855331 0 /dev/ttyUSB1 5
1343855338 0 /dev/ttyUSB1 5
1343855344 0 /dev/ttyUSB1 5
