1343836219 0 /dev/ttyUSB1 9
1343836225 0 /dev/ttyUSB1 9
1343836231 0 /dev/ttyUSB1 9
1343836237 0 /dev/ttyUSB1 9
1343836243 0 /dev/ttyUSB1 9
1343836249 0 /dev/ttyUSB1 9
1343836255 0 /dev/ttyUSB1 9
1343836262 0 /dev/ttyUSB1 9
1343836268 0 /dev/ttyUSB1 9
1343836274 0 /dev/ttyUSB1 9
1343836280 0 /dev/ttyUSB1 9
1343836286 0 /dev/ttyUSB1 9
1343836292 0 /dev/ttyUSB1 9
1343836304 0 /dev/ttyUSB1 9
1343836317 0 /dev/ttyUSB1 9
1343836323 0 /dev/ttyUSB1 9
1343836329 0 /dev/ttyUSB1 9
1343836335 0 /dev/ttyUSB1 9
1343836341 0 /dev/ttyUSB1 9
1343836347 0 /dev/ttyUSB1 9
1343836353 0 /dev/ttyUSB1 9
1343836359 0 /dev/ttyUSB1 9
1343836372 0 /dev/ttyUSB1 9
1343836378 0 /dev/ttyUSB1 9
1343836384 0 /dev/ttyUSB1 9
1343836390 0 /dev/ttyUSB1 9
1343836396 0 /dev/ttyUSB1 9
1343836402 0 /dev/ttyUSB1 9
1343836408 0 /dev/ttyUSB1 9
1343836414 0 /dev/ttyUSB1 9
1343836427 0 /dev/ttyUSB1 9
1343836433 0 /dev/ttyUSB1 9
1343836439 0 /dev/ttyUSB1 9
1343836445 0 /dev/ttyUSB1 9
1343836451 0 /dev/ttyUSB1 9
1343836457 0 /dev/ttyUSB1 9
1343836463 0 /dev/ttyUSB1 9
1343836469 0 /dev/ttyUSB1 9
1343836482 0 /dev/ttyUSB1 9
1343836488 0 /dev/ttyUSB1 9
1343836494 0 /dev/ttyUSB1 9
1343836500 0 /dev/ttyUSB1 9
1343836506 0 /dev/ttyUSB1 9
1343836512 0 /dev/ttyUSB1 9
1343836518 0 /dev/ttyUSB1 9
1343836524 0 /dev/ttyUSB1 9
1343836531 0 /dev/ttyUSB1 9
1343836537 0 /dev/ttyUSB1 9
1343836543 0 /dev/ttyUSB1 9
1343836549 0 /dev/ttyUSB1 9
1343836555 0 /dev/ttyUSB1 9
1343836586 0 /dev/ttyUSB1 9
1343836598 0 /dev/ttyUSB1 9
1343836604 0 /dev/ttyUSB1 9
1343836610 0 /dev/ttyUSB1 9
1343836616 0 /dev/ttyUSB1 9
1343836622 0 /dev/ttyUSB1 9
1343836628 0 /dev/ttyUSB1 9
1343836634 0 /dev/ttyUSB1 9
1343836641 0 /dev/ttyUSB1 9
1343836647 0 /dev/ttyUSB1 9
1343836653 0 /dev/ttyUSB1 9
1343836659 0 /dev/ttyUSB1 9
1343836668 0 /dev/ttyUSB1 9
1343836671 0 /dev/ttyUSB1 9
1343836677 0 /dev/ttyUSB1 9
1343836683 0 /dev/ttyUSB1 9
1343836689 0 /dev/ttyUSB1 9
1343836696 0 /dev/ttyUSB1 9
1343836702 0 /dev/ttyUSB1 9
1343836708 0 /dev/ttyUSB1 9
1343836714 0 /dev/ttyUSB1 9
1343836720 0 /dev/ttyUSB1 9
1343836726 0 /dev/ttyUSB1 9
1343836732 0 /dev/ttyUSB1 9
1343836738 0 /dev/ttyUSB1 9
1343836744 0 /dev/ttyUSB1 9
1343836751 0 /dev/ttyUSB1 9
1343836757 0 /dev/ttyUSB1 9
1343836763 0 /dev/ttyUSB1 9
1343836769 0 /dev/ttyUSB1 9
1343836781 0 /dev/ttyUSB1 9
1343836787 0 /dev/ttyUSB1 9
1343836793 0 /dev/ttyUSB1 9
1343836799 0 /dev/ttyUSB1 9
1343836806 0 /dev/ttyUSB1 9
1343836812 0 /dev/ttyUSB1 9
1343836818 0 /dev/ttyUSB1 9
1343836836 0 /dev/ttyUSB1 9
1343836842 0 /dev/ttyUSB1 9
1343836848 0 /dev/ttyUSB1 9
1343836854 0 /dev/ttyUSB1 9
1343836861 0 /dev/ttyUSB1 9
1343836867 0 /dev/ttyUSB1 9
1343836873 0 /dev/ttyUSB1 9
1343836879 0 /dev/ttyUSB1 9
1343836891 0 /dev/ttyUSB1 9
1343836897 0 /dev/ttyUSB1 9
1343836909 0 /dev/ttyUSB1 9
1343836922 0 /dev/ttyUSB1 9
1343836928 0 /dev/ttyUSB1 9
1343836934 0 /dev/ttyUSB1 9
1343836952 0 /dev/ttyUSB1 9
1343836964 0 /dev/ttyUSB1 9
1343836971 0 /dev/ttyUSB1 9
1343836977 0 /dev/ttyUSB1 9
1343836983 0 /dev/ttyUSB1 9
1343836989 0 /dev/ttyUSB1 9
1343836995 0 /dev/ttyUSB1 9
1343837001 0 /dev/ttyUSB1 9
1343837007 0 /dev/ttyUSB1 9
1343837013 0 /dev/ttyUSB1 9
1343837019 0 /dev/ttyUSB1 9
1343837026 0 /dev/ttyUSB1 9
1343837032 0 /dev/ttyUSB1 9
1343837038 0 /dev/ttyUSB1 9
1343837044 0 /dev/ttyUSB1 9
1343837050 0 /dev/ttyUSB1 9
1343837056 0 /dev/ttyUSB1 9
1343837062 0 /dev/ttyUSB1 9
1343837068 0 /dev/ttyUSB1 9
1343837074 0 /dev/ttyUSB1 9
1343837081 0 /dev/ttyUSB1 9
1343837087 0 /dev/ttyUSB1 9
1343837093 0 /dev/ttyUSB1 9
1343837099 0 /dev/ttyUSB1 9
1343837105 0 /dev/ttyUSB1 9
1343837111 0 /dev/ttyUSB1 9
1343837117 0 /dev/ttyUSB1 9
1343837123 0 /dev/ttyUSB1 9
1343837129 0 /dev/ttyUSB1 9
1343837142 0 /dev/ttyUSB1 9
1343837148 0 /dev/ttyUSB1 9
1343837154 0 /dev/ttyUSB1 9
1343837160 0 /dev/ttyUSB1 9
1343837166 0 /dev/ttyUSB1 9
1343837172 0 /dev/ttyUSB1 9
1343837178 0 /dev/ttyUSB1 9
1343837191 0 /dev/ttyUSB1 9
1343837197 0 /dev/ttyUSB1 9
1343837203 0 /dev/ttyUSB1 9
1343837209 0 /dev/ttyUSB1 9
1343837215 0 /dev/ttyUSB1 9
1343837221 0 /dev/ttyUSB1 9
1343837227 0 /dev/ttyUSB1 9
1343837233 0 /dev/ttyUSB1 9
1343837246 0 /dev/ttyUSB1 9
1343837252 0 /dev/ttyUSB1 9
1343837258 0 /dev/ttyUSB1 9
1343837264 0 /dev/ttyUSB1 9
1343837270 0 /dev/ttyUSB1 9
1343837276 0 /dev/ttyUSB1 9
1343837282 0 /dev/ttyUSB1 9
1343837288 0 /dev/ttyUSB1 9
1343837301 0 /dev/ttyUSB1 9
1343837307 0 /dev/ttyUSB1 9
1343837313 0 /dev/ttyUSB1 9
1343837319 0 /dev/ttyUSB1 9
1343837325 0 /dev/ttyUSB1 9
1343837331 0 /dev/ttyUSB1 9
1343837337 0 /dev/ttyUSB1 9
1343837343 0 /dev/ttyUSB1 9
1343837362 0 /dev/ttyUSB1 9
1343837368 0 /dev/ttyUSB1 9
1343837374 0 /dev/ttyUSB1 9
1343837380 0 /dev/ttyUSB1 9
1343837386 0 /dev/ttyUSB1 9
1343837392 0 /dev/ttyUSB1 9
1343837398 0 /dev/ttyUSB1 9
1343837404 0 /dev/ttyUSB1 9
1343837411 0 /dev/ttyUSB1 9
1343837417 0 /dev/ttyUSB1 9
1343837423 0 /dev/ttyUSB1 9
1343837429 0 /dev/ttyUSB1 9
1343837435 0 /dev/ttyUSB1 9
1343837441 0 /dev/ttyUSB1 9
1343837447 0 /dev/ttyUSB1 9
1343837453 0 /dev/ttyUSB1 9
1343837459 0 /dev/ttyUSB1 9
1343837466 0 /dev/ttyUSB1 9
1343837472 0 /dev/ttyUSB1 9
1343837478 0 /dev/ttyUSB1 9
1343837484 0 /dev/ttyUSB1 9
1343837490 0 /dev/ttyUSB1 9
1343837496 0 /dev/ttyUSB1 9
1343837502 0 /dev/ttyUSB1 9
1343837508 0 /dev/ttyUSB1 9
1343837514 0 /dev/ttyUSB1 9
1343837521 0 /dev/ttyUSB1 9
1343837527 0 /dev/ttyUSB1 9
1343837533 0 /dev/ttyUSB1 9
1343837539 0 /dev/ttyUSB1 9
1343837545 0 /dev/ttyUSB1 9
1343837569 0 /dev/ttyUSB1 9
1343837576 0 /dev/ttyUSB1 9
1343837588 0 /dev/ttyUSB1 9
1343837600 0 /dev/ttyUSB1 9
1343837606 0 /dev/ttyUSB1 9
1343837612 0 /dev/ttyUSB1 9
1343837618 0 /dev/ttyUSB1 9
1343837631 0 /dev/ttyUSB1 9
1343837661 0 /dev/ttyUSB1 9
1343837667 0 /dev/ttyUSB1 9
1343837673 0 /dev/ttyUSB1 9
1343837679 0 /dev/ttyUSB1 9
1343837686 0 /dev/ttyUSB1 9
1343837692 0 /dev/ttyUSB1 9
1343837698 0 /dev/ttyUSB1 9
1343837710 0 /dev/ttyUSB1 9
1343837716 0 /dev/ttyUSB1 9
1343837722 0 /dev/ttyUSB1 9
1343837728 0 /dev/ttyUSB1 9
1343838174 0 /dev/ttyUSB1 9
1343838181 0 /dev/ttyUSB1 9
1343838187 0 /dev/ttyUSB1 9
1343838193 0 /dev/ttyUSB1 9
1343838199 0 /dev/ttyUSB1 9
1343838211 0 /dev/ttyUSB1 9
1343838444 0 /dev/ttyUSB1 9
1343838445 0 /dev/ttyUSB1 9
1343838449 0 /dev/ttyUSB1 9
1343838456 0 /dev/ttyUSB1 9
1343838462 0 /dev/ttyUSB1 9
1343838468 0 /dev/ttyUSB1 9
1343838474 0 /dev/ttyUSB1 9
1343838480 0 /dev/ttyUSB1 9
1343838486 0 /dev/ttyUSB1 9
1343838492 0 /dev/ttyUSB1 9
1343838511 0 /dev/ttyUSB1 9
1343838517 0 /dev/ttyUSB1 9
1343838523 0 /dev/ttyUSB1 9
1343838529 0 /dev/ttyUSB1 9
1343838969 0 /dev/ttyUSB1 9
1343838975 0 /dev/ttyUSB1 9
1343838981 0 /dev/ttyUSB1 9
1343838987 0 /dev/ttyUSB1 9
1343838993 0 /dev/ttyUSB1 9
1343839000 0 /dev/ttyUSB1 9
1343839006 0 /dev/ttyUSB1 9
1343839018 0 /dev/ttyUSB1 9
1343839024 0 /dev/ttyUSB1 9
1343839030 0 /dev/ttyUSB1 9
1343839036 0 /dev/ttyUSB1 9
1343839042 0 /dev/ttyUSB1 9
1343839048 0 /dev/ttyUSB1 9
1343839055 0 /dev/ttyUSB1 9
1343839061 0 /dev/ttyUSB1 9
1343839073 0 /dev/ttyUSB1 9
1343839079 0 /dev/ttyUSB1 9
1343839085 0 /dev/ttyUSB1 9
1343839091 0 /dev/ttyUSB1 9
1343839097 0 /dev/ttyUSB1 9
1343839103 0 /dev/ttyUSB1 9
1343839110 0 /dev/ttyUSB1 9
1343839116 0 /dev/ttyUSB1 9
1343839128 0 /dev/ttyUSB1 9
1343839305 0 /dev/ttyUSB1 9
1343839317 0 /dev/ttyUSB1 9
1343839323 0 /dev/ttyUSB1 9
1343839330 0 /dev/ttyUSB1 9
1343839336 0 /dev/ttyUSB1 9
1343839433 0 /dev/ttyUSB1 9
1343839440 0 /dev/ttyUSB1 9
1343839446 0 /dev/ttyUSB1 9
1343839452 0 /dev/ttyUSB1 9
1343839458 0 /dev/ttyUSB1 9
1343839464 0 /dev/ttyUSB1 9
1343839470 0 /dev/ttyUSB1 9
1343839482 0 /dev/ttyUSB1 9
1343839488 0 /dev/ttyUSB1 9
1343839495 0 /dev/ttyUSB1 9
1343839501 0 /dev/ttyUSB1 9
1343839507 0 /dev/ttyUSB1 9
1343839513 0 /dev/ttyUSB1 9
1343839519 0 /dev/ttyUSB1 9
1343839525 0 /dev/ttyUSB1 9
1343839531 0 /dev/ttyUSB1 9
1343839537 0 /dev/ttyUSB1 9
1343839543 0 /dev/ttyUSB1 9
1343839550 0 /dev/ttyUSB1 9
1343839562 0 /dev/ttyUSB1 9
1343839653 0 /dev/ttyUSB1 9
1343839660 0 /dev/ttyUSB1 9
1343839684 0 /dev/ttyUSB1 9
1343839690 0 /dev/ttyUSB1 9
1343839800 0 /dev/ttyUSB1 9
1343839806 0 /dev/ttyUSB1 9
1343839812 0 /dev/ttyUSB1 9
1343839818 0 /dev/ttyUSB1 9
1343839825 0 /dev/ttyUSB1 9
1343840491 0 /dev/ttyUSB1 9
1343840497 0 /dev/ttyUSB1 9
1343840503 0 /dev/ttyUSB1 9
1343840509 0 /dev/ttyUSB1 9
1343840515 0 /dev/ttyUSB1 9
1343840521 0 /dev/ttyUSB1 9
1343840527 0 /dev/ttyUSB1 9
1343840533 0 /dev/ttyUSB1 9
1343840540 0 /dev/ttyUSB1 9
1343840546 0 /dev/ttyUSB1 9
1343840552 0 /dev/ttyUSB1 9
1343840558 0 /dev/ttyUSB1 9
1343840564 0 /dev/ttyUSB1 9
1343840570 0 /dev/ttyUSB1 9
1343840576 0 /dev/ttyUSB1 9
1343840582 0 /dev/ttyUSB1 9
1343840588 0 /dev/ttyUSB1 9
1343840595 0 /dev/ttyUSB1 9
1343840601 0 /dev/ttyUSB1 9
1343840607 0 /dev/ttyUSB1 9
1343840613 0 /dev/ttyUSB1 9
1343840778 0 /dev/ttyUSB1 9
1343840790 0 /dev/ttyUSB1 9
1343840796 0 /dev/ttyUSB1 9
1343840802 0 /dev/ttyUSB1 9
1343840888 0 /dev/ttyUSB1 9
1343840937 0 /dev/ttyUSB1 9
1343840943 0 /dev/ttyUSB1 9
1343840949 0 /dev/ttyUSB1 9
1343840955 0 /dev/ttyUSB1 9
1343840961 0 /dev/ttyUSB1 9
1343840967 0 /dev/ttyUSB1 9
1343840974 0 /dev/ttyUSB1 9
1343840980 0 /dev/ttyUSB1 9
1343840992 0 /dev/ttyUSB1 9
1343840998 0 /dev/ttyUSB1 9
1343841004 0 /dev/ttyUSB1 9
1343841010 0 /dev/ttyUSB1 9
1343841016 0 /dev/ttyUSB1 9
1343841022 0 /dev/ttyUSB1 9
1343841029 0 /dev/ttyUSB1 9
1343841035 0 /dev/ttyUSB1 9
1343841041 0 /dev/ttyUSB1 9
1343841047 0 /dev/ttyUSB1 9
1343841053 0 /dev/ttyUSB1 9
1343841065 0 /dev/ttyUSB1 9
1343841163 0 /dev/ttyUSB1 9
1343841181 0 /dev/ttyUSB1 9
1343841187 0 /dev/ttyUSB1 9
1343841200 0 /dev/ttyUSB1 9
1343841218 0 /dev/ttyUSB1 9
1343841224 0 /dev/ttyUSB1 9
1343841230 0 /dev/ttyUSB1 9
1343841242 0 /dev/ttyUSB1 9
1343841249 0 /dev/ttyUSB1 9
1343841255 0 /dev/ttyUSB1 9
1343841261 0 /dev/ttyUSB1 9
1343841267 0 /dev/ttyUSB1 9
1343841273 0 /dev/ttyUSB1 9
1343841279 0 /dev/ttyUSB1 9
1343841285 0 /dev/ttyUSB1 9
1343841291 0 /dev/ttyUSB1 9
1343841297 0 /dev/ttyUSB1 9
1343841304 0 /dev/ttyUSB1 9
1343841310 0 /dev/ttyUSB1 9
1343841316 0 /dev/ttyUSB1 9
1343841322 0 /dev/ttyUSB1 9
1343841328 0 /dev/ttyUSB1 9
1343841334 0 /dev/ttyUSB1 9
1343841340 0 /dev/ttyUSB1 9
1343841346 0 /dev/ttyUSB1 9
1343841352 0 /dev/ttyUSB1 9
1343841359 0 /dev/ttyUSB1 9
1343841365 0 /dev/ttyUSB1 9
1343841371 0 /dev/ttyUSB1 9
1343841377 0 /dev/ttyUSB1 9
1343841383 0 /dev/ttyUSB1 9
1343841389 0 /dev/ttyUSB1 9
1343841395 0 /dev/ttyUSB1 9
1343841401 0 /dev/ttyUSB1 9
1343841407 0 /dev/ttyUSB1 9
1343841414 0 /dev/ttyUSB1 9
1343841420 0 /dev/ttyUSB1 9
1343841426 0 /dev/ttyUSB1 9
1343841432 0 /dev/ttyUSB1 9
1343841444 0 /dev/ttyUSB1 9
1343841450 0 /dev/ttyUSB1 9
1343841456 0 /dev/ttyUSB1 9
1343841462 0 /dev/ttyUSB1 9
1343841469 0 /dev/ttyUSB1 9
1343841475 0 /dev/ttyUSB1 9
1343841481 0 /dev/ttyUSB1 9
1343841487 0 /dev/ttyUSB1 9
1343841499 0 /dev/ttyUSB1 9
1343841505 0 /dev/ttyUSB1 9
1343841511 0 /dev/ttyUSB1 9
1343841517 0 /dev/ttyUSB1 9
1343841524 0 /dev/ttyUSB1 9
1343841530 0 /dev/ttyUSB1 9
1343841536 0 /dev/ttyUSB1 9
1343841542 0 /dev/ttyUSB1 9
1343841554 0 /dev/ttyUSB1 9
1343841560 0 /dev/ttyUSB1 9
1343841566 0 /dev/ttyUSB1 9
1343841572 0 /dev/ttyUSB1 9
1343841603 0 /dev/ttyUSB1 9
1343841609 0 /dev/ttyUSB1 9
1343841615 0 /dev/ttyUSB1 9
1343841621 0 /dev/ttyUSB1 9
1343841627 0 /dev/ttyUSB1 9
1343841634 0 /dev/ttyUSB1 9
1343841640 0 /dev/ttyUSB1 9
1343841646 0 /dev/ttyUSB1 9
1343841652 0 /dev/ttyUSB1 9
1343841658 0 /dev/ttyUSB1 9
1343841664 0 /dev/ttyUSB1 9
1343841670 0 /dev/ttyUSB1 9
1343841676 0 /dev/ttyUSB1 9
1343841682 0 /dev/ttyUSB1 9
1343841689 0 /dev/ttyUSB1 9
1343841695 0 /dev/ttyUSB1 9
1343841701 0 /dev/ttyUSB1 9
1343841707 0 /dev/ttyUSB1 9
1343841713 0 /dev/ttyUSB1 9
1343841719 0 /dev/ttyUSB1 9
1343841725 0 /dev/ttyUSB1 9
1343841731 0 /dev/ttyUSB1 9
1343841744 0 /dev/ttyUSB1 9
1343841750 0 /dev/ttyUSB1 9
1343841756 0 /dev/ttyUSB1 9
1343841762 0 /dev/ttyUSB1 9
1343841768 0 /dev/ttyUSB1 9
1343841780 0 /dev/ttyUSB1 9
1343841786 0 /dev/ttyUSB1 9
1343841799 0 /dev/ttyUSB1 9
1343841811 0 /dev/ttyUSB1 9
1343841817 0 /dev/ttyUSB1 9
1343841854 0 /dev/ttyUSB1 9
1343841872 0 /dev/ttyUSB1 9
1343841878 0 /dev/ttyUSB1 9
1343841884 0 /dev/ttyUSB1 9
1343841890 0 /dev/ttyUSB1 9
1343841896 0 /dev/ttyUSB1 9
1343841902 0 /dev/ttyUSB1 9
1343841909 0 /dev/ttyUSB1 9
1343841915 0 /dev/ttyUSB1 9
1343841921 0 /dev/ttyUSB1 9
1343841927 0 /dev/ttyUSB1 9
1343841933 0 /dev/ttyUSB1 9
1343841939 0 /dev/ttyUSB1 9
1343841945 0 /dev/ttyUSB1 9
1343841951 0 /dev/ttyUSB1 9
1343841957 0 /dev/ttyUSB1 9
1343841964 0 /dev/ttyUSB1 9
1343841970 0 /dev/ttyUSB1 9
1343841976 0 /dev/ttyUSB1 9
1343841982 0 /dev/ttyUSB1 9
1343841988 0 /dev/ttyUSB1 9
1343841994 0 /dev/ttyUSB1 9
1343842000 0 /dev/ttyUSB1 9
1343842006 0 /dev/ttyUSB1 9
1343842012 0 /dev/ttyUSB1 9
1343842019 0 /dev/ttyUSB1 9
1343842025 0 /dev/ttyUSB1 9
1343842031 0 /dev/ttyUSB1 9
1343842037 0 /dev/ttyUSB1 9
1343842043 0 /dev/ttyUSB1 9
1343842049 0 /dev/ttyUSB1 9
1343842055 0 /dev/ttyUSB1 9
1343842061 0 /dev/ttyUSB1 9
1343842067 0 /dev/ttyUSB1 9
1343842074 0 /dev/ttyUSB1 9
1343842080 0 /dev/ttyUSB1 9
1343842086 0 /dev/ttyUSB1 9
1343842098 0 /dev/ttyUSB1 9
1343842104 0 /dev/ttyUSB1 9
1343842110 0 /dev/ttyUSB1 9
1343842116 0 /dev/ttyUSB1 9
1343842122 0 /dev/ttyUSB1 9
1343842129 0 /dev/ttyUSB1 9
1343842196 0 /dev/ttyUSB1 9
1343842208 0 /dev/ttyUSB1 9
1343842214 0 /dev/ttyUSB1 9
1343842220 0 /dev/ttyUSB1 9
1343842226 0 /dev/ttyUSB1 9
1343842232 0 /dev/ttyUSB1 9
1343842239 0 /dev/ttyUSB1 9
1343842245 0 /dev/ttyUSB1 9
1343842251 0 /dev/ttyUSB1 9
1343842257 0 /dev/ttyUSB1 9
1343842263 0 /dev/ttyUSB1 9
1343842269 0 /dev/ttyUSB1 9
1343842275 0 /dev/ttyUSB1 9
1343842281 0 /dev/ttyUSB1 9
1343842287 0 /dev/ttyUSB1 9
1343842294 0 /dev/ttyUSB1 9
1343842300 0 /dev/ttyUSB1 9
1343842306 0 /dev/ttyUSB1 9
1343842312 0 /dev/ttyUSB1 9
1343842318 0 /dev/ttyUSB1 9
1343842324 0 /dev/ttyUSB1 9
1343842330 0 /dev/ttyUSB1 9
1343842336 0 /dev/ttyUSB1 9
1343842342 0 /dev/ttyUSB1 9
1343842349 0 /dev/ttyUSB1 9
1343842355 0 /dev/ttyUSB1 9
1343842361 0 /dev/ttyUSB1 9
1343842367 0 /dev/ttyUSB1 9
1343842373 0 /dev/ttyUSB1 9
1343842379 0 /dev/ttyUSB1 9
1343842385 0 /dev/ttyUSB1 9
1343842416 0 /dev/ttyUSB1 9
1343842422 0 /dev/ttyUSB1 9
1343842428 0 /dev/ttyUSB1 9
1343842434 0 /dev/ttyUSB1 9
1343842440 0 /dev/ttyUSB1 9
1343842452 0 /dev/ttyUSB1 9
1343842459 0 /dev/ttyUSB1 9
1343842465 0 /dev/ttyUSB1 9
1343842471 0 /dev/ttyUSB1 9
1343842477 0 /dev/ttyUSB1 9
1343842483 0 /dev/ttyUSB1 9
1343842489 0 /dev/ttyUSB1 9
1343842495 0 /dev/ttyUSB1 9
1343842507 0 /dev/ttyUSB1 9
1343842514 0 /dev/ttyUSB1 9
1343842520 0 /dev/ttyUSB1 9
1343842526 0 /dev/ttyUSB1 9
1343842532 0 /dev/ttyUSB1 9
1343842538 0 /dev/ttyUSB1 9
1343842544 0 /dev/ttyUSB1 9
1343842550 0 /dev/ttyUSB1 9
1343842556 0 /dev/ttyUSB1 9
1343842562 0 /dev/ttyUSB1 9
1343842569 0 /dev/ttyUSB1 9
1343842575 0 /dev/ttyUSB1 9
1343842581 0 /dev/ttyUSB1 9
1343842587 0 /dev/ttyUSB1 9
1343842593 0 /dev/ttyUSB1 9
1343842599 0 /dev/ttyUSB1 9
1343842605 0 /dev/ttyUSB1 9
1343842611 0 /dev/ttyUSB1 9
1343842618 0 /dev/ttyUSB1 9
1343842624 0 /dev/ttyUSB1 9
1343842630 0 /dev/ttyUSB1 9
1343842636 0 /dev/ttyUSB1 9
1343842642 0 /dev/ttyUSB1 9
1343842648 0 /dev/ttyUSB1 9
1343842654 0 /dev/ttyUSB1 9
1343842660 0 /dev/ttyUSB1 9
1343842666 0 /dev/ttyUSB1 9
1343842673 0 /dev/ttyUSB1 9
1343842679 0 /dev/ttyUSB1 9
1343842685 0 /dev/ttyUSB1 9
1343842697 0 /dev/ttyUSB1 9
1343842703 0 /dev/ttyUSB1 9
1343842709 0 /dev/ttyUSB1 9
1343842715 0 /dev/ttyUSB1 9
1343842721 0 /dev/ttyUSB1 9
1343842728 0 /dev/ttyUSB1 9
1343842734 0 /dev/ttyUSB1 9
1343842740 0 /dev/ttyUSB1 9
1343842752 0 /dev/ttyUSB1 9
1343842758 0 /dev/ttyUSB1 9
1343842764 0 /dev/ttyUSB1 9
1343842795 0 /dev/ttyUSB1 9
1343842807 0 /dev/ttyUSB1 9
1343842813 0 /dev/ttyUSB1 9
1343842819 0 /dev/ttyUSB1 9
1343842825 0 /dev/ttyUSB1 9
1343842831 0 /dev/ttyUSB1 9
1343842838 0 /dev/ttyUSB1 9
1343842844 0 /dev/ttyUSB1 9
1343842850 0 /dev/ttyUSB1 9
1343842862 0 /dev/ttyUSB1 9
1343842868 0 /dev/ttyUSB1 9
1343842874 0 /dev/ttyUSB1 9
1343842880 0 /dev/ttyUSB1 9
1343842886 0 /dev/ttyUSB1 9
1343842893 0 /dev/ttyUSB1 9
1343842899 0 /dev/ttyUSB1 9
1343842911 0 /dev/ttyUSB1 9
1343842917 0 /dev/ttyUSB1 9
1343842923 0 /dev/ttyUSB1 9
1343842929 0 /dev/ttyUSB1 9
1343842935 0 /dev/ttyUSB1 9
1343842941 0 /dev/ttyUSB1 9
1343842948 0 /dev/ttyUSB1 9
1343842954 0 /dev/ttyUSB1 9
1343842966 0 /dev/ttyUSB1 9
1343842972 0 /dev/ttyUSB1 9
1343842978 0 /dev/ttyUSB1 9
1343842984 0 /dev/ttyUSB1 9
1343842990 0 /dev/ttyUSB1 9
1343842996 0 /dev/ttyUSB1 9
1343843003 0 /dev/ttyUSB1 9
1343843009 0 /dev/ttyUSB1 9
1343843015 0 /dev/ttyUSB1 9
1343843021 0 /dev/ttyUSB1 9
1343843027 0 /dev/ttyUSB1 9
1343843033 0 /dev/ttyUSB1 9
1343843039 0 /dev/ttyUSB1 9
1343843051 0 /dev/ttyUSB1 9
1343843058 0 /dev/ttyUSB1 9
1343843064 0 /dev/ttyUSB1 9
1343843070 0 /dev/ttyUSB1 9
1343843076 0 /dev/ttyUSB1 9
1343843082 0 /dev/ttyUSB1 9
1343843088 0 /dev/ttyUSB1 9
1343843094 0 /dev/ttyUSB1 9
1343843106 0 /dev/ttyUSB1 9
1343843113 0 /dev/ttyUSB1 9
1343843119 0 /dev/ttyUSB1 9
1343843125 0 /dev/ttyUSB1 9
1343843131 0 /dev/ttyUSB1 9
1343843137 0 /dev/ttyUSB1 9
1343843143 0 /dev/ttyUSB1 9
1343843149 0 /dev/ttyUSB1 9
1343843161 0 /dev/ttyUSB1 9
1343843168 0 /dev/ttyUSB1 9
1343843174 0 /dev/ttyUSB1 9
1343843180 0 /dev/ttyUSB1 9
1343843186 0 /dev/ttyUSB1 9
1343843192 0 /dev/ttyUSB1 9
1343843198 0 /dev/ttyUSB1 9
1343843204 0 /dev/ttyUSB1 9
1343843210 0 /dev/ttyUSB1 9
1343843216 0 /dev/ttyUSB1 9
1343843223 0 /dev/ttyUSB1 9
1343843229 0 /dev/ttyUSB1 9
1343843235 0 /dev/ttyUSB1 9
1343843241 0 /dev/ttyUSB1 9
1343843247 0 /dev/ttyUSB1 9
1343843253 0 /dev/ttyUSB1 9
1343843259 0 /dev/ttyUSB1 9
1343843265 0 /dev/ttyUSB1 9
1343843271 0 /dev/ttyUSB1 9
1343843278 0 /dev/ttyUSB1 9
1343843284 0 /dev/ttyUSB1 9
1343843290 0 /dev/ttyUSB1 9
1343843296 0 /dev/ttyUSB1 9
1343843302 0 /dev/ttyUSB1 9
1343843314 0 /dev/ttyUSB1 9
1343843320 0 /dev/ttyUSB1 9
1343843326 0 /dev/ttyUSB1 9
1343843333 0 /dev/ttyUSB1 9
1343843339 0 /dev/ttyUSB1 9
1343843351 0 /dev/ttyUSB1 9
1343843357 0 /dev/ttyUSB1 9
1343843369 0 /dev/ttyUSB1 9
1343843375 0 /dev/ttyUSB1 9
1343843381 0 /dev/ttyUSB1 9
1343843388 0 /dev/ttyUSB1 9
1343843394 0 /dev/ttyUSB1 9
1343843406 0 /dev/ttyUSB1 9
1343843412 0 /dev/ttyUSB1 9
1343843418 0 /dev/ttyUSB1 9
1343843424 0 /dev/ttyUSB1 9
1343843430 0 /dev/ttyUSB1 9
1343843436 0 /dev/ttyUSB1 9
1343843443 0 /dev/ttyUSB1 9
1343843449 0 /dev/ttyUSB1 9
1343843461 0 /dev/ttyUSB1 9
1343843473 0 /dev/ttyUSB1 9
1343843516 0 /dev/ttyUSB1 9
1343843522 0 /dev/ttyUSB1 9
1343843528 0 /dev/ttyUSB1 9
1343843534 0 /dev/ttyUSB1 9
1343843540 0 /dev/ttyUSB1 9
1343843546 0 /dev/ttyUSB1 9
1343843553 0 /dev/ttyUSB1 9
1343843559 0 /dev/ttyUSB1 9
1343843565 0 /dev/ttyUSB1 9
1343843571 0 /dev/ttyUSB1 9
1343843577 0 /dev/ttyUSB1 9
1343843583 0 /dev/ttyUSB1 9
1343843589 0 /dev/ttyUSB1 9
1343843595 0 /dev/ttyUSB1 9
1343843601 0 /dev/ttyUSB1 9
1343843608 0 /dev/ttyUSB1 9
1343843614 0 /dev/ttyUSB1 9
1343843620 0 /dev/ttyUSB1 9
1343843626 0 /dev/ttyUSB1 9
1343843632 0 /dev/ttyUSB1 9
1343843638 0 /dev/ttyUSB1 9
1343843644 0 /dev/ttyUSB1 9
1343843650 0 /dev/ttyUSB1 9
1343843656 0 /dev/ttyUSB1 9
1343843663 0 /dev/ttyUSB1 9
1343843669 0 /dev/ttyUSB1 9
1343843675 0 /dev/ttyUSB1 9
1343843681 0 /dev/ttyUSB1 9
1343843687 0 /dev/ttyUSB1 9
1343843693 0 /dev/ttyUSB1 9
1343843705 0 /dev/ttyUSB1 9
1343843711 0 /dev/ttyUSB1 9
1343843718 0 /dev/ttyUSB1 9
1343843724 0 /dev/ttyUSB1 9
1343843730 0 /dev/ttyUSB1 9
1343843736 0 /dev/ttyUSB1 9
1343843742 0 /dev/ttyUSB1 9
1343843748 0 /dev/ttyUSB1 9
1343843760 0 /dev/ttyUSB1 9
1343843766 0 /dev/ttyUSB1 9
1343843773 0 /dev/ttyUSB1 9
1343843779 0 /dev/ttyUSB1 9
1343843785 0 /dev/ttyUSB1 9
1343843791 0 /dev/ttyUSB1 9
1343843797 0 /dev/ttyUSB1 9
1343843803 0 /dev/ttyUSB1 9
1343843815 0 /dev/ttyUSB1 9
1343843821 0 /dev/ttyUSB1 9
1343843828 0 /dev/ttyUSB1 9
1343843834 0 /dev/ttyUSB1 9
1343843840 0 /dev/ttyUSB1 9
1343843846 0 /dev/ttyUSB1 9
1343843852 0 /dev/ttyUSB1 9
1343843858 0 /dev/ttyUSB1 9
1343843864 0 /dev/ttyUSB1 9
1343843870 0 /dev/ttyUSB1 9
1343843876 0 /dev/ttyUSB1 9
1343843883 0 /dev/ttyUSB1 9
1343843889 0 /dev/ttyUSB1 9
1343843895 0 /dev/ttyUSB1 9
1343843901 0 /dev/ttyUSB1 9
1343843919 0 /dev/ttyUSB1 9
1343843925 0 /dev/ttyUSB1 9
1343843931 0 /dev/ttyUSB1 9
1343843938 0 /dev/ttyUSB1 9
1343843944 0 /dev/ttyUSB1 9
1343843950 0 /dev/ttyUSB1 9
1343843956 0 /dev/ttyUSB1 9
1343843962 0 /dev/ttyUSB1 9
1343843968 0 /dev/ttyUSB1 9
1343843974 0 /dev/ttyUSB1 9
1343843980 0 /dev/ttyUSB1 9
1343843986 0 /dev/ttyUSB1 9
1343843993 0 /dev/ttyUSB1 9
1343844005 0 /dev/ttyUSB1 9
1343844011 0 /dev/ttyUSB1 9
1343844017 0 /dev/ttyUSB1 9
1343844023 0 /dev/ttyUSB1 9
1343844029 0 /dev/ttyUSB1 9
1343844035 0 /dev/ttyUSB1 9
1343844060 0 /dev/ttyUSB1 9
1343844066 0 /dev/ttyUSB1 9
1343844072 0 /dev/ttyUSB1 9
1343844078 0 /dev/ttyUSB1 9
1343844084 0 /dev/ttyUSB1 9
1343844090 0 /dev/ttyUSB1 9
1343844096 0 /dev/ttyUSB1 9
1343844103 0 /dev/ttyUSB1 9
1343844115 0 /dev/ttyUSB1 9
1343844121 0 /dev/ttyUSB1 9
1343844127 0 /dev/ttyUSB1 9
1343844133 0 /dev/ttyUSB1 9
1343844139 0 /dev/ttyUSB1 9
1343844145 0 /dev/ttyUSB1 9
1343844151 0 /dev/ttyUSB1 9
1343844158 0 /dev/ttyUSB1 9
1343844164 0 /dev/ttyUSB1 9
1343844170 0 /dev/ttyUSB1 9
1343844188 0 /dev/ttyUSB1 9
1343844194 0 /dev/ttyUSB1 9
1343844200 0 /dev/ttyUSB1 9
1343844207 0 /dev/ttyUSB1 9
1343844213 0 /dev/ttyUSB1 9
1343844219 0 /dev/ttyUSB1 9
1343844225 0 /dev/ttyUSB1 9
1343844231 0 /dev/ttyUSB1 9
1343844237 0 /dev/ttyUSB1 9
1343844243 0 /dev/ttyUSB1 9
1343844280 0 /dev/ttyUSB1 9
1343844286 0 /dev/ttyUSB1 9
1343844292 0 /dev/ttyUSB1 9
1343844304 0 /dev/ttyUSB1 9
1343844310 0 /dev/ttyUSB1 9
1343844317 0 /dev/ttyUSB1 9
1343844323 0 /dev/ttyUSB1 9
1343844329 0 /dev/ttyUSB1 9
1343844335 0 /dev/ttyUSB1 9
1343844341 0 /dev/ttyUSB1 9
1343844347 0 /dev/ttyUSB1 9
1343844359 0 /dev/ttyUSB1 9
1343844365 0 /dev/ttyUSB1 9
1343844372 0 /dev/ttyUSB1 9
1343844378 0 /dev/ttyUSB1 9
1343844384 0 /dev/ttyUSB1 9
1343844390 0 /dev/ttyUSB1 9
1343844396 0 /dev/ttyUSB1 9
1343844402 0 /dev/ttyUSB1 9
1343844414 0 /dev/ttyUSB1 9
1343844420 0 /dev/ttyUSB1 9
1343844427 0 /dev/ttyUSB1 9
1343844433 0 /dev/ttyUSB1 9
1343844439 0 /dev/ttyUSB1 9
1343844445 0 /dev/ttyUSB1 9
1343844451 0 /dev/ttyUSB1 9
1343844457 0 /dev/ttyUSB1 9
1343844463 0 /dev/ttyUSB1 9
1343844469 0 /dev/ttyUSB1 9
1343844475 0 /dev/ttyUSB1 9
1343844482 0 /dev/ttyUSB1 9
1343844488 0 /dev/ttyUSB1 9
1343844494 0 /dev/ttyUSB1 9
1343844500 0 /dev/ttyUSB1 9
1343844506 0 /dev/ttyUSB1 9
1343844512 0 /dev/ttyUSB1 9
1343844518 0 /dev/ttyUSB1 9
1343844524 0 /dev/ttyUSB1 9
1343844530 0 /dev/ttyUSB1 9
1343844537 0 /dev/ttyUSB1 9
1343844543 0 /dev/ttyUSB1 9
1343844549 0 /dev/ttyUSB1 9
1343844555 0 /dev/ttyUSB1 9
1343844567 0 /dev/ttyUSB1 9
1343844573 0 /dev/ttyUSB1 9
1343844579 0 /dev/ttyUSB1 9
1343844585 0 /dev/ttyUSB1 9
1343844592 0 /dev/ttyUSB1 9
1343844604 0 /dev/ttyUSB1 9
1343844610 0 /dev/ttyUSB1 9
1343844616 0 /dev/ttyUSB1 9
1343844622 0 /dev/ttyUSB1 9
1343844628 0 /dev/ttyUSB1 9
1343844634 0 /dev/ttyUSB1 9
1343844640 0 /dev/ttyUSB1 9
1343844647 0 /dev/ttyUSB1 9
1343844659 0 /dev/ttyUSB1 9
1343844665 0 /dev/ttyUSB1 9
1343844671 0 /dev/ttyUSB1 9
1343844677 0 /dev/ttyUSB1 9
1343844683 0 /dev/ttyUSB1 9
1343844689 0 /dev/ttyUSB1 9
1343844714 0 /dev/ttyUSB1 9
1343844720 0 /dev/ttyUSB1 9
1343844726 0 /dev/ttyUSB1 9
1343844732 0 /dev/ttyUSB1 9
1343844738 0 /dev/ttyUSB1 9
1343844744 0 /dev/ttyUSB1 9
1343844757 0 /dev/ttyUSB1 9
1343844763 0 /dev/ttyUSB1 9
1343844769 0 /dev/ttyUSB1 9
1343844775 0 /dev/ttyUSB1 9
1343844781 0 /dev/ttyUSB1 9
1343844787 0 /dev/ttyUSB1 9
1343844793 0 /dev/ttyUSB1 9
1343844799 0 /dev/ttyUSB1 9
1343844805 0 /dev/ttyUSB1 9
1343844812 0 /dev/ttyUSB1 9
1343844818 0 /dev/ttyUSB1 9
1343844830 0 /dev/ttyUSB1 9
1343844842 0 /dev/ttyUSB1 9
1343844860 0 /dev/ttyUSB1 9
1343844867 0 /dev/ttyUSB1 9
1343844873 0 /dev/ttyUSB1 9
1343844879 0 /dev/ttyUSB1 9
1343844885 0 /dev/ttyUSB1 9
1343844891 0 /dev/ttyUSB1 9
1343844903 0 /dev/ttyUSB1 9
1343844909 0 /dev/ttyUSB1 9
1343844915 0 /dev/ttyUSB1 9
1343844922 0 /dev/ttyUSB1 9
1343844928 0 /dev/ttyUSB1 9
1343844934 0 /dev/ttyUSB1 9
1343844940 0 /dev/ttyUSB1 9
1343844946 0 /dev/ttyUSB1 9
1343844958 0 /dev/ttyUSB1 9
1343844964 0 /dev/ttyUSB1 9
1343844970 0 /dev/ttyUSB1 9
1343844977 0 /dev/ttyUSB1 9
1343845013 0 /dev/ttyUSB1 9
1343845019 0 /dev/ttyUSB1 9
1343845025 0 /dev/ttyUSB1 9
1343845032 0 /dev/ttyUSB1 9
1343845038 0 /dev/ttyUSB1 9
1343845044 0 /dev/ttyUSB1 9
1343845050 0 /dev/ttyUSB1 9
1343845056 0 /dev/ttyUSB1 9
1343845062 0 /dev/ttyUSB1 9
1343845068 0 /dev/ttyUSB1 9
1343845074 0 /dev/ttyUSB1 9
1343845080 0 /dev/ttyUSB1 9
1343845087 0 /dev/ttyUSB1 9
1343845093 0 /dev/ttyUSB1 9
1343845099 0 /dev/ttyUSB1 9
1343845105 0 /dev/ttyUSB1 9
1343845111 0 /dev/ttyUSB1 9
1343845117 0 /dev/ttyUSB1 9
1343845123 0 /dev/ttyUSB1 9
1343845129 0 /dev/ttyUSB1 9
1343845135 0 /dev/ttyUSB1 9
1343845142 0 /dev/ttyUSB1 9
1343845166 0 /dev/ttyUSB1 9
1343845172 0 /dev/ttyUSB1 9
1343845178 0 /dev/ttyUSB1 9
1343845184 0 /dev/ttyUSB1 9
1343845190 0 /dev/ttyUSB1 9
1343845203 0 /dev/ttyUSB1 9
1343845209 0 /dev/ttyUSB1 9
1343845215 0 /dev/ttyUSB1 9
1343845221 0 /dev/ttyUSB1 9
1343845227 0 /dev/ttyUSB1 9
1343845233 0 /dev/ttyUSB1 9
1343845239 0 /dev/ttyUSB1 9
1343845245 0 /dev/ttyUSB1 9
1343845258 0 /dev/ttyUSB1 9
1343845264 0 /dev/ttyUSB1 9
1343845270 0 /dev/ttyUSB1 9
1343845276 0 /dev/ttyUSB1 9
1343845288 0 /dev/ttyUSB1 9
1343845294 0 /dev/ttyUSB1 9
1343845300 0 /dev/ttyUSB1 9
1343845313 0 /dev/ttyUSB1 9
1343845319 0 /dev/ttyUSB1 9
1343845374 0 /dev/ttyUSB1 9
1343845380 0 /dev/ttyUSB1 9
1343845386 0 /dev/ttyUSB1 9
1343845392 0 /dev/ttyUSB1 9
1343845398 0 /dev/ttyUSB1 9
1343845404 0 /dev/ttyUSB1 9
1343845410 0 /dev/ttyUSB1 9
1343845417 0 /dev/ttyUSB1 9
1343845423 0 /dev/ttyUSB1 9
1343845429 0 /dev/ttyUSB1 9
1343845435 0 /dev/ttyUSB1 9
1343845447 0 /dev/ttyUSB1 9
1343845453 0 /dev/ttyUSB1 9
1343845459 0 /dev/ttyUSB1 9
1343845466 0 /dev/ttyUSB1 9
1343845472 0 /dev/ttyUSB1 9
1343845478 0 /dev/ttyUSB1 9
1343845484 0 /dev/ttyUSB1 9
1343845490 0 /dev/ttyUSB1 9
1343845502 0 /dev/ttyUSB1 9
1343845508 0 /dev/ttyUSB1 9
1343845514 0 /dev/ttyUSB1 9
1343845521 0 /dev/ttyUSB1 9
1343845527 0 /dev/ttyUSB1 9
1343845533 0 /dev/ttyUSB1 9
1343845539 0 /dev/ttyUSB1 9
1343845545 0 /dev/ttyUSB1 9
1343845557 0 /dev/ttyUSB1 9
1343845563 0 /dev/ttyUSB1 9
1343845569 0 /dev/ttyUSB1 9
1343845576 0 /dev/ttyUSB1 9
1343845582 0 /dev/ttyUSB1 9
1343845588 0 /dev/ttyUSB1 9
1343845594 0 /dev/ttyUSB1 9
1343845600 0 /dev/ttyUSB1 9
1343845606 0 /dev/ttyUSB1 9
1343845612 0 /dev/ttyUSB1 9
1343845618 0 /dev/ttyUSB1 9
1343845624 0 /dev/ttyUSB1 9
1343845631 0 /dev/ttyUSB1 9
1343845637 0 /dev/ttyUSB1 9
1343845643 0 /dev/ttyUSB1 9
1343845649 0 /dev/ttyUSB1 9
1343845655 0 /dev/ttyUSB1 9
1343845661 0 /dev/ttyUSB1 9
1343845667 0 /dev/ttyUSB1 9
1343845673 0 /dev/ttyUSB1 9
1343845679 0 /dev/ttyUSB1 9
1343845686 0 /dev/ttyUSB1 9
1343845692 0 /dev/ttyUSB1 9
1343845698 0 /dev/ttyUSB1 9
1343845704 0 /dev/ttyUSB1 9
1343845710 0 /dev/ttyUSB1 9
1343845716 0 /dev/ttyUSB1 9
1343845722 0 /dev/ttyUSB1 9
1343845728 0 /dev/ttyUSB1 9
1343845734 0 /dev/ttyUSB1 9
1343845747 0 /dev/ttyUSB1 9
1343845753 0 /dev/ttyUSB1 9
1343845759 0 /dev/ttyUSB1 9
1343845765 0 /dev/ttyUSB1 9
1343845771 0 /dev/ttyUSB1 9
1343845777 0 /dev/ttyUSB1 9
1343845783 0 /dev/ttyUSB1 9
1343845789 0 /dev/ttyUSB1 9
1343845802 0 /dev/ttyUSB1 9
1343845808 0 /dev/ttyUSB1 9
1343845838 0 /dev/ttyUSB1 9
1343845844 0 /dev/ttyUSB1 9
1343845857 0 /dev/ttyUSB1 9
1343845863 0 /dev/ttyUSB1 9
1343845869 0 /dev/ttyUSB1 9
1343845875 0 /dev/ttyUSB1 9
1343845881 0 /dev/ttyUSB1 9
1343845887 0 /dev/ttyUSB1 9
1343845893 0 /dev/ttyUSB1 9
1343845899 0 /dev/ttyUSB1 9
1343845906 0 /dev/ttyUSB1 9
1343845912 0 /dev/ttyUSB1 9
1343845918 0 /dev/ttyUSB1 9
1343845924 0 /dev/ttyUSB1 9
1343845930 0 /dev/ttyUSB1 9
1343845936 0 /dev/ttyUSB1 9
1343845942 0 /dev/ttyUSB1 9
1343845948 0 /dev/ttyUSB1 9
1343845954 0 /dev/ttyUSB1 9
1343845961 0 /dev/ttyUSB1 9
1343845967 0 /dev/ttyUSB1 9
1343845973 0 /dev/ttyUSB1 9
1343845979 0 /dev/ttyUSB1 9
1343845985 0 /dev/ttyUSB1 9
1343845991 0 /dev/ttyUSB1 9
1343845997 0 /dev/ttyUSB1 9
1343846003 0 /dev/ttyUSB1 9
1343846022 0 /dev/ttyUSB1 9
1343846028 0 /dev/ttyUSB1 9
1343846034 0 /dev/ttyUSB1 9
1343846046 0 /dev/ttyUSB1 9
1343846052 0 /dev/ttyUSB1 9
1343846058 0 /dev/ttyUSB1 9
1343846064 0 /dev/ttyUSB1 9
1343846071 0 /dev/ttyUSB1 9
1343846077 0 /dev/ttyUSB1 9
1343846083 0 /dev/ttyUSB1 9
1343846089 0 /dev/ttyUSB1 9
1343846101 0 /dev/ttyUSB1 9
1343846107 0 /dev/ttyUSB1 9
1343846113 0 /dev/ttyUSB1 9
1343846119 0 /dev/ttyUSB1 9
1343846126 0 /dev/ttyUSB1 9
1343846132 0 /dev/ttyUSB1 9
1343846138 0 /dev/ttyUSB1 9
1343846144 0 /dev/ttyUSB1 9
1343846156 0 /dev/ttyUSB1 9
1343846162 0 /dev/ttyUSB1 9
1343846168 0 /dev/ttyUSB1 9
1343846174 0 /dev/ttyUSB1 9
1343846181 0 /dev/ttyUSB1 9
1343846187 0 /dev/ttyUSB1 9
1343846193 0 /dev/ttyUSB1 9
1343846199 0 /dev/ttyUSB1 9
1343846205 0 /dev/ttyUSB1 9
1343846211 0 /dev/ttyUSB1 9
1343846223 0 /dev/ttyUSB1 9
1343846236 0 /dev/ttyUSB1 9
1343846242 0 /dev/ttyUSB1 9
1343846254 0 /dev/ttyUSB1 9
1343846260 0 /dev/ttyUSB1 9
1343846266 0 /dev/ttyUSB1 9
1343846272 0 /dev/ttyUSB1 9
1343846278 0 /dev/ttyUSB1 9
1343846284 0 /dev/ttyUSB1 9
1343846291 0 /dev/ttyUSB1 9
1343846297 0 /dev/ttyUSB1 9
1343846303 0 /dev/ttyUSB1 9
1343846309 0 /dev/ttyUSB1 9
1343846315 0 /dev/ttyUSB1 9
1343846321 0 /dev/ttyUSB1 9
1343846327 0 /dev/ttyUSB1 9
1343846333 0 /dev/ttyUSB1 9
1343846346 0 /dev/ttyUSB1 9
1343846352 0 /dev/ttyUSB1 9
1343846382 0 /dev/ttyUSB1 9
1343846388 0 /dev/ttyUSB1 9
1343846401 0 /dev/ttyUSB1 9
1343846407 0 /dev/ttyUSB1 9
1343846413 0 /dev/ttyUSB1 9
1343846419 0 /dev/ttyUSB1 9
1343846425 0 /dev/ttyUSB1 9
1343846431 0 /dev/ttyUSB1 9
1343846437 0 /dev/ttyUSB1 9
1343846443 0 /dev/ttyUSB1 9
1343846462 0 /dev/ttyUSB1 9
1343846468 0 /dev/ttyUSB1 9
1343846474 0 /dev/ttyUSB1 9
1343846480 0 /dev/ttyUSB1 9
1343846486 0 /dev/ttyUSB1 9
1343846492 0 /dev/ttyUSB1 9
1343846498 0 /dev/ttyUSB1 9
1343846504 0 /dev/ttyUSB1 9
1343846511 0 /dev/ttyUSB1 9
1343846517 0 /dev/ttyUSB1 9
1343846523 0 /dev/ttyUSB1 9
1343846529 0 /dev/ttyUSB1 9
1343846535 0 /dev/ttyUSB1 9
1343846541 0 /dev/ttyUSB1 9
1343846547 0 /dev/ttyUSB1 9
1343846553 0 /dev/ttyUSB1 9
1343846559 0 /dev/ttyUSB1 9
1343846566 0 /dev/ttyUSB1 9
1343846572 0 /dev/ttyUSB1 9
1343846578 0 /dev/ttyUSB1 9
1343846584 0 /dev/ttyUSB1 9
1343846590 0 /dev/ttyUSB1 9
1343846596 0 /dev/ttyUSB1 9
1343846602 0 /dev/ttyUSB1 9
1343846608 0 /dev/ttyUSB1 9
1343846621 0 /dev/ttyUSB1 9
1343846627 0 /dev/ttyUSB1 9
1343846633 0 /dev/ttyUSB1 9
1343846645 0 /dev/ttyUSB1 9
1343846651 0 /dev/ttyUSB1 9
1343846657 0 /dev/ttyUSB1 9
1343846663 0 /dev/ttyUSB1 9
1343846669 0 /dev/ttyUSB1 9
1343846676 0 /dev/ttyUSB1 9
1343846682 0 /dev/ttyUSB1 9
1343846688 0 /dev/ttyUSB1 9
1343846700 0 /dev/ttyUSB1 9
1343846706 0 /dev/ttyUSB1 9
1343846712 0 /dev/ttyUSB1 9
1343846718 0 /dev/ttyUSB1 9
1343846724 0 /dev/ttyUSB1 9
1343846731 0 /dev/ttyUSB1 9
1343846737 0 /dev/ttyUSB1 9
1343846743 0 /dev/ttyUSB1 9
1343846755 0 /dev/ttyUSB1 9
1343846761 0 /dev/ttyUSB1 9
1343846767 0 /dev/ttyUSB1 9
1343846773 0 /dev/ttyUSB1 9
1343846780 0 /dev/ttyUSB1 9
1343846786 0 /dev/ttyUSB1 9
1343846792 0 /dev/ttyUSB1 9
1343846798 0 /dev/ttyUSB1 9
1343846804 0 /dev/ttyUSB1 9
1343846810 0 /dev/ttyUSB1 9
1343846816 0 /dev/ttyUSB1 9
1343846828 0 /dev/ttyUSB1 9
1343846835 0 /dev/ttyUSB1 9
1343846841 0 /dev/ttyUSB1 9
1343846847 0 /dev/ttyUSB1 9
1343846853 0 /dev/ttyUSB1 9
1343846859 0 /dev/ttyUSB1 9
1343846865 0 /dev/ttyUSB1 9
1343846871 0 /dev/ttyUSB1 9
1343846877 0 /dev/ttyUSB1 9
1343846883 0 /dev/ttyUSB1 9
1343846890 0 /dev/ttyUSB1 9
1343846896 0 /dev/ttyUSB1 9
1343846902 0 /dev/ttyUSB1 9
1343846908 0 /dev/ttyUSB1 9
1343846914 0 /dev/ttyUSB1 9
1343846920 0 /dev/ttyUSB1 9
1343846926 0 /dev/ttyUSB1 9
1343846932 0 /dev/ttyUSB1 9
1343846938 0 /dev/ttyUSB1 9
1343846945 0 /dev/ttyUSB1 9
1343846951 0 /dev/ttyUSB1 9
1343846957 0 /dev/ttyUSB1 9
1343846963 0 /dev/ttyUSB1 9
1343846969 0 /dev/ttyUSB1 9
1343846975 0 /dev/ttyUSB1 9
1343846981 0 /dev/ttyUSB1 9
1343846987 0 /dev/ttyUSB1 9
1343847000 0 /dev/ttyUSB1 9
1343847006 0 /dev/ttyUSB1 9
1343847012 0 /dev/ttyUSB1 9
1343847018 0 /dev/ttyUSB1 9
1343847024 0 /dev/ttyUSB1 9
1343847030 0 /dev/ttyUSB1 9
1343847036 0 /dev/ttyUSB1 9
1343847042 0 /dev/ttyUSB1 9
1343847055 0 /dev/ttyUSB1 9
1343847061 0 /dev/ttyUSB1 9
1343847067 0 /dev/ttyUSB1 9
1343847073 0 /dev/ttyUSB1 9
1343847079 0 /dev/ttyUSB1 9
1343847085 0 /dev/ttyUSB1 9
1343847091 0 /dev/ttyUSB1 9
1343847097 0 /dev/ttyUSB1 9
1343847110 0 /dev/ttyUSB1 9
1343847116 0 /dev/ttyUSB1 9
1343847122 0 /dev/ttyUSB1 9
1343847128 0 /dev/ttyUSB1 9
1343847134 0 /dev/ttyUSB1 9
1343847140 0 /dev/ttyUSB1 9
1343847146 0 /dev/ttyUSB1 9
1343847152 0 /dev/ttyUSB1 9
1343847165 0 /dev/ttyUSB1 9
1343847171 0 /dev/ttyUSB1 9
1343847177 0 /dev/ttyUSB1 9
1343847183 0 /dev/ttyUSB1 9
1343847189 0 /dev/ttyUSB1 9
1343847195 0 /dev/ttyUSB1 9
1343847201 0 /dev/ttyUSB1 9
1343847207 0 /dev/ttyUSB1 9
1343847213 0 /dev/ttyUSB1 9
1343847220 0 /dev/ttyUSB1 9
1343847226 0 /dev/ttyUSB1 9
1343847232 0 /dev/ttyUSB1 9
1343847244 0 /dev/ttyUSB1 9
1343847250 0 /dev/ttyUSB1 9
1343847256 0 /dev/ttyUSB1 9
1343847262 0 /dev/ttyUSB1 9
1343847268 0 /dev/ttyUSB1 9
1343847275 0 /dev/ttyUSB1 9
1343847281 0 /dev/ttyUSB1 9
1343847287 0 /dev/ttyUSB1 9
1343847299 0 /dev/ttyUSB1 9
1343847342 0 /dev/ttyUSB1 9
1343847354 0 /dev/ttyUSB1 9
1343847360 0 /dev/ttyUSB1 9
1343847366 0 /dev/ttyUSB1 9
1343847372 0 /dev/ttyUSB1 9
1343847378 0 /dev/ttyUSB1 9
1343847385 0 /dev/ttyUSB1 9
1343847391 0 /dev/ttyUSB1 9
1343847397 0 /dev/ttyUSB1 9
1343847403 0 /dev/ttyUSB1 9
1343847409 0 /dev/ttyUSB1 9
1343847415 0 /dev/ttyUSB1 9
1343847421 0 /dev/ttyUSB1 9
1343847427 0 /dev/ttyUSB1 9
1343847433 0 /dev/ttyUSB1 9
1343847440 0 /dev/ttyUSB1 9
1343847446 0 /dev/ttyUSB1 9
1343847452 0 /dev/ttyUSB1 9
1343847458 0 /dev/ttyUSB1 9
1343847464 0 /dev/ttyUSB1 9
1343847470 0 /dev/ttyUSB1 9
1343847476 0 /dev/ttyUSB1 9
1343847482 0 /dev/ttyUSB1 9
1343847488 0 /dev/ttyUSB1 9
1343847495 0 /dev/ttyUSB1 9
1343847501 0 /dev/ttyUSB1 9
1343847507 0 /dev/ttyUSB1 9
1343847513 0 /dev/ttyUSB1 9
1343847519 0 /dev/ttyUSB1 9
1343847525 0 /dev/ttyUSB1 9
1343847531 0 /dev/ttyUSB1 9
1343847543 0 /dev/ttyUSB1 9
1343847556 0 /dev/ttyUSB1 9
1343847562 0 /dev/ttyUSB1 9
1343847568 0 /dev/ttyUSB1 9
1343847574 0 /dev/ttyUSB1 9
1343847580 0 /dev/ttyUSB1 9
1343847586 0 /dev/ttyUSB1 9
1343847598 0 /dev/ttyUSB1 9
1343847605 0 /dev/ttyUSB1 9
1343847611 0 /dev/ttyUSB1 9
1343847617 0 /dev/ttyUSB1 9
1343847623 0 /dev/ttyUSB1 9
1343847629 0 /dev/ttyUSB1 9
1343847635 0 /dev/ttyUSB1 9
1343847641 0 /dev/ttyUSB1 9
1343847647 0 /dev/ttyUSB1 9
1343847653 0 /dev/ttyUSB1 9
1343847660 0 /dev/ttyUSB1 9
1343847666 0 /dev/ttyUSB1 9
1343847672 0 /dev/ttyUSB1 9
1343847678 0 /dev/ttyUSB1 9
1343847684 0 /dev/ttyUSB1 9
1343847690 0 /dev/ttyUSB1 9
1343847696 0 /dev/ttyUSB1 9
1343847702 0 /dev/ttyUSB1 9
1343847708 0 /dev/ttyUSB1 9
1343847715 0 /dev/ttyUSB1 9
1343847721 0 /dev/ttyUSB1 9
1343847727 0 /dev/ttyUSB1 9
1343847733 0 /dev/ttyUSB1 9
1343847739 0 /dev/ttyUSB1 9
1343847751 0 /dev/ttyUSB1 9
1343847757 0 /dev/ttyUSB1 9
1343847763 0 /dev/ttyUSB1 9
1343847770 0 /dev/ttyUSB1 9
1343847776 0 /dev/ttyUSB1 9
1343847788 0 /dev/ttyUSB1 9
1343847794 0 /dev/ttyUSB1 9
1343847800 0 /dev/ttyUSB1 9
1343847806 0 /dev/ttyUSB1 9
1343847812 0 /dev/ttyUSB1 9
1343847855 0 /dev/ttyUSB1 9
1343847861 0 /dev/ttyUSB1 9
1343847867 0 /dev/ttyUSB1 9
1343847874 0 /dev/ttyUSB1 9
1343847880 0 /dev/ttyUSB1 9
1343847886 0 /dev/ttyUSB1 9
1343847904 0 /dev/ttyUSB1 9
1343847910 0 /dev/ttyUSB1 9
1343847916 0 /dev/ttyUSB1 9
1343847922 0 /dev/ttyUSB1 9
1343847947 0 /dev/ttyUSB1 9
1343847953 0 /dev/ttyUSB1 9
1343847959 0 /dev/ttyUSB1 9
1343847965 0 /dev/ttyUSB1 9
1343847971 0 /dev/ttyUSB1 9
1343847977 0 /dev/ttyUSB1 9
1343847984 0 /dev/ttyUSB1 9
1343847990 0 /dev/ttyUSB1 9
1343847996 0 /dev/ttyUSB1 9
1343848002 0 /dev/ttyUSB1 9
1343848008 0 /dev/ttyUSB1 9
1343848014 0 /dev/ttyUSB1 9
1343848020 0 /dev/ttyUSB1 9
1343848026 0 /dev/ttyUSB1 9
1343848032 0 /dev/ttyUSB1 9
1343848039 0 /dev/ttyUSB1 9
1343848045 0 /dev/ttyUSB1 9
1343848051 0 /dev/ttyUSB1 9
1343848057 0 /dev/ttyUSB1 9
1343848063 0 /dev/ttyUSB1 9
1343848069 0 /dev/ttyUSB1 9
1343848075 0 /dev/ttyUSB1 9
1343848081 0 /dev/ttyUSB1 9
1343848087 0 /dev/ttyUSB1 9
1343848094 0 /dev/ttyUSB1 9
1343848100 0 /dev/ttyUSB1 9
1343848106 0 /dev/ttyUSB1 9
1343848112 0 /dev/ttyUSB1 9
1343848118 0 /dev/ttyUSB1 9
1343848124 0 /dev/ttyUSB1 9
1343848130 0 /dev/ttyUSB1 9
1343848142 0 /dev/ttyUSB1 9
1343848149 0 /dev/ttyUSB1 9
1343848155 0 /dev/ttyUSB1 9
1343848161 0 /dev/ttyUSB1 9
1343848167 0 /dev/ttyUSB1 9
1343848173 0 /dev/ttyUSB1 9
1343848179 0 /dev/ttyUSB1 9
1343848185 0 /dev/ttyUSB1 9
1343848197 0 /dev/ttyUSB1 9
1343848204 0 /dev/ttyUSB1 9
1343848216 0 /dev/ttyUSB1 9
1343848228 0 /dev/ttyUSB1 9
1343848234 0 /dev/ttyUSB1 9
1343848240 0 /dev/ttyUSB1 9
1343848252 0 /dev/ttyUSB1 9
1343848259 0 /dev/ttyUSB1 9
1343848289 0 /dev/ttyUSB1 9
1343848295 0 /dev/ttyUSB1 9
1343848301 0 /dev/ttyUSB1 9
1343848307 0 /dev/ttyUSB1 9
1343848314 0 /dev/ttyUSB1 9
1343848320 0 /dev/ttyUSB1 9
1343848326 0 /dev/ttyUSB1 9
1343848332 0 /dev/ttyUSB1 9
1343848338 0 /dev/ttyUSB1 9
1343848344 0 /dev/ttyUSB1 9
1343848350 0 /dev/ttyUSB1 9
1343848356 0 /dev/ttyUSB1 9
1343848362 0 /dev/ttyUSB1 9
1343848369 0 /dev/ttyUSB1 9
1343848375 0 /dev/ttyUSB1 9
1343848387 0 /dev/ttyUSB1 9
1343848393 0 /dev/ttyUSB1 9
1343848399 0 /dev/ttyUSB1 9
1343848424 0 /dev/ttyUSB1 9
1343848430 0 /dev/ttyUSB1 9
1343848442 0 /dev/ttyUSB1 9
1343848448 0 /dev/ttyUSB1 9
1343848479 0 /dev/ttyUSB1 9
1343848485 0 /dev/ttyUSB1 9
1343848497 0 /dev/ttyUSB1 9
1343848503 0 /dev/ttyUSB1 9
1343848509 0 /dev/ttyUSB1 9
1343848515 0 /dev/ttyUSB1 9
1343848521 0 /dev/ttyUSB1 9
1343848527 0 /dev/ttyUSB1 9
1343848534 0 /dev/ttyUSB1 9
1343848582 0 /dev/ttyUSB1 9
1343848589 0 /dev/ttyUSB1 9
1343848595 0 /dev/ttyUSB1 9
1343848601 0 /dev/ttyUSB1 9
1343848607 0 /dev/ttyUSB1 9
1343848613 0 /dev/ttyUSB1 9
1343848619 0 /dev/ttyUSB1 9
1343848625 0 /dev/ttyUSB1 9
1343848631 0 /dev/ttyUSB1 9
1343848637 0 /dev/ttyUSB1 9
1343848644 0 /dev/ttyUSB1 9
1343848650 0 /dev/ttyUSB1 9
1343848656 0 /dev/ttyUSB1 9
1343848662 0 /dev/ttyUSB1 9
1343848668 0 /dev/ttyUSB1 9
1343848674 0 /dev/ttyUSB1 9
1343848686 0 /dev/ttyUSB1 9
1343848692 0 /dev/ttyUSB1 9
1343848699 0 /dev/ttyUSB1 9
1343848705 0 /dev/ttyUSB1 9
1343848711 0 /dev/ttyUSB1 9
1343848717 0 /dev/ttyUSB1 9
1343848723 0 /dev/ttyUSB1 9
1343848729 0 /dev/ttyUSB1 9
1343848772 0 /dev/ttyUSB1 9
1343848778 0 /dev/ttyUSB1 9
1343848784 0 /dev/ttyUSB1 9
1343848815 0 /dev/ttyUSB1 9
1343848821 0 /dev/ttyUSB1 9
1343848827 0 /dev/ttyUSB1 9
1343848833 0 /dev/ttyUSB1 9
1343848839 0 /dev/ttyUSB1 9
1343848851 0 /dev/ttyUSB1 9
1343848857 0 /dev/ttyUSB1 9
1343848864 0 /dev/ttyUSB1 9
1343848870 0 /dev/ttyUSB1 9
1343848876 0 /dev/ttyUSB1 9
1343848882 0 /dev/ttyUSB1 9
1343848888 0 /dev/ttyUSB1 9
1343848894 0 /dev/ttyUSB1 9
1343848900 0 /dev/ttyUSB1 9
1343848906 0 /dev/ttyUSB1 9
1343848912 0 /dev/ttyUSB1 9
1343848919 0 /dev/ttyUSB1 9
1343848925 0 /dev/ttyUSB1 9
1343848931 0 /dev/ttyUSB1 9
1343848937 0 /dev/ttyUSB1 9
1343848943 0 /dev/ttyUSB1 9
1343848949 0 /dev/ttyUSB1 9
1343848955 0 /dev/ttyUSB1 9
1343848961 0 /dev/ttyUSB1 9
1343848967 0 /dev/ttyUSB1 9
1343848974 0 /dev/ttyUSB1 9
1343848986 0 /dev/ttyUSB1 9
1343848992 0 /dev/ttyUSB1 9
1343848998 0 /dev/ttyUSB1 9
1343849004 0 /dev/ttyUSB1 9
1343849010 0 /dev/ttyUSB1 9
1343849022 0 /dev/ttyUSB1 9
1343849029 0 /dev/ttyUSB1 9
1343849041 0 /dev/ttyUSB1 9
1343849047 0 /dev/ttyUSB1 9
1343849053 0 /dev/ttyUSB1 9
1343849059 0 /dev/ttyUSB1 9
1343849065 0 /dev/ttyUSB1 9
1343849071 0 /dev/ttyUSB1 9
1343849077 0 /dev/ttyUSB1 9
1343849084 0 /dev/ttyUSB1 9
1343849096 0 /dev/ttyUSB1 9
1343849102 0 /dev/ttyUSB1 9
1343849108 0 /dev/ttyUSB1 9
1343849114 0 /dev/ttyUSB1 9
1343849120 0 /dev/ttyUSB1 9
1343849126 0 /dev/ttyUSB1 9
1343849132 0 /dev/ttyUSB1 9
1343849139 0 /dev/ttyUSB1 9
1343849145 0 /dev/ttyUSB1 9
1343849151 0 /dev/ttyUSB1 9
1343849157 0 /dev/ttyUSB1 9
1343849163 0 /dev/ttyUSB1 9
1343849169 0 /dev/ttyUSB1 9
1343849175 0 /dev/ttyUSB1 9
1343849181 0 /dev/ttyUSB1 9
1343849188 0 /dev/ttyUSB1 9
1343849194 0 /dev/ttyUSB1 9
1343849200 0 /dev/ttyUSB1 9
1343849206 0 /dev/ttyUSB1 9
1343849212 0 /dev/ttyUSB1 9
1343849218 0 /dev/ttyUSB1 9
1343849224 0 /dev/ttyUSB1 9
1343849230 0 /dev/ttyUSB1 9
1343849236 0 /dev/ttyUSB1 9
1343849249 0 /dev/ttyUSB1 9
1343849255 0 /dev/ttyUSB1 9
1343849261 0 /dev/ttyUSB1 9
1343849267 0 /dev/ttyUSB1 9
1343849273 0 /dev/ttyUSB1 9
1343849285 0 /dev/ttyUSB1 9
1343849291 0 /dev/ttyUSB1 9
1343849298 0 /dev/ttyUSB1 9
1343849304 0 /dev/ttyUSB1 9
1343849322 0 /dev/ttyUSB1 9
1343849328 0 /dev/ttyUSB1 9
1343849340 0 /dev/ttyUSB1 9
1343849346 0 /dev/ttyUSB1 9
1343849353 0 /dev/ttyUSB1 9
1343849359 0 /dev/ttyUSB1 9
1343849365 0 /dev/ttyUSB1 9
1343849371 0 /dev/ttyUSB1 9
1343849377 0 /dev/ttyUSB1 9
1343849383 0 /dev/ttyUSB1 9
1343849395 0 /dev/ttyUSB1 9
1343849401 0 /dev/ttyUSB1 9
1343849408 0 /dev/ttyUSB1 9
1343849414 0 /dev/ttyUSB1 9
1343849420 0 /dev/ttyUSB1 9
1343849426 0 /dev/ttyUSB1 9
1343849432 0 /dev/ttyUSB1 9
1343849438 0 /dev/ttyUSB1 9
1343849444 0 /dev/ttyUSB1 9
1343849450 0 /dev/ttyUSB1 9
1343849456 0 /dev/ttyUSB1 9
1343849463 0 /dev/ttyUSB1 9
1343849469 0 /dev/ttyUSB1 9
1343849475 0 /dev/ttyUSB1 9
1343849493 0 /dev/ttyUSB1 9
1343849499 0 /dev/ttyUSB1 9
1343849505 0 /dev/ttyUSB1 9
1343849511 0 /dev/ttyUSB1 9
1343849518 0 /dev/ttyUSB1 9
1343849524 0 /dev/ttyUSB1 9
1343849530 0 /dev/ttyUSB1 9
1343849536 0 /dev/ttyUSB1 9
1343849542 0 /dev/ttyUSB1 9
1343849554 0 /dev/ttyUSB1 9
1343849560 0 /dev/ttyUSB1 9
1343849566 0 /dev/ttyUSB1 9
1343849585 0 /dev/ttyUSB1 9
1343849591 0 /dev/ttyUSB1 9
1343849597 0 /dev/ttyUSB1 9
1343849603 0 /dev/ttyUSB1 9
1343849609 0 /dev/ttyUSB1 9
1343849615 0 /dev/ttyUSB1 9
1343849621 0 /dev/ttyUSB1 9
1343849628 0 /dev/ttyUSB1 9
1343849640 0 /dev/ttyUSB1 9
1343849646 0 /dev/ttyUSB1 9
1343849652 0 /dev/ttyUSB1 9
1343849658 0 /dev/ttyUSB1 9
1343849664 0 /dev/ttyUSB1 9
1343849670 0 /dev/ttyUSB1 9
1343849676 0 /dev/ttyUSB1 9
1343849683 0 /dev/ttyUSB1 9
1343849689 0 /dev/ttyUSB1 9
1343849695 0 /dev/ttyUSB1 9
1343849701 0 /dev/ttyUSB1 9
1343849707 0 /dev/ttyUSB1 9
1343849713 0 /dev/ttyUSB1 9
1343849719 0 /dev/ttyUSB1 9
1343849725 0 /dev/ttyUSB1 9
1343849731 0 /dev/ttyUSB1 9
1343849738 0 /dev/ttyUSB1 9
1343849744 0 /dev/ttyUSB1 9
1343849750 0 /dev/ttyUSB1 9
1343849756 0 /dev/ttyUSB1 9
1343849762 0 /dev/ttyUSB1 9
1343849768 0 /dev/ttyUSB1 9
1343849774 0 /dev/ttyUSB1 9
1343849780 0 /dev/ttyUSB1 9
1343849786 0 /dev/ttyUSB1 9
1343849793 0 /dev/ttyUSB1 9
1343849799 0 /dev/ttyUSB1 9
1343849811 0 /dev/ttyUSB1 9
1343849817 0 /dev/ttyUSB1 9
1343849829 0 /dev/ttyUSB1 9
1343849835 0 /dev/ttyUSB1 9
1343849841 0 /dev/ttyUSB1 9
1343849848 0 /dev/ttyUSB1 9
1343849854 0 /dev/ttyUSB1 9
1343849860 0 /dev/ttyUSB1 9
1343849866 0 /dev/ttyUSB1 9
1343849872 0 /dev/ttyUSB1 9
1343849884 0 /dev/ttyUSB1 9
1343849890 0 /dev/ttyUSB1 9
1343849896 0 /dev/ttyUSB1 9
1343849903 0 /dev/ttyUSB1 9
1343849909 0 /dev/ttyUSB1 9
1343849915 0 /dev/ttyUSB1 9
1343849921 0 /dev/ttyUSB1 9
1343849927 0 /dev/ttyUSB1 9
1343849939 0 /dev/ttyUSB1 9
1343849945 0 /dev/ttyUSB1 9
1343849951 0 /dev/ttyUSB1 9
1343849958 0 /dev/ttyUSB1 9
1343849970 0 /dev/ttyUSB1 9
1343849976 0 /dev/ttyUSB1 9
1343849982 0 /dev/ttyUSB1 9
1343849988 0 /dev/ttyUSB1 9
1343849994 0 /dev/ttyUSB1 9
1343850000 0 /dev/ttyUSB1 9
1343850006 0 /dev/ttyUSB1 9
1343850013 0 /dev/ttyUSB1 9
1343850019 0 /dev/ttyUSB1 9
1343850025 0 /dev/ttyUSB1 9
1343850031 0 /dev/ttyUSB1 9
1343850037 0 /dev/ttyUSB1 9
1343850043 0 /dev/ttyUSB1 9
1343850049 0 /dev/ttyUSB1 9
1343850055 0 /dev/ttyUSB1 9
1343850061 0 /dev/ttyUSB1 9
1343850068 0 /dev/ttyUSB1 9
1343850074 0 /dev/ttyUSB1 9
1343850080 0 /dev/ttyUSB1 9
1343850086 0 /dev/ttyUSB1 9
1343850092 0 /dev/ttyUSB1 9
1343850098 0 /dev/ttyUSB1 9
1343850104 0 /dev/ttyUSB1 9
1343850110 0 /dev/ttyUSB1 9
1343850116 0 /dev/ttyUSB1 9
1343850129 0 /dev/ttyUSB1 9
1343850135 0 /dev/ttyUSB1 9
1343850141 0 /dev/ttyUSB1 9
1343850147 0 /dev/ttyUSB1 9
1343850153 0 /dev/ttyUSB1 9
1343850159 0 /dev/ttyUSB1 9
1343850165 0 /dev/ttyUSB1 9
1343850171 0 /dev/ttyUSB1 9
1343850184 0 /dev/ttyUSB1 9
1343850190 0 /dev/ttyUSB1 9
1343850196 0 /dev/ttyUSB1 9
1343850202 0 /dev/ttyUSB1 9
1343850208 0 /dev/ttyUSB1 9
1343850214 0 /dev/ttyUSB1 9
1343850220 0 /dev/ttyUSB1 9
1343850226 0 /dev/ttyUSB1 9
1343850233 0 /dev/ttyUSB1 9
1343850239 0 /dev/ttyUSB1 9
1343850245 0 /dev/ttyUSB1 9
1343850251 0 /dev/ttyUSB1 9
1343850257 0 /dev/ttyUSB1 9
1343850263 0 /dev/ttyUSB1 9
1343850269 0 /dev/ttyUSB1 9
1343850275 0 /dev/ttyUSB1 9
1343850282 0 /dev/ttyUSB1 9
1343850288 0 /dev/ttyUSB1 9
1343850294 0 /dev/ttyUSB1 9
1343850306 0 /dev/ttyUSB1 9
1343850312 0 /dev/ttyUSB1 9
1343850318 0 /dev/ttyUSB1 9
1343850324 0 /dev/ttyUSB1 9
1343850330 0 /dev/ttyUSB1 9
1343850337 0 /dev/ttyUSB1 9
1343850343 0 /dev/ttyUSB1 9
1343850349 0 /dev/ttyUSB1 9
1343850355 0 /dev/ttyUSB1 9
1343850361 0 /dev/ttyUSB1 9
1343850367 0 /dev/ttyUSB1 9
1343850373 0 /dev/ttyUSB1 9
1343850379 0 /dev/ttyUSB1 9
1343850385 0 /dev/ttyUSB1 9
1343850404 0 /dev/ttyUSB1 9
1343850410 0 /dev/ttyUSB1 9
1343850416 0 /dev/ttyUSB1 9
1343850428 0 /dev/ttyUSB1 9
1343850434 0 /dev/ttyUSB1 9
1343850440 0 /dev/ttyUSB1 9
1343850447 0 /dev/ttyUSB1 9
1343850453 0 /dev/ttyUSB1 9
1343850459 0 /dev/ttyUSB1 9
1343850465 0 /dev/ttyUSB1 9
1343850471 0 /dev/ttyUSB1 9
1343850483 0 /dev/ttyUSB1 9
1343850489 0 /dev/ttyUSB1 9
1343850495 0 /dev/ttyUSB1 9
1343850502 0 /dev/ttyUSB1 9
1343850508 0 /dev/ttyUSB1 9
1343850514 0 /dev/ttyUSB1 9
1343850520 0 /dev/ttyUSB1 9
1343850526 0 /dev/ttyUSB1 9
1343850532 0 /dev/ttyUSB1 9
1343850557 0 /dev/ttyUSB1 9
1343850563 0 /dev/ttyUSB1 9
1343850569 0 /dev/ttyUSB1 9
1343850575 0 /dev/ttyUSB1 9
1343850581 0 /dev/ttyUSB1 9
1343850587 0 /dev/ttyUSB1 9
1343850593 0 /dev/ttyUSB1 9
1343850599 0 /dev/ttyUSB1 9
1343850605 0 /dev/ttyUSB1 9
1343850612 0 /dev/ttyUSB1 9
1343850618 0 /dev/ttyUSB1 9
1343850636 0 /dev/ttyUSB1 9
1343850642 0 /dev/ttyUSB1 9
1343850648 0 /dev/ttyUSB1 9
1343850654 0 /dev/ttyUSB1 9
1343850660 0 /dev/ttyUSB1 9
1343850673 0 /dev/ttyUSB1 9
1343850679 0 /dev/ttyUSB1 9
1343850685 0 /dev/ttyUSB1 9
1343850691 0 /dev/ttyUSB1 9
1343850697 0 /dev/ttyUSB1 9
1343850703 0 /dev/ttyUSB1 9
1343850709 0 /dev/ttyUSB1 9
1343850715 0 /dev/ttyUSB1 9
1343850728 0 /dev/ttyUSB1 9
1343850752 0 /dev/ttyUSB1 9
1343850758 0 /dev/ttyUSB1 9
1343850764 0 /dev/ttyUSB1 9
1343850770 0 /dev/ttyUSB1 9
1343850783 0 /dev/ttyUSB1 9
1343850789 0 /dev/ttyUSB1 9
1343850795 0 /dev/ttyUSB1 9
1343850801 0 /dev/ttyUSB1 9
1343850807 0 /dev/ttyUSB1 9
1343850813 0 /dev/ttyUSB1 9
1343850819 0 /dev/ttyUSB1 9
1343850825 0 /dev/ttyUSB1 9
1343850832 0 /dev/ttyUSB1 9
1343850838 0 /dev/ttyUSB1 9
1343850844 0 /dev/ttyUSB1 9
1343850850 0 /dev/ttyUSB1 9
1343850856 0 /dev/ttyUSB1 9
1343850862 0 /dev/ttyUSB1 9
1343850868 0 /dev/ttyUSB1 9
1343850874 0 /dev/ttyUSB1 9
1343850880 0 /dev/ttyUSB1 9
1343850887 0 /dev/ttyUSB1 9
1343850893 0 /dev/ttyUSB1 9
1343850899 0 /dev/ttyUSB1 9
1343850905 0 /dev/ttyUSB1 9
1343850917 0 /dev/ttyUSB1 9
1343850923 0 /dev/ttyUSB1 9
1343850929 0 /dev/ttyUSB1 9
1343850935 0 /dev/ttyUSB1 9
1343850942 0 /dev/ttyUSB1 9
1343850948 0 /dev/ttyUSB1 9
1343850954 0 /dev/ttyUSB1 9
1343850960 0 /dev/ttyUSB1 9
1343850972 0 /dev/ttyUSB1 9
1343850978 0 /dev/ttyUSB1 9
1343850984 0 /dev/ttyUSB1 9
1343850990 0 /dev/ttyUSB1 9
1343850997 0 /dev/ttyUSB1 9
1343851003 0 /dev/ttyUSB1 9
1343851009 0 /dev/ttyUSB1 9
1343851015 0 /dev/ttyUSB1 9
1343851045 0 /dev/ttyUSB1 9
1343851052 0 /dev/ttyUSB1 9
1343851058 0 /dev/ttyUSB1 9
1343851064 0 /dev/ttyUSB1 9
1343851070 0 /dev/ttyUSB1 9
1343851076 0 /dev/ttyUSB1 9
1343851082 0 /dev/ttyUSB1 9
1343851088 0 /dev/ttyUSB1 9
1343851094 0 /dev/ttyUSB1 9
1343851100 0 /dev/ttyUSB1 9
1343851107 0 /dev/ttyUSB1 9
1343851113 0 /dev/ttyUSB1 9
1343851119 0 /dev/ttyUSB1 9
1343851125 0 /dev/ttyUSB1 9
1343851131 0 /dev/ttyUSB1 9
1343851137 0 /dev/ttyUSB1 9
1343851143 0 /dev/ttyUSB1 9
1343851149 0 /dev/ttyUSB1 9
1343851162 0 /dev/ttyUSB1 9
1343851168 0 /dev/ttyUSB1 9
1343851174 0 /dev/ttyUSB1 9
1343851180 0 /dev/ttyUSB1 9
1343851186 0 /dev/ttyUSB1 9
1343851192 0 /dev/ttyUSB1 9
1343851198 0 /dev/ttyUSB1 9
1343851204 0 /dev/ttyUSB1 9
1343851217 0 /dev/ttyUSB1 9
1343851223 0 /dev/ttyUSB1 9
1343851229 0 /dev/ttyUSB1 9
1343851235 0 /dev/ttyUSB1 9
1343851241 0 /dev/ttyUSB1 9
1343851247 0 /dev/ttyUSB1 9
1343851259 0 /dev/ttyUSB1 9
1343851272 0 /dev/ttyUSB1 9
1343851278 0 /dev/ttyUSB1 9
1343851284 0 /dev/ttyUSB1 9
1343851290 0 /dev/ttyUSB1 9
1343851296 0 /dev/ttyUSB1 9
1343851302 0 /dev/ttyUSB1 9
1343851308 0 /dev/ttyUSB1 9
1343851314 0 /dev/ttyUSB1 9
1343851321 0 /dev/ttyUSB1 9
1343851327 0 /dev/ttyUSB1 9
1343851333 0 /dev/ttyUSB1 9
1343851339 0 /dev/ttyUSB1 9
1343851345 0 /dev/ttyUSB1 9
1343851351 0 /dev/ttyUSB1 9
1343851357 0 /dev/ttyUSB1 9
1343851363 0 /dev/ttyUSB1 9
1343851376 0 /dev/ttyUSB1 9
1343851382 0 /dev/ttyUSB1 9
1343851388 0 /dev/ttyUSB1 9
1343851394 0 /dev/ttyUSB1 9
1343851443 0 /dev/ttyUSB1 9
1343851449 0 /dev/ttyUSB1 9
1343851461 0 /dev/ttyUSB1 9
1343851467 0 /dev/ttyUSB1 9
1343851473 0 /dev/ttyUSB1 9
1343851479 0 /dev/ttyUSB1 9
1343851486 0 /dev/ttyUSB1 9
1343851492 0 /dev/ttyUSB1 9
1343851498 0 /dev/ttyUSB1 9
1343851504 0 /dev/ttyUSB1 9
1343851516 0 /dev/ttyUSB1 9
1343851522 0 /dev/ttyUSB1 9
1343851528 0 /dev/ttyUSB1 9
1343851534 0 /dev/ttyUSB1 9
1343851541 0 /dev/ttyUSB1 9
1343851547 0 /dev/ttyUSB1 9
1343851553 0 /dev/ttyUSB1 9
1343851559 0 /dev/ttyUSB1 9
1343851565 0 /dev/ttyUSB1 9
1343851571 0 /dev/ttyUSB1 9
1343851577 0 /dev/ttyUSB1 9
1343851583 0 /dev/ttyUSB1 9
1343851589 0 /dev/ttyUSB1 9
1343851596 0 /dev/ttyUSB1 9
1343851602 0 /dev/ttyUSB1 9
1343851608 0 /dev/ttyUSB1 9
1343851614 0 /dev/ttyUSB1 9
1343851620 0 /dev/ttyUSB1 9
1343851626 0 /dev/ttyUSB1 9
1343851632 0 /dev/ttyUSB1 9
1343851638 0 /dev/ttyUSB1 9
1343851644 0 /dev/ttyUSB1 9
1343851651 0 /dev/ttyUSB1 9
1343851657 0 /dev/ttyUSB1 9
1343851663 0 /dev/ttyUSB1 9
1343851669 0 /dev/ttyUSB1 9
1343851675 0 /dev/ttyUSB1 9
1343851681 0 /dev/ttyUSB1 9
1343851693 0 /dev/ttyUSB1 9
1343851706 0 /dev/ttyUSB1 9
1343851712 0 /dev/ttyUSB1 9
1343851718 0 /dev/ttyUSB1 9
1343851724 0 /dev/ttyUSB1 9
1343851730 0 /dev/ttyUSB1 9
1343851736 0 /dev/ttyUSB1 9
1343851742 0 /dev/ttyUSB1 9
