1343836223 3 /dev/ttyUSB1 2
1343836229 2 /dev/ttyUSB1 2
1343836235 2 /dev/ttyUSB1 2
1343836241 2 /dev/ttyUSB1 2
1343836247 2 /dev/ttyUSB1 2
1343836253 2 /dev/ttyUSB1 2
1343836265 2 /dev/ttyUSB1 2
1343836271 2 /dev/ttyUSB1 2
1343836277 2 /dev/ttyUSB1 2
1343836284 2 /dev/ttyUSB1 2
1343836290 2 /dev/ttyUSB1 2
1343836296 2 /dev/ttyUSB1 2
1343836302 3 /dev/ttyUSB1 2
1343836308 3 /dev/ttyUSB1 2
1343836314 2 /dev/ttyUSB1 2
1343836320 2 /dev/ttyUSB1 2
1343836326 2 /dev/ttyUSB1 2
1343836332 3 /dev/ttyUSB1 2
1343836338 2 /dev/ttyUSB1 2
1343836351 2 /dev/ttyUSB1 2
1343836357 2 /dev/ttyUSB1 2
1343836363 3 /dev/ttyUSB1 2
1343836369 3 /dev/ttyUSB1 2
1343836375 2 /dev/ttyUSB1 2
1343836381 2 /dev/ttyUSB1 2
1343836387 2 /dev/ttyUSB1 2
1343836393 3 /dev/ttyUSB1 2
1343836399 2 /dev/ttyUSB1 2
1343836405 2 /dev/ttyUSB1 2
1343836412 2 /dev/ttyUSB1 2
1343836418 2 /dev/ttyUSB1 2
1343836424 3 /dev/ttyUSB1 2
1343836430 2 /dev/ttyUSB1 2
1343836436 2 /dev/ttyUSB1 2
1343836448 2 /dev/ttyUSB1 2
1343836454 2 /dev/ttyUSB1 2
1343836460 3 /dev/ttyUSB1 2
1343836466 2 /dev/ttyUSB1 2
1343836472 2 /dev/ttyUSB1 2
1343836479 2 /dev/ttyUSB1 2
1343836485 2 /dev/ttyUSB1 2
1343836491 2 /dev/ttyUSB1 2
1343836497 2 /dev/ttyUSB1 2
1343836503 2 /dev/ttyUSB1 2
1343836509 3 /dev/ttyUSB1 2
1343836515 2 /dev/ttyUSB1 2
1343836521 2 /dev/ttyUSB1 2
1343836527 2 /dev/ttyUSB1 2
1343836533 2 /dev/ttyUSB1 2
1343836576 2 /dev/ttyUSB1 2
1343836582 2 /dev/ttyUSB1 2
1343836588 2 /dev/ttyUSB1 2
1343836594 2 /dev/ttyUSB1 2
1343836600 2 /dev/ttyUSB1 2
1343836607 2 /dev/ttyUSB1 2
1343836613 2 /dev/ttyUSB1 2
1343836619 2 /dev/ttyUSB1 2
1343836625 2 /dev/ttyUSB1 2
1343836631 3 /dev/ttyUSB1 2
1343836637 2 /dev/ttyUSB1 2
1343836649 2 /dev/ttyUSB1 2
1343836655 2 /dev/ttyUSB1 2
1343836674 2 /dev/ttyUSB1 2
1343836692 2 /dev/ttyUSB1 2
1343836698 2 /dev/ttyUSB1 2
1343836704 2 /dev/ttyUSB1 2
1343836710 2 /dev/ttyUSB1 2
1343836716 2 /dev/ttyUSB1 2
1343836722 2 /dev/ttyUSB1 2
1343836728 2 /dev/ttyUSB1 2
1343836735 3 /dev/ttyUSB1 2
1343836789 2 /dev/ttyUSB1 2
1343836795 2 /dev/ttyUSB1 2
1343836802 2 /dev/ttyUSB1 2
1343836820 2 /dev/ttyUSB1 2
1343836836 3 /dev/ttyUSB1 2
1343836838 2 /dev/ttyUSB1 2
1343836844 2 /dev/ttyUSB1 2
1343836850 2 /dev/ttyUSB1 2
1343836856 2 /dev/ttyUSB1 2
1343836862 2 /dev/ttyUSB1 2
1343836869 2 /dev/ttyUSB1 2
1343836875 2 /dev/ttyUSB1 2
1343836881 2 /dev/ttyUSB1 2
1343836887 2 /dev/ttyUSB1 2
1343836899 2 /dev/ttyUSB1 2
1343836905 2 /dev/ttyUSB1 2
1343836911 2 /dev/ttyUSB1 2
1343836917 3 /dev/ttyUSB1 2
1343836923 2 /dev/ttyUSB1 2
1343836930 2 /dev/ttyUSB1 2
1343836936 2 /dev/ttyUSB1 2
1343836942 2 /dev/ttyUSB1 2
1343836948 2 /dev/ttyUSB1 2
1343836954 2 /dev/ttyUSB1 2
1343836960 2 /dev/ttyUSB1 2
1343836966 2 /dev/ttyUSB1 2
1343836972 2 /dev/ttyUSB1 2
1343836978 2 /dev/ttyUSB1 2
1343836997 2 /dev/ttyUSB1 2
1343837003 2 /dev/ttyUSB1 2
1343837009 2 /dev/ttyUSB1 2
1343837015 2 /dev/ttyUSB1 2
1343837021 3 /dev/ttyUSB1 2
1343837027 2 /dev/ttyUSB1 2
1343837033 2 /dev/ttyUSB1 2
1343837039 2 /dev/ttyUSB1 2
1343837045 2 /dev/ttyUSB1 2
1343837051 2 /dev/ttyUSB1 2
1343837057 2 /dev/ttyUSB1 2
1343837064 2 /dev/ttyUSB1 2
1343837070 2 /dev/ttyUSB1 2
1343837082 2 /dev/ttyUSB1 2
1343837088 2 /dev/ttyUSB1 2
1343837094 2 /dev/ttyUSB1 2
1343837100 2 /dev/ttyUSB1 2
1343837106 2 /dev/ttyUSB1 2
1343837112 2 /dev/ttyUSB1 2
1343837137 2 /dev/ttyUSB1 2
1343837143 2 /dev/ttyUSB1 2
1343837149 2 /dev/ttyUSB1 2
1343837155 2 /dev/ttyUSB1 2
1343837161 2 /dev/ttyUSB1 2
1343837167 2 /dev/ttyUSB1 2
1343837173 2 /dev/ttyUSB1 2
1343837179 2 /dev/ttyUSB1 2
1343837185 2 /dev/ttyUSB1 2
1343837192 2 /dev/ttyUSB1 2
1343837198 2 /dev/ttyUSB1 2
1343837204 2 /dev/ttyUSB1 2
1343837210 2 /dev/ttyUSB1 2
1343837222 2 /dev/ttyUSB1 2
1343837228 2 /dev/ttyUSB1 2
1343837234 2 /dev/ttyUSB1 2
1343837240 2 /dev/ttyUSB1 2
1343837246 2 /dev/ttyUSB1 2
1343837252 2 /dev/ttyUSB1 2
1343837259 2 /dev/ttyUSB1 2
1343837265 2 /dev/ttyUSB1 2
1343837271 2 /dev/ttyUSB1 2
1343837277 2 /dev/ttyUSB1 2
1343837283 3 /dev/ttyUSB1 2
1343837295 2 /dev/ttyUSB1 2
1343837301 2 /dev/ttyUSB1 2
1343837307 2 /dev/ttyUSB1 2
1343837313 2 /dev/ttyUSB1 2
1343837320 2 /dev/ttyUSB1 2
1343837326 2 /dev/ttyUSB1 2
1343837332 3 /dev/ttyUSB1 2
1343837338 2 /dev/ttyUSB1 2
1343837350 2 /dev/ttyUSB1 2
1343837356 2 /dev/ttyUSB1 2
1343837362 2 /dev/ttyUSB1 2
1343837411 2 /dev/ttyUSB1 2
1343837417 2 /dev/ttyUSB1 2
1343837423 2 /dev/ttyUSB1 2
1343837429 3 /dev/ttyUSB1 2
1343837435 2 /dev/ttyUSB1 2
1343837447 2 /dev/ttyUSB1 2
1343837454 2 /dev/ttyUSB1 2
1343837460 2 /dev/ttyUSB1 2
1343837466 2 /dev/ttyUSB1 2
1343837472 2 /dev/ttyUSB1 2
1343837478 2 /dev/ttyUSB1 2
1343837484 2 /dev/ttyUSB1 2
1343837490 2 /dev/ttyUSB1 2
1343837496 2 /dev/ttyUSB1 2
1343837502 3 /dev/ttyUSB1 2
1343837508 2 /dev/ttyUSB1 2
1343837515 2 /dev/ttyUSB1 2
1343837521 2 /dev/ttyUSB1 2
1343837527 2 /dev/ttyUSB1 2
1343837533 2 /dev/ttyUSB1 2
1343837575 2 /dev/ttyUSB1 2
1343837582 2 /dev/ttyUSB1 2
1343837588 2 /dev/ttyUSB1 2
1343837594 2 /dev/ttyUSB1 2
1343837600 2 /dev/ttyUSB1 2
1343837606 2 /dev/ttyUSB1 2
1343837612 2 /dev/ttyUSB1 2
1343837618 2 /dev/ttyUSB1 2
1343837624 2 /dev/ttyUSB1 2
1343837636 3 /dev/ttyUSB1 2
1343837651 2 /dev/ttyUSB1 2
1343837655 2 /dev/ttyUSB1 2
1343837661 2 /dev/ttyUSB1 2
1343837673 2 /dev/ttyUSB1 2
1343837679 3 /dev/ttyUSB1 2
1343837685 2 /dev/ttyUSB1 2
1343837691 2 /dev/ttyUSB1 2
1343837697 2 /dev/ttyUSB1 2
1343837703 2 /dev/ttyUSB1 2
1343837710 2 /dev/ttyUSB1 2
1343837716 2 /dev/ttyUSB1 2
1343837722 2 /dev/ttyUSB1 2
1343837728 2 /dev/ttyUSB1 2
1343838179 2 /dev/ttyUSB1 2
1343838185 2 /dev/ttyUSB1 2
1343838191 3 /dev/ttyUSB1 2
1343838197 2 /dev/ttyUSB1 2
1343838203 3 /dev/ttyUSB1 2
1343838209 2 /dev/ttyUSB1 2
1343838221 2 /dev/ttyUSB1 2
1343838228 2 /dev/ttyUSB1 2
1343838234 2 /dev/ttyUSB1 2
1343838240 2 /dev/ttyUSB1 2
1343838246 2 /dev/ttyUSB1 2
1343838252 2 /dev/ttyUSB1 2
1343838258 2 /dev/ttyUSB1 2
1343838264 2 /dev/ttyUSB1 2
1343838270 2 /dev/ttyUSB1 2
1343838276 2 /dev/ttyUSB1 2
1343838282 3 /dev/ttyUSB1 2
1343838288 2 /dev/ttyUSB1 2
1343838295 2 /dev/ttyUSB1 2
1343838307 2 /dev/ttyUSB1 2
1343838313 2 /dev/ttyUSB1 2
1343838319 2 /dev/ttyUSB1 2
1343838444 2 /dev/ttyUSB1 2
1343838445 2 /dev/ttyUSB1 2
1343838447 2 /dev/ttyUSB1 2
1343838459 2 /dev/ttyUSB1 2
1343838465 2 /dev/ttyUSB1 2
1343838477 2 /dev/ttyUSB1 2
1343838490 2 /dev/ttyUSB1 2
1343838496 2 /dev/ttyUSB1 2
1343838502 2 /dev/ttyUSB1 2
1343838508 3 /dev/ttyUSB1 2
1343838514 2 /dev/ttyUSB1 2
1343838520 2 /dev/ttyUSB1 2
1343838526 2 /dev/ttyUSB1 2
1343838971 2 /dev/ttyUSB1 2
1343838977 2 /dev/ttyUSB1 2
1343838983 2 /dev/ttyUSB1 2
1343838989 2 /dev/ttyUSB1 2
1343838995 2 /dev/ttyUSB1 2
1343839001 2 /dev/ttyUSB1 2
1343839008 2 /dev/ttyUSB1 2
1343839014 2 /dev/ttyUSB1 2
1343839026 2 /dev/ttyUSB1 2
1343839032 2 /dev/ttyUSB1 2
1343839038 2 /dev/ttyUSB1 2
1343839044 2 /dev/ttyUSB1 2
1343839050 2 /dev/ttyUSB1 2
1343839056 2 /dev/ttyUSB1 2
1343839062 2 /dev/ttyUSB1 2
1343839068 2 /dev/ttyUSB1 2
1343839075 2 /dev/ttyUSB1 2
1343839081 2 /dev/ttyUSB1 2
1343839087 2 /dev/ttyUSB1 2
1343839093 2 /dev/ttyUSB1 2
1343839099 2 /dev/ttyUSB1 2
1343839105 2 /dev/ttyUSB1 2
1343839111 2 /dev/ttyUSB1 2
1343839117 3 /dev/ttyUSB1 2
1343839123 3 /dev/ttyUSB1 2
1343839129 2 /dev/ttyUSB1 2
1343839300 2 /dev/ttyUSB1 2
1343839306 2 /dev/ttyUSB1 2
1343839312 2 /dev/ttyUSB1 2
1343839318 2 /dev/ttyUSB1 2
1343839324 2 /dev/ttyUSB1 2
1343839331 2 /dev/ttyUSB1 2
1343839465 2 /dev/ttyUSB1 2
1343839471 2 /dev/ttyUSB1 2
1343839477 2 /dev/ttyUSB1 2
1343839483 2 /dev/ttyUSB1 2
1343839489 2 /dev/ttyUSB1 2
1343839495 2 /dev/ttyUSB1 2
1343839507 2 /dev/ttyUSB1 2
1343839513 2 /dev/ttyUSB1 2
1343839538 3 /dev/ttyUSB1 2
1343839550 2 /dev/ttyUSB1 2
1343839556 2 /dev/ttyUSB1 2
1343839562 2 /dev/ttyUSB1 2
1343839568 2 /dev/ttyUSB1 2
1343839654 2 /dev/ttyUSB1 2
1343839660 2 /dev/ttyUSB1 2
1343839666 2 /dev/ttyUSB1 2
1343839672 3 /dev/ttyUSB1 2
1343839678 2 /dev/ttyUSB1 2
1343839800 2 /dev/ttyUSB1 2
1343839806 2 /dev/ttyUSB1 2
1343839812 2 /dev/ttyUSB1 2
1343839818 2 /dev/ttyUSB1 2
1343839824 2 /dev/ttyUSB1 2
1343839830 2 /dev/ttyUSB1 2
1343840488 2 /dev/ttyUSB1 2
1343840495 2 /dev/ttyUSB1 2
1343840501 2 /dev/ttyUSB1 2
1343840507 2 /dev/ttyUSB1 2
1343840513 2 /dev/ttyUSB1 2
1343840574 2 /dev/ttyUSB1 2
1343840580 2 /dev/ttyUSB1 2
1343840592 2 /dev/ttyUSB1 2
1343840604 2 /dev/ttyUSB1 2
1343840610 2 /dev/ttyUSB1 2
1343840781 2 /dev/ttyUSB1 2
1343840793 2 /dev/ttyUSB1 2
1343840799 2 /dev/ttyUSB1 2
1343840958 2 /dev/ttyUSB1 2
1343840964 2 /dev/ttyUSB1 2
1343840970 2 /dev/ttyUSB1 2
1343840976 2 /dev/ttyUSB1 2
1343840982 2 /dev/ttyUSB1 2
1343840988 2 /dev/ttyUSB1 2
1343840994 2 /dev/ttyUSB1 2
1343841000 2 /dev/ttyUSB1 2
1343841006 2 /dev/ttyUSB1 2
1343841013 2 /dev/ttyUSB1 2
1343841019 2 /dev/ttyUSB1 2
1343841025 3 /dev/ttyUSB1 2
1343841031 2 /dev/ttyUSB1 2
1343841037 2 /dev/ttyUSB1 2
1343841049 2 /dev/ttyUSB1 2
1343841055 2 /dev/ttyUSB1 2
1343841061 2 /dev/ttyUSB1 2
1343841067 2 /dev/ttyUSB1 2
1343841074 2 /dev/ttyUSB1 2
1343841080 2 /dev/ttyUSB1 2
1343841086 2 /dev/ttyUSB1 2
1343841092 3 /dev/ttyUSB1 2
1343841098 2 /dev/ttyUSB1 2
1343841104 2 /dev/ttyUSB1 2
1343841110 2 /dev/ttyUSB1 2
1343841116 2 /dev/ttyUSB1 2
1343841122 2 /dev/ttyUSB1 2
1343841128 2 /dev/ttyUSB1 2
1343841134 2 /dev/ttyUSB1 2
1343841141 3 /dev/ttyUSB1 2
1343841147 2 /dev/ttyUSB1 2
1343841153 2 /dev/ttyUSB1 2
1343841165 2 /dev/ttyUSB1 2
1343841177 2 /dev/ttyUSB1 2
1343841183 3 /dev/ttyUSB1 2
1343841189 2 /dev/ttyUSB1 2
1343841195 2 /dev/ttyUSB1 2
1343841201 3 /dev/ttyUSB1 2
1343841220 2 /dev/ttyUSB1 2
1343841226 3 /dev/ttyUSB1 2
1343841232 2 /dev/ttyUSB1 2
1343841238 2 /dev/ttyUSB1 2
1343841244 3 /dev/ttyUSB1 2
1343841250 2 /dev/ttyUSB1 2
1343841256 2 /dev/ttyUSB1 2
1343841262 3 /dev/ttyUSB1 2
1343841275 3 /dev/ttyUSB1 2
1343841281 2 /dev/ttyUSB1 2
1343841287 2 /dev/ttyUSB1 2
1343841293 2 /dev/ttyUSB1 2
1343841305 3 /dev/ttyUSB1 2
1343841311 2 /dev/ttyUSB1 2
1343841317 2 /dev/ttyUSB1 2
1343841323 2 /dev/ttyUSB1 2
1343841329 2 /dev/ttyUSB1 2
1343841336 2 /dev/ttyUSB1 2
1343841342 2 /dev/ttyUSB1 2
1343841348 2 /dev/ttyUSB1 2
1343841354 3 /dev/ttyUSB1 2
1343841360 2 /dev/ttyUSB1 2
1343841366 3 /dev/ttyUSB1 2
1343841372 3 /dev/ttyUSB1 2
1343841378 2 /dev/ttyUSB1 2
1343841384 3 /dev/ttyUSB1 2
1343841390 3 /dev/ttyUSB1 2
1343841403 3 /dev/ttyUSB1 2
1343841409 2 /dev/ttyUSB1 2
1343841415 3 /dev/ttyUSB1 2
1343841451 2 /dev/ttyUSB1 2
1343841464 2 /dev/ttyUSB1 2
1343841476 2 /dev/ttyUSB1 2
1343841482 2 /dev/ttyUSB1 2
1343841488 2 /dev/ttyUSB1 2
1343841518 3 /dev/ttyUSB1 2
1343841531 2 /dev/ttyUSB1 2
1343841537 2 /dev/ttyUSB1 2
1343841543 2 /dev/ttyUSB1 2
1343841549 2 /dev/ttyUSB1 2
1343841555 2 /dev/ttyUSB1 2
1343841561 3 /dev/ttyUSB1 2
1343841579 2 /dev/ttyUSB1 2
1343841585 2 /dev/ttyUSB1 2
1343841592 2 /dev/ttyUSB1 2
1343841598 2 /dev/ttyUSB1 2
1343841604 2 /dev/ttyUSB1 2
1343841610 2 /dev/ttyUSB1 2
1343841616 2 /dev/ttyUSB1 2
1343841622 2 /dev/ttyUSB1 2
1343841628 2 /dev/ttyUSB1 2
1343841634 3 /dev/ttyUSB1 2
1343841640 2 /dev/ttyUSB1 2
1343841646 3 /dev/ttyUSB1 2
1343841659 2 /dev/ttyUSB1 2
1343841665 2 /dev/ttyUSB1 2
1343841671 3 /dev/ttyUSB1 2
1343841677 2 /dev/ttyUSB1 2
1343841683 2 /dev/ttyUSB1 2
1343841689 2 /dev/ttyUSB1 2
1343841695 3 /dev/ttyUSB1 2
1343841701 2 /dev/ttyUSB1 2
1343841707 2 /dev/ttyUSB1 2
1343841713 2 /dev/ttyUSB1 2
1343841719 2 /dev/ttyUSB1 2
1343841726 2 /dev/ttyUSB1 2
1343841732 2 /dev/ttyUSB1 2
1343841738 2 /dev/ttyUSB1 2
1343841744 2 /dev/ttyUSB1 2
1343841756 2 /dev/ttyUSB1 2
1343841762 2 /dev/ttyUSB1 2
1343841768 2 /dev/ttyUSB1 2
1343841774 3 /dev/ttyUSB1 2
1343841811 3 /dev/ttyUSB1 2
1343841817 2 /dev/ttyUSB1 2
1343841823 2 /dev/ttyUSB1 2
1343841829 2 /dev/ttyUSB1 2
1343841835 2 /dev/ttyUSB1 2
1343841841 2 /dev/ttyUSB1 2
1343841872 2 /dev/ttyUSB1 2
1343841884 2 /dev/ttyUSB1 2
1343841890 3 /dev/ttyUSB1 2
1343841896 2 /dev/ttyUSB1 2
1343841902 2 /dev/ttyUSB1 2
1343841908 2 /dev/ttyUSB1 2
1343841915 2 /dev/ttyUSB1 2
1343841921 2 /dev/ttyUSB1 2
1343841927 3 /dev/ttyUSB1 2
1343841933 3 /dev/ttyUSB1 2
1343841945 2 /dev/ttyUSB1 2
1343841951 3 /dev/ttyUSB1 2
1343841957 2 /dev/ttyUSB1 2
1343841963 3 /dev/ttyUSB1 2
1343841988 3 /dev/ttyUSB1 2
1343841994 2 /dev/ttyUSB1 2
1343842000 2 /dev/ttyUSB1 2
1343842024 2 /dev/ttyUSB1 2
1343842030 2 /dev/ttyUSB1 2
1343842036 2 /dev/ttyUSB1 2
1343842049 2 /dev/ttyUSB1 2
1343842055 2 /dev/ttyUSB1 2
1343842061 2 /dev/ttyUSB1 2
1343842067 2 /dev/ttyUSB1 2
1343842073 3 /dev/ttyUSB1 2
1343842079 3 /dev/ttyUSB1 2
1343842085 2 /dev/ttyUSB1 2
1343842091 3 /dev/ttyUSB1 2
1343842103 2 /dev/ttyUSB1 2
1343842110 2 /dev/ttyUSB1 2
1343842116 2 /dev/ttyUSB1 2
1343842122 2 /dev/ttyUSB1 2
1343842128 2 /dev/ttyUSB1 2
1343842140 3 /dev/ttyUSB1 2
1343842146 2 /dev/ttyUSB1 2
1343842152 2 /dev/ttyUSB1 2
1343842158 2 /dev/ttyUSB1 2
1343842164 2 /dev/ttyUSB1 2
1343842170 2 /dev/ttyUSB1 2
1343842177 2 /dev/ttyUSB1 2
1343842183 2 /dev/ttyUSB1 2
1343842189 2 /dev/ttyUSB1 2
1343842195 2 /dev/ttyUSB1 2
1343842201 2 /dev/ttyUSB1 2
1343842207 2 /dev/ttyUSB1 2
1343842213 2 /dev/ttyUSB1 2
1343842219 2 /dev/ttyUSB1 2
1343842225 2 /dev/ttyUSB1 2
1343842231 2 /dev/ttyUSB1 2
1343842238 2 /dev/ttyUSB1 2
1343842244 2 /dev/ttyUSB1 2
1343842250 2 /dev/ttyUSB1 2
1343842256 2 /dev/ttyUSB1 2
1343842268 3 /dev/ttyUSB1 2
1343842274 2 /dev/ttyUSB1 2
1343842280 2 /dev/ttyUSB1 2
1343842286 2 /dev/ttyUSB1 2
1343842292 3 /dev/ttyUSB1 2
1343842298 2 /dev/ttyUSB1 2
1343842305 2 /dev/ttyUSB1 2
1343842311 2 /dev/ttyUSB1 2
1343842317 2 /dev/ttyUSB1 2
1343842323 2 /dev/ttyUSB1 2
1343842329 2 /dev/ttyUSB1 2
1343842341 3 /dev/ttyUSB1 2
1343842402 2 /dev/ttyUSB1 2
1343842408 2 /dev/ttyUSB1 2
1343842414 3 /dev/ttyUSB1 2
1343842420 3 /dev/ttyUSB1 2
1343842426 2 /dev/ttyUSB1 2
1343842433 2 /dev/ttyUSB1 2
1343842439 2 /dev/ttyUSB1 2
1343842445 2 /dev/ttyUSB1 2
1343842463 2 /dev/ttyUSB1 2
1343842475 2 /dev/ttyUSB1 2
1343842481 2 /dev/ttyUSB1 2
1343842493 2 /dev/ttyUSB1 2
1343842500 3 /dev/ttyUSB1 2
1343842506 2 /dev/ttyUSB1 2
1343842512 2 /dev/ttyUSB1 2
1343842518 2 /dev/ttyUSB1 2
1343842524 2 /dev/ttyUSB1 2
1343842530 2 /dev/ttyUSB1 2
1343842536 2 /dev/ttyUSB1 2
1343842542 2 /dev/ttyUSB1 2
1343842548 2 /dev/ttyUSB1 2
1343842554 2 /dev/ttyUSB1 2
1343842561 2 /dev/ttyUSB1 2
1343842567 2 /dev/ttyUSB1 2
1343842573 2 /dev/ttyUSB1 2
1343842579 2 /dev/ttyUSB1 2
1343842585 2 /dev/ttyUSB1 2
1343842591 2 /dev/ttyUSB1 2
1343842597 2 /dev/ttyUSB1 2
1343842603 2 /dev/ttyUSB1 2
1343842609 2 /dev/ttyUSB1 2
1343842621 2 /dev/ttyUSB1 2
1343842628 2 /dev/ttyUSB1 2
1343842634 2 /dev/ttyUSB1 2
1343842640 2 /dev/ttyUSB1 2
1343842646 2 /dev/ttyUSB1 2
1343842652 2 /dev/ttyUSB1 2
1343842658 2 /dev/ttyUSB1 2
1343842664 2 /dev/ttyUSB1 2
1343842670 2 /dev/ttyUSB1 2
1343842676 2 /dev/ttyUSB1 2
1343842682 2 /dev/ttyUSB1 2
1343842695 3 /dev/ttyUSB1 2
1343842701 2 /dev/ttyUSB1 2
1343842707 2 /dev/ttyUSB1 2
1343842713 2 /dev/ttyUSB1 2
1343842719 2 /dev/ttyUSB1 2
1343842725 2 /dev/ttyUSB1 2
1343842737 2 /dev/ttyUSB1 2
1343842749 2 /dev/ttyUSB1 2
1343842756 2 /dev/ttyUSB1 2
1343842762 2 /dev/ttyUSB1 2
1343842768 2 /dev/ttyUSB1 2
1343842792 2 /dev/ttyUSB1 2
1343842798 2 /dev/ttyUSB1 2
1343842810 2 /dev/ttyUSB1 2
1343842816 2 /dev/ttyUSB1 2
1343842823 3 /dev/ttyUSB1 2
1343842829 2 /dev/ttyUSB1 2
1343842835 2 /dev/ttyUSB1 2
1343842841 3 /dev/ttyUSB1 2
1343842847 2 /dev/ttyUSB1 2
1343842853 2 /dev/ttyUSB1 2
1343842859 2 /dev/ttyUSB1 2
1343842865 3 /dev/ttyUSB1 2
1343842877 2 /dev/ttyUSB1 2
1343842884 3 /dev/ttyUSB1 2
1343842890 2 /dev/ttyUSB1 2
1343842896 2 /dev/ttyUSB1 2
1343842902 2 /dev/ttyUSB1 2
1343842914 2 /dev/ttyUSB1 2
1343842920 2 /dev/ttyUSB1 2
1343842926 2 /dev/ttyUSB1 2
1343842932 2 /dev/ttyUSB1 2
1343842938 2 /dev/ttyUSB1 2
1343842944 3 /dev/ttyUSB1 2
1343842951 2 /dev/ttyUSB1 2
1343842957 2 /dev/ttyUSB1 2
1343842963 2 /dev/ttyUSB1 2
1343842969 2 /dev/ttyUSB1 2
1343842975 2 /dev/ttyUSB1 2
1343842981 2 /dev/ttyUSB1 2
1343842987 3 /dev/ttyUSB1 2
1343842993 2 /dev/ttyUSB1 2
1343843005 2 /dev/ttyUSB1 2
1343843012 2 /dev/ttyUSB1 2
1343843018 2 /dev/ttyUSB1 2
1343843024 2 /dev/ttyUSB1 2
1343843030 2 /dev/ttyUSB1 2
1343843036 2 /dev/ttyUSB1 2
1343843042 2 /dev/ttyUSB1 2
1343843048 2 /dev/ttyUSB1 2
1343843054 2 /dev/ttyUSB1 2
1343843060 3 /dev/ttyUSB1 2
1343843066 2 /dev/ttyUSB1 2
1343843091 2 /dev/ttyUSB1 2
1343843097 2 /dev/ttyUSB1 2
1343843103 2 /dev/ttyUSB1 2
1343843121 2 /dev/ttyUSB1 2
1343843133 2 /dev/ttyUSB1 2
1343843139 2 /dev/ttyUSB1 2
1343843164 2 /dev/ttyUSB1 2
1343843170 2 /dev/ttyUSB1 2
1343843176 2 /dev/ttyUSB1 2
1343843182 3 /dev/ttyUSB1 2
1343843188 2 /dev/ttyUSB1 2
1343843194 2 /dev/ttyUSB1 2
1343843200 2 /dev/ttyUSB1 2
1343843213 2 /dev/ttyUSB1 2
1343843219 3 /dev/ttyUSB1 2
1343843225 2 /dev/ttyUSB1 2
1343843231 2 /dev/ttyUSB1 2
1343843237 2 /dev/ttyUSB1 2
1343843243 3 /dev/ttyUSB1 2
1343843249 2 /dev/ttyUSB1 2
1343843261 2 /dev/ttyUSB1 2
1343843286 2 /dev/ttyUSB1 2
1343843292 3 /dev/ttyUSB1 2
1343843298 2 /dev/ttyUSB1 2
1343843304 3 /dev/ttyUSB1 2
1343843310 2 /dev/ttyUSB1 2
1343843322 2 /dev/ttyUSB1 2
1343843328 3 /dev/ttyUSB1 2
1343843335 3 /dev/ttyUSB1 2
1343843341 2 /dev/ttyUSB1 2
1343843347 2 /dev/ttyUSB1 2
1343843353 3 /dev/ttyUSB1 2
1343843359 2 /dev/ttyUSB1 2
1343843365 2 /dev/ttyUSB1 2
1343843371 2 /dev/ttyUSB1 2
1343843377 3 /dev/ttyUSB1 2
1343843389 2 /dev/ttyUSB1 2
1343843408 2 /dev/ttyUSB1 2
1343843414 2 /dev/ttyUSB1 2
1343843426 2 /dev/ttyUSB1 2
1343843450 3 /dev/ttyUSB1 2
1343843456 2 /dev/ttyUSB1 2
1343843463 2 /dev/ttyUSB1 2
1343843469 2 /dev/ttyUSB1 2
1343843475 2 /dev/ttyUSB1 2
1343843487 2 /dev/ttyUSB1 2
1343843493 2 /dev/ttyUSB1 2
1343843560 2 /dev/ttyUSB1 2
1343843566 2 /dev/ttyUSB1 2
1343843578 2 /dev/ttyUSB1 2
1343843584 2 /dev/ttyUSB1 2
1343843590 2 /dev/ttyUSB1 2
1343843597 2 /dev/ttyUSB1 2
1343843615 2 /dev/ttyUSB1 2
1343843621 2 /dev/ttyUSB1 2
1343843627 2 /dev/ttyUSB1 2
1343843633 3 /dev/ttyUSB1 2
1343843645 2 /dev/ttyUSB1 2
1343843651 2 /dev/ttyUSB1 2
1343843658 2 /dev/ttyUSB1 2
1343843706 2 /dev/ttyUSB1 2
1343843712 2 /dev/ttyUSB1 2
1343843718 2 /dev/ttyUSB1 2
1343843725 2 /dev/ttyUSB1 2
1343843731 2 /dev/ttyUSB1 2
1343843743 2 /dev/ttyUSB1 2
1343843749 2 /dev/ttyUSB1 2
1343843755 2 /dev/ttyUSB1 2
1343843761 2 /dev/ttyUSB1 2
1343843773 2 /dev/ttyUSB1 2
1343843779 3 /dev/ttyUSB1 2
1343843786 2 /dev/ttyUSB1 2
1343843792 2 /dev/ttyUSB1 2
1343843798 2 /dev/ttyUSB1 2
1343843804 2 /dev/ttyUSB1 2
1343843810 2 /dev/ttyUSB1 2
1343843816 2 /dev/ttyUSB1 2
1343843822 2 /dev/ttyUSB1 2
1343843828 2 /dev/ttyUSB1 2
1343843834 2 /dev/ttyUSB1 2
1343843840 2 /dev/ttyUSB1 2
1343843846 2 /dev/ttyUSB1 2
1343843853 2 /dev/ttyUSB1 2
1343843859 2 /dev/ttyUSB1 2
1343843871 2 /dev/ttyUSB1 2
1343843877 3 /dev/ttyUSB1 2
1343843883 2 /dev/ttyUSB1 2
1343843889 2 /dev/ttyUSB1 2
1343843901 2 /dev/ttyUSB1 2
1343843907 3 /dev/ttyUSB1 2
1343843913 2 /dev/ttyUSB1 2
1343843920 2 /dev/ttyUSB1 2
1343843926 2 /dev/ttyUSB1 2
1343843932 2 /dev/ttyUSB1 2
1343843938 3 /dev/ttyUSB1 2
1343843944 2 /dev/ttyUSB1 2
1343843950 2 /dev/ttyUSB1 2
1343843956 2 /dev/ttyUSB1 2
1343843968 2 /dev/ttyUSB1 2
1343843974 2 /dev/ttyUSB1 2
1343843999 3 /dev/ttyUSB1 2
1343844005 2 /dev/ttyUSB1 2
1343844011 2 /dev/ttyUSB1 2
1343844017 2 /dev/ttyUSB1 2
1343844023 2 /dev/ttyUSB1 2
1343844060 2 /dev/ttyUSB1 2
1343844066 2 /dev/ttyUSB1 2
1343844072 2 /dev/ttyUSB1 2
1343844078 2 /dev/ttyUSB1 2
1343844084 2 /dev/ttyUSB1 2
1343844090 3 /dev/ttyUSB1 2
1343844096 2 /dev/ttyUSB1 2
1343844109 2 /dev/ttyUSB1 2
1343844115 2 /dev/ttyUSB1 2
1343844127 2 /dev/ttyUSB1 2
1343844133 2 /dev/ttyUSB1 2
1343844139 2 /dev/ttyUSB1 2
1343844163 2 /dev/ttyUSB1 2
1343844169 2 /dev/ttyUSB1 2
1343844176 2 /dev/ttyUSB1 2
1343844182 2 /dev/ttyUSB1 2
1343844188 2 /dev/ttyUSB1 2
1343844194 2 /dev/ttyUSB1 2
1343844206 2 /dev/ttyUSB1 2
1343844212 2 /dev/ttyUSB1 2
1343844218 2 /dev/ttyUSB1 2
1343844224 2 /dev/ttyUSB1 2
1343844230 2 /dev/ttyUSB1 2
1343844237 2 /dev/ttyUSB1 2
1343844243 2 /dev/ttyUSB1 2
1343844255 3 /dev/ttyUSB1 2
1343844261 3 /dev/ttyUSB1 2
1343844267 2 /dev/ttyUSB1 2
1343844273 2 /dev/ttyUSB1 2
1343844279 2 /dev/ttyUSB1 2
1343844285 2 /dev/ttyUSB1 2
1343844291 2 /dev/ttyUSB1 2
1343844297 2 /dev/ttyUSB1 2
1343844304 2 /dev/ttyUSB1 2
1343844310 2 /dev/ttyUSB1 2
1343844316 2 /dev/ttyUSB1 2
1343844322 2 /dev/ttyUSB1 2
1343844346 2 /dev/ttyUSB1 2
1343844352 3 /dev/ttyUSB1 2
1343844358 2 /dev/ttyUSB1 2
1343844364 3 /dev/ttyUSB1 2
1343844371 2 /dev/ttyUSB1 2
1343844383 2 /dev/ttyUSB1 2
1343844389 2 /dev/ttyUSB1 2
1343844395 2 /dev/ttyUSB1 2
1343844401 2 /dev/ttyUSB1 2
1343844419 2 /dev/ttyUSB1 2
1343844425 3 /dev/ttyUSB1 2
1343844432 2 /dev/ttyUSB1 2
1343844438 2 /dev/ttyUSB1 2
1343844444 2 /dev/ttyUSB1 2
1343844450 2 /dev/ttyUSB1 2
1343844456 2 /dev/ttyUSB1 2
1343844462 2 /dev/ttyUSB1 2
1343844468 2 /dev/ttyUSB1 2
1343844474 2 /dev/ttyUSB1 2
1343844480 2 /dev/ttyUSB1 2
1343844486 2 /dev/ttyUSB1 2
1343844492 2 /dev/ttyUSB1 2
1343844499 2 /dev/ttyUSB1 2
1343844511 2 /dev/ttyUSB1 2
1343844517 2 /dev/ttyUSB1 2
1343844523 2 /dev/ttyUSB1 2
1343844535 2 /dev/ttyUSB1 2
1343844541 2 /dev/ttyUSB1 2
1343844547 2 /dev/ttyUSB1 2
1343844553 2 /dev/ttyUSB1 2
1343844614 2 /dev/ttyUSB1 2
1343844645 2 /dev/ttyUSB1 2
1343844663 2 /dev/ttyUSB1 2
1343844669 2 /dev/ttyUSB1 2
1343844675 3 /dev/ttyUSB1 2
1343844681 2 /dev/ttyUSB1 2
1343844688 3 /dev/ttyUSB1 2
1343844694 2 /dev/ttyUSB1 2
1343844700 2 /dev/ttyUSB1 2
1343844706 3 /dev/ttyUSB1 2
1343844712 2 /dev/ttyUSB1 2
1343844718 2 /dev/ttyUSB1 2
1343844724 2 /dev/ttyUSB1 2
1343844730 2 /dev/ttyUSB1 2
1343844736 2 /dev/ttyUSB1 2
1343844742 2 /dev/ttyUSB1 2
1343844748 3 /dev/ttyUSB1 2
1343844755 2 /dev/ttyUSB1 2
1343844767 2 /dev/ttyUSB1 2
1343844773 2 /dev/ttyUSB1 2
1343844779 2 /dev/ttyUSB1 2
1343844785 3 /dev/ttyUSB1 2
1343844791 3 /dev/ttyUSB1 2
1343844803 2 /dev/ttyUSB1 2
1343844815 2 /dev/ttyUSB1 2
1343844822 2 /dev/ttyUSB1 2
1343844828 2 /dev/ttyUSB1 2
1343844834 2 /dev/ttyUSB1 2
1343844840 2 /dev/ttyUSB1 2
1343844846 2 /dev/ttyUSB1 2
1343844852 2 /dev/ttyUSB1 2
1343844858 3 /dev/ttyUSB1 2
1343844864 2 /dev/ttyUSB1 2
1343844870 2 /dev/ttyUSB1 2
1343844876 2 /dev/ttyUSB1 2
1343844883 2 /dev/ttyUSB1 2
1343844895 3 /dev/ttyUSB1 2
1343844901 2 /dev/ttyUSB1 2
1343844907 3 /dev/ttyUSB1 2
1343844913 2 /dev/ttyUSB1 2
1343844919 3 /dev/ttyUSB1 2
1343844925 2 /dev/ttyUSB1 2
1343844931 2 /dev/ttyUSB1 2
1343844937 2 /dev/ttyUSB1 2
1343844943 2 /dev/ttyUSB1 2
1343844950 2 /dev/ttyUSB1 2
1343844956 2 /dev/ttyUSB1 2
1343844962 3 /dev/ttyUSB1 2
1343844968 2 /dev/ttyUSB1 2
1343844974 2 /dev/ttyUSB1 2
1343844980 2 /dev/ttyUSB1 2
1343844992 2 /dev/ttyUSB1 2
1343844998 3 /dev/ttyUSB1 2
1343845004 3 /dev/ttyUSB1 2
1343845011 2 /dev/ttyUSB1 2
1343845023 2 /dev/ttyUSB1 2
1343845029 3 /dev/ttyUSB1 2
1343845035 3 /dev/ttyUSB1 2
1343845041 2 /dev/ttyUSB1 2
1343845053 2 /dev/ttyUSB1 2
1343845065 2 /dev/ttyUSB1 2
1343845071 2 /dev/ttyUSB1 2
1343845078 3 /dev/ttyUSB1 2
1343845084 2 /dev/ttyUSB1 2
1343845090 2 /dev/ttyUSB1 2
1343845096 2 /dev/ttyUSB1 2
1343845102 2 /dev/ttyUSB1 2
1343845108 2 /dev/ttyUSB1 2
1343845120 3 /dev/ttyUSB1 2
1343845126 2 /dev/ttyUSB1 2
1343845132 2 /dev/ttyUSB1 2
1343845138 2 /dev/ttyUSB1 2
1343845151 3 /dev/ttyUSB1 2
1343845157 2 /dev/ttyUSB1 2
1343845163 2 /dev/ttyUSB1 2
1343845169 2 /dev/ttyUSB1 2
1343845175 3 /dev/ttyUSB1 2
1343845181 2 /dev/ttyUSB1 2
1343845206 2 /dev/ttyUSB1 2
1343845212 3 /dev/ttyUSB1 2
1343845230 2 /dev/ttyUSB1 2
1343845236 3 /dev/ttyUSB1 2
1343845248 2 /dev/ttyUSB1 2
1343845254 3 /dev/ttyUSB1 2
1343845260 2 /dev/ttyUSB1 2
1343845266 2 /dev/ttyUSB1 2
1343845315 2 /dev/ttyUSB1 2
1343845364 2 /dev/ttyUSB1 2
1343845388 2 /dev/ttyUSB1 2
1343845394 2 /dev/ttyUSB1 2
1343845407 2 /dev/ttyUSB1 2
1343845413 3 /dev/ttyUSB1 2
1343845425 2 /dev/ttyUSB1 2
1343845431 2 /dev/ttyUSB1 2
1343845437 2 /dev/ttyUSB1 2
1343845443 3 /dev/ttyUSB1 2
1343845449 2 /dev/ttyUSB1 2
1343845455 2 /dev/ttyUSB1 2
1343845462 2 /dev/ttyUSB1 2
1343845468 2 /dev/ttyUSB1 2
1343845474 2 /dev/ttyUSB1 2
1343845480 3 /dev/ttyUSB1 2
1343845486 2 /dev/ttyUSB1 2
1343845492 3 /dev/ttyUSB1 2
1343845504 3 /dev/ttyUSB1 2
1343845510 2 /dev/ttyUSB1 2
1343845516 3 /dev/ttyUSB1 2
1343845535 2 /dev/ttyUSB1 2
1343845541 2 /dev/ttyUSB1 2
1343845547 3 /dev/ttyUSB1 2
1343845553 3 /dev/ttyUSB1 2
1343845559 2 /dev/ttyUSB1 2
1343845565 2 /dev/ttyUSB1 2
1343845571 2 /dev/ttyUSB1 2
1343845577 2 /dev/ttyUSB1 2
1343845583 2 /dev/ttyUSB1 2
1343845589 2 /dev/ttyUSB1 2
1343845596 2 /dev/ttyUSB1 2
1343845608 3 /dev/ttyUSB1 2
1343845620 2 /dev/ttyUSB1 2
1343845638 2 /dev/ttyUSB1 2
1343845644 2 /dev/ttyUSB1 2
1343845650 2 /dev/ttyUSB1 2
1343845657 2 /dev/ttyUSB1 2
1343845663 2 /dev/ttyUSB1 2
1343845669 2 /dev/ttyUSB1 2
1343845675 2 /dev/ttyUSB1 2
1343845681 2 /dev/ttyUSB1 2
1343845687 2 /dev/ttyUSB1 2
1343845693 2 /dev/ttyUSB1 2
1343845699 2 /dev/ttyUSB1 2
1343845705 2 /dev/ttyUSB1 2
1343845711 2 /dev/ttyUSB1 2
1343845717 2 /dev/ttyUSB1 2
1343845724 2 /dev/ttyUSB1 2
1343845730 3 /dev/ttyUSB1 2
1343845736 2 /dev/ttyUSB1 2
1343845742 2 /dev/ttyUSB1 2
1343845760 2 /dev/ttyUSB1 2
1343845766 2 /dev/ttyUSB1 2
1343845772 3 /dev/ttyUSB1 2
1343845778 3 /dev/ttyUSB1 2
1343845785 2 /dev/ttyUSB1 2
1343845791 2 /dev/ttyUSB1 2
1343845797 2 /dev/ttyUSB1 2
1343845815 2 /dev/ttyUSB1 2
1343845821 2 /dev/ttyUSB1 2
1343845827 2 /dev/ttyUSB1 2
1343845833 2 /dev/ttyUSB1 2
1343845839 2 /dev/ttyUSB1 2
1343845845 2 /dev/ttyUSB1 2
1343845852 2 /dev/ttyUSB1 2
1343845876 2 /dev/ttyUSB1 2
1343845888 3 /dev/ttyUSB1 2
1343845894 2 /dev/ttyUSB1 2
1343845900 3 /dev/ttyUSB1 2
1343845906 2 /dev/ttyUSB1 2
1343845912 2 /dev/ttyUSB1 2
1343845919 2 /dev/ttyUSB1 2
1343845925 2 /dev/ttyUSB1 2
1343845931 2 /dev/ttyUSB1 2
1343845937 2 /dev/ttyUSB1 2
1343845943 2 /dev/ttyUSB1 2
1343845949 2 /dev/ttyUSB1 2
1343845955 2 /dev/ttyUSB1 2
1343845961 2 /dev/ttyUSB1 2
1343845967 2 /dev/ttyUSB1 2
1343845973 2 /dev/ttyUSB1 2
1343845980 2 /dev/ttyUSB1 2
1343845986 2 /dev/ttyUSB1 2
1343845992 2 /dev/ttyUSB1 2
1343845998 2 /dev/ttyUSB1 2
1343846004 2 /dev/ttyUSB1 2
1343846016 2 /dev/ttyUSB1 2
1343846022 2 /dev/ttyUSB1 2
1343846028 2 /dev/ttyUSB1 2
1343846034 2 /dev/ttyUSB1 2
1343846040 2 /dev/ttyUSB1 2
1343846047 2 /dev/ttyUSB1 2
1343846053 2 /dev/ttyUSB1 2
1343846059 2 /dev/ttyUSB1 2
1343846065 2 /dev/ttyUSB1 2
1343846071 2 /dev/ttyUSB1 2
1343846077 2 /dev/ttyUSB1 2
1343846083 2 /dev/ttyUSB1 2
1343846089 2 /dev/ttyUSB1 2
1343846095 2 /dev/ttyUSB1 2
1343846101 2 /dev/ttyUSB1 2
1343846114 2 /dev/ttyUSB1 2
1343846126 2 /dev/ttyUSB1 2
1343846132 3 /dev/ttyUSB1 2
1343846144 2 /dev/ttyUSB1 2
1343846150 2 /dev/ttyUSB1 2
1343846156 2 /dev/ttyUSB1 2
1343846162 2 /dev/ttyUSB1 2
1343846168 2 /dev/ttyUSB1 2
1343846175 2 /dev/ttyUSB1 2
1343846181 2 /dev/ttyUSB1 2
1343846187 2 /dev/ttyUSB1 2
1343846193 2 /dev/ttyUSB1 2
1343846242 2 /dev/ttyUSB1 2
1343846248 2 /dev/ttyUSB1 2
1343846254 2 /dev/ttyUSB1 2
1343846260 2 /dev/ttyUSB1 2
1343846272 2 /dev/ttyUSB1 2
1343846278 2 /dev/ttyUSB1 2
1343846303 2 /dev/ttyUSB1 2
1343846309 2 /dev/ttyUSB1 2
1343846327 2 /dev/ttyUSB1 2
1343846333 2 /dev/ttyUSB1 2
1343846339 2 /dev/ttyUSB1 2
1343846357 2 /dev/ttyUSB1 2
1343846363 3 /dev/ttyUSB1 2
1343846370 2 /dev/ttyUSB1 2
1343846376 2 /dev/ttyUSB1 2
1343846382 2 /dev/ttyUSB1 2
1343846388 2 /dev/ttyUSB1 2
1343846406 3 /dev/ttyUSB1 2
1343846412 2 /dev/ttyUSB1 2
1343846418 3 /dev/ttyUSB1 2
1343846424 2 /dev/ttyUSB1 2
1343846431 2 /dev/ttyUSB1 2
1343846437 2 /dev/ttyUSB1 2
1343846443 2 /dev/ttyUSB1 2
1343846449 2 /dev/ttyUSB1 2
1343846455 2 /dev/ttyUSB1 2
1343846461 2 /dev/ttyUSB1 2
1343846467 2 /dev/ttyUSB1 2
1343846473 2 /dev/ttyUSB1 2
1343846479 2 /dev/ttyUSB1 2
1343846485 2 /dev/ttyUSB1 2
1343846498 2 /dev/ttyUSB1 2
1343846504 3 /dev/ttyUSB1 2
1343846510 3 /dev/ttyUSB1 2
1343846516 2 /dev/ttyUSB1 2
1343846528 2 /dev/ttyUSB1 2
1343846534 2 /dev/ttyUSB1 2
1343846540 2 /dev/ttyUSB1 2
1343846546 2 /dev/ttyUSB1 2
1343846552 2 /dev/ttyUSB1 2
1343846559 2 /dev/ttyUSB1 2
1343846565 2 /dev/ttyUSB1 2
1343846571 2 /dev/ttyUSB1 2
1343846577 2 /dev/ttyUSB1 2
1343846583 3 /dev/ttyUSB1 2
1343846589 2 /dev/ttyUSB1 2
1343846595 2 /dev/ttyUSB1 2
1343846601 3 /dev/ttyUSB1 2
1343846607 2 /dev/ttyUSB1 2
1343846613 2 /dev/ttyUSB1 2
1343846626 2 /dev/ttyUSB1 2
1343846632 3 /dev/ttyUSB1 2
1343846638 2 /dev/ttyUSB1 2
1343846644 2 /dev/ttyUSB1 2
1343846656 2 /dev/ttyUSB1 2
1343846662 2 /dev/ttyUSB1 2
1343846668 2 /dev/ttyUSB1 2
1343846674 2 /dev/ttyUSB1 2
1343846680 2 /dev/ttyUSB1 2
1343846687 2 /dev/ttyUSB1 2
1343846699 2 /dev/ttyUSB1 2
1343846705 2 /dev/ttyUSB1 2
1343846711 3 /dev/ttyUSB1 2
1343846717 2 /dev/ttyUSB1 2
1343846723 2 /dev/ttyUSB1 2
1343846729 2 /dev/ttyUSB1 2
1343846735 2 /dev/ttyUSB1 2
1343846741 3 /dev/ttyUSB1 2
1343846760 2 /dev/ttyUSB1 2
1343846766 3 /dev/ttyUSB1 2
1343846772 2 /dev/ttyUSB1 2
1343846784 2 /dev/ttyUSB1 2
1343846790 3 /dev/ttyUSB1 2
1343846796 2 /dev/ttyUSB1 2
1343846802 3 /dev/ttyUSB1 2
1343846814 2 /dev/ttyUSB1 2
1343846827 2 /dev/ttyUSB1 2
1343846845 2 /dev/ttyUSB1 2
1343846936 2 /dev/ttyUSB1 2
1343846942 2 /dev/ttyUSB1 2
1343846949 2 /dev/ttyUSB1 2
1343846955 2 /dev/ttyUSB1 2
1343846961 3 /dev/ttyUSB1 2
1343846979 2 /dev/ttyUSB1 2
1343846985 3 /dev/ttyUSB1 2
1343846991 2 /dev/ttyUSB1 2
1343846997 2 /dev/ttyUSB1 2
1343847010 2 /dev/ttyUSB1 2
1343847016 2 /dev/ttyUSB1 2
1343847022 3 /dev/ttyUSB1 2
1343847028 2 /dev/ttyUSB1 2
1343847034 2 /dev/ttyUSB1 2
1343847040 2 /dev/ttyUSB1 2
1343847046 2 /dev/ttyUSB1 2
1343847052 2 /dev/ttyUSB1 2
1343847058 3 /dev/ttyUSB1 2
1343847064 3 /dev/ttyUSB1 2
1343847070 2 /dev/ttyUSB1 2
1343847077 2 /dev/ttyUSB1 2
1343847083 2 /dev/ttyUSB1 2
1343847089 2 /dev/ttyUSB1 2
1343847095 2 /dev/ttyUSB1 2
1343847101 2 /dev/ttyUSB1 2
1343847107 2 /dev/ttyUSB1 2
1343847113 2 /dev/ttyUSB1 2
1343847119 2 /dev/ttyUSB1 2
1343847125 2 /dev/ttyUSB1 2
1343847138 2 /dev/ttyUSB1 2
1343847144 2 /dev/ttyUSB1 2
1343847150 3 /dev/ttyUSB1 2
1343847180 2 /dev/ttyUSB1 2
1343847186 2 /dev/ttyUSB1 2
1343847192 3 /dev/ttyUSB1 2
1343847198 2 /dev/ttyUSB1 2
1343847205 3 /dev/ttyUSB1 2
1343847211 2 /dev/ttyUSB1 2
1343847217 2 /dev/ttyUSB1 2
1343847223 2 /dev/ttyUSB1 2
1343847229 2 /dev/ttyUSB1 2
1343847235 2 /dev/ttyUSB1 2
1343847241 2 /dev/ttyUSB1 2
1343847247 2 /dev/ttyUSB1 2
1343847253 2 /dev/ttyUSB1 2
1343847265 2 /dev/ttyUSB1 2
1343847278 2 /dev/ttyUSB1 2
1343847284 3 /dev/ttyUSB1 2
1343847296 2 /dev/ttyUSB1 2
1343847302 2 /dev/ttyUSB1 2
1343847308 2 /dev/ttyUSB1 2
1343847314 2 /dev/ttyUSB1 2
1343847320 2 /dev/ttyUSB1 2
1343847333 2 /dev/ttyUSB1 2
1343847339 2 /dev/ttyUSB1 2
1343847345 2 /dev/ttyUSB1 2
1343847351 2 /dev/ttyUSB1 2
1343847375 2 /dev/ttyUSB1 2
1343847381 2 /dev/ttyUSB1 2
1343847393 2 /dev/ttyUSB1 2
1343847400 3 /dev/ttyUSB1 2
1343847406 3 /dev/ttyUSB1 2
1343847412 2 /dev/ttyUSB1 2
1343847418 2 /dev/ttyUSB1 2
1343847424 2 /dev/ttyUSB1 2
1343847430 2 /dev/ttyUSB1 2
1343847436 2 /dev/ttyUSB1 2
1343847442 3 /dev/ttyUSB1 2
1343847448 2 /dev/ttyUSB1 2
1343847454 2 /dev/ttyUSB1 2
1343847461 3 /dev/ttyUSB1 2
1343847467 3 /dev/ttyUSB1 2
1343847473 2 /dev/ttyUSB1 2
1343847479 2 /dev/ttyUSB1 2
1343847485 2 /dev/ttyUSB1 2
1343847491 3 /dev/ttyUSB1 2
1343847497 3 /dev/ttyUSB1 2
1343847503 2 /dev/ttyUSB1 2
1343847509 2 /dev/ttyUSB1 2
1343847521 2 /dev/ttyUSB1 2
1343847528 2 /dev/ttyUSB1 2
1343847534 2 /dev/ttyUSB1 2
1343847540 2 /dev/ttyUSB1 2
1343847546 3 /dev/ttyUSB1 2
1343847552 2 /dev/ttyUSB1 2
1343847558 2 /dev/ttyUSB1 2
1343847564 2 /dev/ttyUSB1 2
1343847570 2 /dev/ttyUSB1 2
1343847576 2 /dev/ttyUSB1 2
1343847582 3 /dev/ttyUSB1 2
1343847589 2 /dev/ttyUSB1 2
1343847595 2 /dev/ttyUSB1 2
1343847613 2 /dev/ttyUSB1 2
1343847619 2 /dev/ttyUSB1 2
1343847625 2 /dev/ttyUSB1 2
1343847631 2 /dev/ttyUSB1 2
1343847637 2 /dev/ttyUSB1 2
1343847649 2 /dev/ttyUSB1 2
1343847656 2 /dev/ttyUSB1 2
1343847662 2 /dev/ttyUSB1 2
1343847668 3 /dev/ttyUSB1 2
1343847680 2 /dev/ttyUSB1 2
1343847692 2 /dev/ttyUSB1 2
1343847698 3 /dev/ttyUSB1 2
1343847704 3 /dev/ttyUSB1 2
1343847710 2 /dev/ttyUSB1 2
1343847716 2 /dev/ttyUSB1 2
1343847723 2 /dev/ttyUSB1 2
1343847729 2 /dev/ttyUSB1 2
1343847735 2 /dev/ttyUSB1 2
1343847741 2 /dev/ttyUSB1 2
1343847747 2 /dev/ttyUSB1 2
1343847753 2 /dev/ttyUSB1 2
1343847759 2 /dev/ttyUSB1 2
1343847765 2 /dev/ttyUSB1 2
1343847777 2 /dev/ttyUSB1 2
1343847790 2 /dev/ttyUSB1 2
1343847796 2 /dev/ttyUSB1 2
1343847808 2 /dev/ttyUSB1 2
1343847814 3 /dev/ttyUSB1 2
1343847820 2 /dev/ttyUSB1 2
1343847826 2 /dev/ttyUSB1 2
1343847832 3 /dev/ttyUSB1 2
1343847838 2 /dev/ttyUSB1 2
1343847844 2 /dev/ttyUSB1 2
1343847851 3 /dev/ttyUSB1 2
1343847857 2 /dev/ttyUSB1 2
1343847863 2 /dev/ttyUSB1 2
1343847869 2 /dev/ttyUSB1 2
1343847875 2 /dev/ttyUSB1 2
1343847881 2 /dev/ttyUSB1 2
1343847887 3 /dev/ttyUSB1 2
1343847893 2 /dev/ttyUSB1 2
1343847905 2 /dev/ttyUSB1 2
1343847912 2 /dev/ttyUSB1 2
1343847918 2 /dev/ttyUSB1 2
1343847924 2 /dev/ttyUSB1 2
1343847948 3 /dev/ttyUSB1 2
1343847954 2 /dev/ttyUSB1 2
1343847960 2 /dev/ttyUSB1 2
1343847966 2 /dev/ttyUSB1 2
1343847972 2 /dev/ttyUSB1 2
1343847979 2 /dev/ttyUSB1 2
1343847985 3 /dev/ttyUSB1 2
1343847991 2 /dev/ttyUSB1 2
1343847997 2 /dev/ttyUSB1 2
1343848003 2 /dev/ttyUSB1 2
1343848009 2 /dev/ttyUSB1 2
1343848015 2 /dev/ttyUSB1 2
1343848021 2 /dev/ttyUSB1 2
1343848033 2 /dev/ttyUSB1 2
1343848040 2 /dev/ttyUSB1 2
1343848046 2 /dev/ttyUSB1 2
1343848052 3 /dev/ttyUSB1 2
1343848064 2 /dev/ttyUSB1 2
1343848070 2 /dev/ttyUSB1 2
1343848076 2 /dev/ttyUSB1 2
1343848082 2 /dev/ttyUSB1 2
1343848088 2 /dev/ttyUSB1 2
1343848094 2 /dev/ttyUSB1 2
1343848100 2 /dev/ttyUSB1 2
1343848107 3 /dev/ttyUSB1 2
1343848113 2 /dev/ttyUSB1 2
1343848131 2 /dev/ttyUSB1 2
1343848137 2 /dev/ttyUSB1 2
1343848143 2 /dev/ttyUSB1 2
1343848149 2 /dev/ttyUSB1 2
1343848155 2 /dev/ttyUSB1 2
1343848161 3 /dev/ttyUSB1 2
1343848168 3 /dev/ttyUSB1 2
1343848174 2 /dev/ttyUSB1 2
1343848180 2 /dev/ttyUSB1 2
1343848192 2 /dev/ttyUSB1 2
1343848198 2 /dev/ttyUSB1 2
1343848204 2 /dev/ttyUSB1 2
1343848210 2 /dev/ttyUSB1 2
1343848216 2 /dev/ttyUSB1 2
1343848228 2 /dev/ttyUSB1 2
1343848235 3 /dev/ttyUSB1 2
1343848241 3 /dev/ttyUSB1 2
1343848247 2 /dev/ttyUSB1 2
1343848253 2 /dev/ttyUSB1 2
1343848259 2 /dev/ttyUSB1 2
1343848265 3 /dev/ttyUSB1 2
1343848271 2 /dev/ttyUSB1 2
1343848320 2 /dev/ttyUSB1 2
1343848326 2 /dev/ttyUSB1 2
1343848332 2 /dev/ttyUSB1 2
1343848338 2 /dev/ttyUSB1 2
1343848344 2 /dev/ttyUSB1 2
1343848350 2 /dev/ttyUSB1 2
1343848356 2 /dev/ttyUSB1 2
1343848363 2 /dev/ttyUSB1 2
1343848375 2 /dev/ttyUSB1 2
1343848381 2 /dev/ttyUSB1 2
1343848387 3 /dev/ttyUSB1 2
1343848423 2 /dev/ttyUSB1 2
1343848448 2 /dev/ttyUSB1 2
1343848454 3 /dev/ttyUSB1 2
1343848478 2 /dev/ttyUSB1 2
1343848484 2 /dev/ttyUSB1 2
1343848491 2 /dev/ttyUSB1 2
1343848497 2 /dev/ttyUSB1 2
1343848503 2 /dev/ttyUSB1 2
1343848509 2 /dev/ttyUSB1 2
1343848515 2 /dev/ttyUSB1 2
1343848521 2 /dev/ttyUSB1 2
1343848527 2 /dev/ttyUSB1 2
1343848533 2 /dev/ttyUSB1 2
1343848539 2 /dev/ttyUSB1 2
1343848545 3 /dev/ttyUSB1 2
1343848551 2 /dev/ttyUSB1 2
1343848558 2 /dev/ttyUSB1 2
1343848576 2 /dev/ttyUSB1 2
1343848582 2 /dev/ttyUSB1 2
1343848588 2 /dev/ttyUSB1 2
1343848594 2 /dev/ttyUSB1 2
1343848600 2 /dev/ttyUSB1 2
1343848606 2 /dev/ttyUSB1 2
1343848612 2 /dev/ttyUSB1 2
1343848619 2 /dev/ttyUSB1 2
1343848625 3 /dev/ttyUSB1 2
1343848631 2 /dev/ttyUSB1 2
1343848637 3 /dev/ttyUSB1 2
1343848643 3 /dev/ttyUSB1 2
1343848649 2 /dev/ttyUSB1 2
1343848655 2 /dev/ttyUSB1 2
1343848661 2 /dev/ttyUSB1 2
1343848667 3 /dev/ttyUSB1 2
1343848673 2 /dev/ttyUSB1 2
1343848679 2 /dev/ttyUSB1 2
1343848686 2 /dev/ttyUSB1 2
1343848692 2 /dev/ttyUSB1 2
1343848704 3 /dev/ttyUSB1 2
1343848710 2 /dev/ttyUSB1 2
1343848716 2 /dev/ttyUSB1 2
1343848722 2 /dev/ttyUSB1 2
1343848728 3 /dev/ttyUSB1 2
1343848734 3 /dev/ttyUSB1 2
1343848740 2 /dev/ttyUSB1 2
1343848747 2 /dev/ttyUSB1 2
1343848753 2 /dev/ttyUSB1 2
1343848759 2 /dev/ttyUSB1 2
1343848765 2 /dev/ttyUSB1 2
1343848771 2 /dev/ttyUSB1 2
1343848777 2 /dev/ttyUSB1 2
1343848783 2 /dev/ttyUSB1 2
1343848789 2 /dev/ttyUSB1 2
1343848795 2 /dev/ttyUSB1 2
1343848801 2 /dev/ttyUSB1 2
1343848807 2 /dev/ttyUSB1 2
1343848814 2 /dev/ttyUSB1 2
1343848820 3 /dev/ttyUSB1 2
1343848838 2 /dev/ttyUSB1 2
1343848844 3 /dev/ttyUSB1 2
1343848850 2 /dev/ttyUSB1 2
1343848856 2 /dev/ttyUSB1 2
1343848862 2 /dev/ttyUSB1 2
1343848868 2 /dev/ttyUSB1 2
1343848874 2 /dev/ttyUSB1 2
1343848881 2 /dev/ttyUSB1 2
1343848893 2 /dev/ttyUSB1 2
1343848899 2 /dev/ttyUSB1 2
1343848911 2 /dev/ttyUSB1 2
1343848917 2 /dev/ttyUSB1 2
1343848923 2 /dev/ttyUSB1 2
1343848929 2 /dev/ttyUSB1 2
1343848935 2 /dev/ttyUSB1 2
1343848942 2 /dev/ttyUSB1 2
1343848948 2 /dev/ttyUSB1 2
1343848960 2 /dev/ttyUSB1 2
1343849027 2 /dev/ttyUSB1 2
1343849033 2 /dev/ttyUSB1 2
1343849039 2 /dev/ttyUSB1 2
1343849045 3 /dev/ttyUSB1 2
1343849051 2 /dev/ttyUSB1 2
1343849057 3 /dev/ttyUSB1 2
1343849063 2 /dev/ttyUSB1 2
1343849082 2 /dev/ttyUSB1 2
1343849100 2 /dev/ttyUSB1 2
1343849106 3 /dev/ttyUSB1 2
1343849118 2 /dev/ttyUSB1 2
1343849124 2 /dev/ttyUSB1 2
1343849130 2 /dev/ttyUSB1 2
1343849137 2 /dev/ttyUSB1 2
1343849143 2 /dev/ttyUSB1 2
1343849149 2 /dev/ttyUSB1 2
1343849155 2 /dev/ttyUSB1 2
1343849161 2 /dev/ttyUSB1 2
1343849167 2 /dev/ttyUSB1 2
1343849173 2 /dev/ttyUSB1 2
1343849179 2 /dev/ttyUSB1 2
1343849185 2 /dev/ttyUSB1 2
1343849191 2 /dev/ttyUSB1 2
1343849198 2 /dev/ttyUSB1 2
1343849204 2 /dev/ttyUSB1 2
1343849210 2 /dev/ttyUSB1 2
1343849216 2 /dev/ttyUSB1 2
1343849222 2 /dev/ttyUSB1 2
1343849228 2 /dev/ttyUSB1 2
1343849234 2 /dev/ttyUSB1 2
1343849252 2 /dev/ttyUSB1 2
1343849258 2 /dev/ttyUSB1 2
1343849265 2 /dev/ttyUSB1 2
1343849271 2 /dev/ttyUSB1 2
1343849277 2 /dev/ttyUSB1 2
1343849283 2 /dev/ttyUSB1 2
1343849289 2 /dev/ttyUSB1 2
1343849295 2 /dev/ttyUSB1 2
1343849301 2 /dev/ttyUSB1 2
1343849307 2 /dev/ttyUSB1 2
1343849313 2 /dev/ttyUSB1 2
1343849319 2 /dev/ttyUSB1 2
1343849326 2 /dev/ttyUSB1 2
1343849332 2 /dev/ttyUSB1 2
1343849338 2 /dev/ttyUSB1 2
1343849344 2 /dev/ttyUSB1 2
1343849350 2 /dev/ttyUSB1 2
1343849356 2 /dev/ttyUSB1 2
1343849362 2 /dev/ttyUSB1 2
1343849374 2 /dev/ttyUSB1 2
1343849380 2 /dev/ttyUSB1 2
1343849386 2 /dev/ttyUSB1 2
1343849393 2 /dev/ttyUSB1 2
1343849405 2 /dev/ttyUSB1 2
1343849411 2 /dev/ttyUSB1 2
1343849417 3 /dev/ttyUSB1 2
1343849423 2 /dev/ttyUSB1 2
1343849435 2 /dev/ttyUSB1 2
1343849441 2 /dev/ttyUSB1 2
1343849447 2 /dev/ttyUSB1 2
1343849460 2 /dev/ttyUSB1 2
1343849466 3 /dev/ttyUSB1 2
1343849472 2 /dev/ttyUSB1 2
1343849478 2 /dev/ttyUSB1 2
1343849490 2 /dev/ttyUSB1 2
1343849521 2 /dev/ttyUSB1 2
1343849533 2 /dev/ttyUSB1 2
1343849539 3 /dev/ttyUSB1 2
1343849545 2 /dev/ttyUSB1 2
1343849551 2 /dev/ttyUSB1 2
1343849557 2 /dev/ttyUSB1 2
1343849563 2 /dev/ttyUSB1 2
1343849569 2 /dev/ttyUSB1 2
1343849575 2 /dev/ttyUSB1 2
1343849582 2 /dev/ttyUSB1 2
1343849588 2 /dev/ttyUSB1 2
1343849594 2 /dev/ttyUSB1 2
1343849600 2 /dev/ttyUSB1 2
1343849606 2 /dev/ttyUSB1 2
1343849612 3 /dev/ttyUSB1 2
1343849618 2 /dev/ttyUSB1 2
1343849624 2 /dev/ttyUSB1 2
1343849630 2 /dev/ttyUSB1 2
1343849636 2 /dev/ttyUSB1 2
1343849642 2 /dev/ttyUSB1 2
1343849649 2 /dev/ttyUSB1 2
1343849661 2 /dev/ttyUSB1 2
1343849667 2 /dev/ttyUSB1 2
1343849673 2 /dev/ttyUSB1 2
1343849679 2 /dev/ttyUSB1 2
1343849685 2 /dev/ttyUSB1 2
1343849691 2 /dev/ttyUSB1 2
1343849697 2 /dev/ttyUSB1 2
1343849703 2 /dev/ttyUSB1 2
1343849709 2 /dev/ttyUSB1 2
1343849716 2 /dev/ttyUSB1 2
1343849728 2 /dev/ttyUSB1 2
1343849734 3 /dev/ttyUSB1 2
1343849740 2 /dev/ttyUSB1 2
1343849746 2 /dev/ttyUSB1 2
1343849752 2 /dev/ttyUSB1 2
1343849758 2 /dev/ttyUSB1 2
1343849789 2 /dev/ttyUSB1 2
1343849795 2 /dev/ttyUSB1 2
1343849801 2 /dev/ttyUSB1 2
1343849807 2 /dev/ttyUSB1 2
1343849813 2 /dev/ttyUSB1 2
1343849819 2 /dev/ttyUSB1 2
1343849825 2 /dev/ttyUSB1 2
1343849831 2 /dev/ttyUSB1 2
1343849837 2 /dev/ttyUSB1 2
1343849844 2 /dev/ttyUSB1 2
1343849850 2 /dev/ttyUSB1 2
1343849856 2 /dev/ttyUSB1 2
1343849862 2 /dev/ttyUSB1 2
1343849868 2 /dev/ttyUSB1 2
1343849874 2 /dev/ttyUSB1 2
1343849880 3 /dev/ttyUSB1 2
1343849886 2 /dev/ttyUSB1 2
1343849892 2 /dev/ttyUSB1 2
1343849898 2 /dev/ttyUSB1 2
1343849905 3 /dev/ttyUSB1 2
1343849917 3 /dev/ttyUSB1 2
1343849923 2 /dev/ttyUSB1 2
1343849929 3 /dev/ttyUSB1 2
1343849935 2 /dev/ttyUSB1 2
1343849947 3 /dev/ttyUSB1 2
1343849953 2 /dev/ttyUSB1 2
1343849959 2 /dev/ttyUSB1 2
1343849965 2 /dev/ttyUSB1 2
1343849972 2 /dev/ttyUSB1 2
1343849978 2 /dev/ttyUSB1 2
1343849984 2 /dev/ttyUSB1 2
1343849990 2 /dev/ttyUSB1 2
1343849996 2 /dev/ttyUSB1 2
1343850002 2 /dev/ttyUSB1 2
1343850008 2 /dev/ttyUSB1 2
1343850014 2 /dev/ttyUSB1 2
1343850020 2 /dev/ttyUSB1 2
1343850045 2 /dev/ttyUSB1 2
1343850051 2 /dev/ttyUSB1 2
1343850106 2 /dev/ttyUSB1 2
1343850112 2 /dev/ttyUSB1 2
1343850118 2 /dev/ttyUSB1 2
1343850124 2 /dev/ttyUSB1 2
1343850130 2 /dev/ttyUSB1 2
1343850136 2 /dev/ttyUSB1 2
1343850142 3 /dev/ttyUSB1 2
1343850148 2 /dev/ttyUSB1 2
1343850154 2 /dev/ttyUSB1 2
1343850161 2 /dev/ttyUSB1 2
1343850167 2 /dev/ttyUSB1 2
1343850173 3 /dev/ttyUSB1 2
1343850179 2 /dev/ttyUSB1 2
1343850185 2 /dev/ttyUSB1 2
1343850191 2 /dev/ttyUSB1 2
1343850203 2 /dev/ttyUSB1 2
1343850209 2 /dev/ttyUSB1 2
1343850215 3 /dev/ttyUSB1 2
1343850221 2 /dev/ttyUSB1 2
1343850228 2 /dev/ttyUSB1 2
1343850234 3 /dev/ttyUSB1 2
1343850240 2 /dev/ttyUSB1 2
1343850246 2 /dev/ttyUSB1 2
1343850258 2 /dev/ttyUSB1 2
1343850264 2 /dev/ttyUSB1 2
1343850270 2 /dev/ttyUSB1 2
1343850276 2 /dev/ttyUSB1 2
1343850282 2 /dev/ttyUSB1 2
1343850289 2 /dev/ttyUSB1 2
1343850295 2 /dev/ttyUSB1 2
1343850301 2 /dev/ttyUSB1 2
1343850307 2 /dev/ttyUSB1 2
1343850313 2 /dev/ttyUSB1 2
1343850319 2 /dev/ttyUSB1 2
1343850331 2 /dev/ttyUSB1 2
1343850337 2 /dev/ttyUSB1 2
1343850343 2 /dev/ttyUSB1 2
1343850349 3 /dev/ttyUSB1 2
1343850356 2 /dev/ttyUSB1 2
1343850410 2 /dev/ttyUSB1 2
1343850417 2 /dev/ttyUSB1 2
1343850423 2 /dev/ttyUSB1 2
1343850429 2 /dev/ttyUSB1 2
1343850435 2 /dev/ttyUSB1 2
1343850441 2 /dev/ttyUSB1 2
1343850447 2 /dev/ttyUSB1 2
1343850459 2 /dev/ttyUSB1 2
1343850465 2 /dev/ttyUSB1 2
1343850471 2 /dev/ttyUSB1 2
1343850477 2 /dev/ttyUSB1 2
1343850490 2 /dev/ttyUSB1 2
1343850496 2 /dev/ttyUSB1 2
1343850502 2 /dev/ttyUSB1 2
1343850508 2 /dev/ttyUSB1 2
1343850514 2 /dev/ttyUSB1 2
1343850526 3 /dev/ttyUSB1 2
1343850532 3 /dev/ttyUSB1 2
1343850538 3 /dev/ttyUSB1 2
1343850545 3 /dev/ttyUSB1 2
1343850551 3 /dev/ttyUSB1 2
1343850557 2 /dev/ttyUSB1 2
1343850563 2 /dev/ttyUSB1 2
1343850569 2 /dev/ttyUSB1 2
1343850593 2 /dev/ttyUSB1 2
1343850599 3 /dev/ttyUSB1 2
1343850636 3 /dev/ttyUSB1 2
1343850642 2 /dev/ttyUSB1 2
1343850648 2 /dev/ttyUSB1 2
1343850654 2 /dev/ttyUSB1 2
1343850660 2 /dev/ttyUSB1 2
1343850666 2 /dev/ttyUSB1 2
1343850679 3 /dev/ttyUSB1 2
1343850685 3 /dev/ttyUSB1 2
1343850691 2 /dev/ttyUSB1 2
1343850697 2 /dev/ttyUSB1 2
1343850703 3 /dev/ttyUSB1 2
1343850709 2 /dev/ttyUSB1 2
1343850715 2 /dev/ttyUSB1 2
1343850721 2 /dev/ttyUSB1 2
1343850727 2 /dev/ttyUSB1 2
1343850733 2 /dev/ttyUSB1 2
1343850746 2 /dev/ttyUSB1 2
1343850752 2 /dev/ttyUSB1 2
1343850764 2 /dev/ttyUSB1 2
1343850770 2 /dev/ttyUSB1 2
1343850776 2 /dev/ttyUSB1 2
1343850782 2 /dev/ttyUSB1 2
1343850788 2 /dev/ttyUSB1 2
1343850807 2 /dev/ttyUSB1 2
1343850813 3 /dev/ttyUSB1 2
1343850819 2 /dev/ttyUSB1 2
1343850825 2 /dev/ttyUSB1 2
1343850831 2 /dev/ttyUSB1 2
1343850837 2 /dev/ttyUSB1 2
1343850843 2 /dev/ttyUSB1 2
1343850849 2 /dev/ttyUSB1 2
1343850855 2 /dev/ttyUSB1 2
1343850861 2 /dev/ttyUSB1 2
1343850874 2 /dev/ttyUSB1 2
1343850880 2 /dev/ttyUSB1 2
1343850886 2 /dev/ttyUSB1 2
1343850892 2 /dev/ttyUSB1 2
1343850898 2 /dev/ttyUSB1 2
1343850904 2 /dev/ttyUSB1 2
1343850910 2 /dev/ttyUSB1 2
1343850916 2 /dev/ttyUSB1 2
1343850922 2 /dev/ttyUSB1 2
1343850928 2 /dev/ttyUSB1 2
1343850935 2 /dev/ttyUSB1 2
1343850941 2 /dev/ttyUSB1 2
1343850947 2 /dev/ttyUSB1 2
1343850953 2 /dev/ttyUSB1 2
1343850959 3 /dev/ttyUSB1 2
1343850965 2 /dev/ttyUSB1 2
1343850971 2 /dev/ttyUSB1 2
1343850989 2 /dev/ttyUSB1 2
1343851002 2 /dev/ttyUSB1 2
1343851008 2 /dev/ttyUSB1 2
1343851014 2 /dev/ttyUSB1 2
1343851020 3 /dev/ttyUSB1 2
1343851032 2 /dev/ttyUSB1 2
1343851038 2 /dev/ttyUSB1 2
1343851044 2 /dev/ttyUSB1 2
1343851050 2 /dev/ttyUSB1 2
1343851056 2 /dev/ttyUSB1 2
1343851063 2 /dev/ttyUSB1 2
1343851069 2 /dev/ttyUSB1 2
1343851075 2 /dev/ttyUSB1 2
1343851099 2 /dev/ttyUSB1 2
1343851105 2 /dev/ttyUSB1 2
1343851117 2 /dev/ttyUSB1 2
1343851124 3 /dev/ttyUSB1 2
1343851130 2 /dev/ttyUSB1 2
1343851136 2 /dev/ttyUSB1 2
1343851142 2 /dev/ttyUSB1 2
1343851148 2 /dev/ttyUSB1 2
1343851160 3 /dev/ttyUSB1 2
1343851166 2 /dev/ttyUSB1 2
1343851184 2 /dev/ttyUSB1 2
1343851191 2 /dev/ttyUSB1 2
1343851203 2 /dev/ttyUSB1 2
1343851209 3 /dev/ttyUSB1 2
1343851215 2 /dev/ttyUSB1 2
1343851221 2 /dev/ttyUSB1 2
1343851227 2 /dev/ttyUSB1 2
1343851233 2 /dev/ttyUSB1 2
1343851239 2 /dev/ttyUSB1 2
1343851245 2 /dev/ttyUSB1 2
1343851252 2 /dev/ttyUSB1 2
1343851300 2 /dev/ttyUSB1 2
1343851306 2 /dev/ttyUSB1 2
1343851319 3 /dev/ttyUSB1 2
1343851325 2 /dev/ttyUSB1 2
1343851331 2 /dev/ttyUSB1 2
1343851337 2 /dev/ttyUSB1 2
1343851343 2 /dev/ttyUSB1 2
1343851349 2 /dev/ttyUSB1 2
1343851355 2 /dev/ttyUSB1 2
1343851361 2 /dev/ttyUSB1 2
1343851367 2 /dev/ttyUSB1 2
1343851373 2 /dev/ttyUSB1 2
1343851380 2 /dev/ttyUSB1 2
1343851386 2 /dev/ttyUSB1 2
1343851392 2 /dev/ttyUSB1 2
1343851398 3 /dev/ttyUSB1 2
1343851404 2 /dev/ttyUSB1 2
1343851416 2 /dev/ttyUSB1 2
1343851422 2 /dev/ttyUSB1 2
1343851428 2 /dev/ttyUSB1 2
1343851434 2 /dev/ttyUSB1 2
1343851447 2 /dev/ttyUSB1 2
1343851453 2 /dev/ttyUSB1 2
1343851459 2 /dev/ttyUSB1 2
1343851465 2 /dev/ttyUSB1 2
1343851471 2 /dev/ttyUSB1 2
1343851477 2 /dev/ttyUSB1 2
1343851483 2 /dev/ttyUSB1 2
1343851489 2 /dev/ttyUSB1 2
1343851495 2 /dev/ttyUSB1 2
1343851501 3 /dev/ttyUSB1 2
1343851508 2 /dev/ttyUSB1 2
1343851514 2 /dev/ttyUSB1 2
1343851520 3 /dev/ttyUSB1 2
1343851526 2 /dev/ttyUSB1 2
1343851532 2 /dev/ttyUSB1 2
1343851538 2 /dev/ttyUSB1 2
1343851544 3 /dev/ttyUSB1 2
1343851550 2 /dev/ttyUSB1 2
1343851556 2 /dev/ttyUSB1 2
1343851562 2 /dev/ttyUSB1 2
1343851575 2 /dev/ttyUSB1 2
1343851581 2 /dev/ttyUSB1 2
1343851587 2 /dev/ttyUSB1 2
1343851599 2 /dev/ttyUSB1 2
1343851605 2 /dev/ttyUSB1 2
1343851611 2 /dev/ttyUSB1 2
1343851617 2 /dev/ttyUSB1 2
1343851623 2 /dev/ttyUSB1 2
1343851629 2 /dev/ttyUSB1 2
1343851636 2 /dev/ttyUSB1 2
1343851648 2 /dev/ttyUSB1 2
1343851672 2 /dev/ttyUSB1 2
1343851678 2 /dev/ttyUSB1 2
1343851684 3 /dev/ttyUSB1 2
1343851690 2 /dev/ttyUSB1 2
1343851703 2 /dev/ttyUSB1 2
1343851715 2 /dev/ttyUSB1 2
1343851721 2 /dev/ttyUSB1 2
1343851733 2 /dev/ttyUSB1 2
1343851739 2 /dev/ttyUSB1 2
1343851745 2 /dev/ttyUSB1 2
1343851751 2 /dev/ttyUSB1 2
1343851757 3 /dev/ttyUSB1 2
1343851763 3 /dev/ttyUSB1 2
1343851770 2 /dev/ttyUSB1 2
1343851776 3 /dev/ttyUSB1 2
1343851782 2 /dev/ttyUSB1 2
1343851788 2 /dev/ttyUSB1 2
1343851794 3 /dev/ttyUSB1 2
1343851812 2 /dev/ttyUSB1 2
1343851818 2 /dev/ttyUSB1 2
1343851831 2 /dev/ttyUSB1 2
1343851837 3 /dev/ttyUSB1 2
1343851843 2 /dev/ttyUSB1 2
1343851849 3 /dev/ttyUSB1 2
1343851861 2 /dev/ttyUSB1 2
1343851867 2 /dev/ttyUSB1 2
1343851873 2 /dev/ttyUSB1 2
1343851879 2 /dev/ttyUSB1 2
1343851885 2 /dev/ttyUSB1 2
1343851892 2 /dev/ttyUSB1 2
1343851904 2 /dev/ttyUSB1 2
1343851916 2 /dev/ttyUSB1 2
1343851922 2 /dev/ttyUSB1 2
1343851928 2 /dev/ttyUSB1 2
1343851946 2 /dev/ttyUSB1 2
1343851952 2 /dev/ttyUSB1 2
1343851959 2 /dev/ttyUSB1 2
1343851965 2 /dev/ttyUSB1 2
1343851971 2 /dev/ttyUSB1 2
1343851977 2 /dev/ttyUSB1 2
1343851989 2 /dev/ttyUSB1 2
1343851995 2 /dev/ttyUSB1 2
1343852001 2 /dev/ttyUSB1 2
1343852007 2 /dev/ttyUSB1 2
1343852013 2 /dev/ttyUSB1 2
1343852019 2 /dev/ttyUSB1 2
1343852026 2 /dev/ttyUSB1 2
1343852032 2 /dev/ttyUSB1 2
1343852038 2 /dev/ttyUSB1 2
1343852044 3 /dev/ttyUSB1 2
1343852050 3 /dev/ttyUSB1 2
1343852056 2 /dev/ttyUSB1 2
1343852062 2 /dev/ttyUSB1 2
1343852068 2 /dev/ttyUSB1 2
1343852074 2 /dev/ttyUSB1 2
1343852080 2 /dev/ttyUSB1 2
1343852087 2 /dev/ttyUSB1 2
1343852093 2 /dev/ttyUSB1 2
1343852099 2 /dev/ttyUSB1 2
1343852105 2 /dev/ttyUSB1 2
1343852117 2 /dev/ttyUSB1 2
1343852123 2 /dev/ttyUSB1 2
1343852129 2 /dev/ttyUSB1 2
1343852135 2 /dev/ttyUSB1 2
1343852147 2 /dev/ttyUSB1 2
1343852154 2 /dev/ttyUSB1 2
1343852160 2 /dev/ttyUSB1 2
1343852166 3 /dev/ttyUSB1 2
1343852172 2 /dev/ttyUSB1 2
1343852178 2 /dev/ttyUSB1 2
1343852184 2 /dev/ttyUSB1 2
1343852190 2 /dev/ttyUSB1 2
1343852196 2 /dev/ttyUSB1 2
1343852202 2 /dev/ttyUSB1 2
1343852208 2 /dev/ttyUSB1 2
1343852215 2 /dev/ttyUSB1 2
1343852221 2 /dev/ttyUSB1 2
1343852227 2 /dev/ttyUSB1 2
1343852233 2 /dev/ttyUSB1 2
1343852239 2 /dev/ttyUSB1 2
1343852245 2 /dev/ttyUSB1 2
1343852251 3 /dev/ttyUSB1 2
1343852257 2 /dev/ttyUSB1 2
1343852263 2 /dev/ttyUSB1 2
1343852275 2 /dev/ttyUSB1 2
1343852282 2 /dev/ttyUSB1 2
1343852288 2 /dev/ttyUSB1 2
1343852294 2 /dev/ttyUSB1 2
1343852300 2 /dev/ttyUSB1 2
1343852306 2 /dev/ttyUSB1 2
1343852312 2 /dev/ttyUSB1 2
1343852318 2 /dev/ttyUSB1 2
1343852324 2 /dev/ttyUSB1 2
1343852330 2 /dev/ttyUSB1 2
1343852336 3 /dev/ttyUSB1 2
1343852343 2 /dev/ttyUSB1 2
1343852349 2 /dev/ttyUSB1 2
1343852355 2 /dev/ttyUSB1 2
1343852361 2 /dev/ttyUSB1 2
1343852367 2 /dev/ttyUSB1 2
1343852373 2 /dev/ttyUSB1 2
1343852379 2 /dev/ttyUSB1 2
1343852385 2 /dev/ttyUSB1 2
1343852391 2 /dev/ttyUSB1 2
1343852422 2 /dev/ttyUSB1 2
1343852434 2 /dev/ttyUSB1 2
1343852440 2 /dev/ttyUSB1 2
1343852446 2 /dev/ttyUSB1 2
1343852452 3 /dev/ttyUSB1 2
1343852458 2 /dev/ttyUSB1 2
1343852464 2 /dev/ttyUSB1 2
1343852477 2 /dev/ttyUSB1 2
1343852483 2 /dev/ttyUSB1 2
1343852495 2 /dev/ttyUSB1 2
1343852501 2 /dev/ttyUSB1 2
1343852507 2 /dev/ttyUSB1 2
1343852513 2 /dev/ttyUSB1 2
1343852519 2 /dev/ttyUSB1 2
1343852525 2 /dev/ttyUSB1 2
1343852531 2 /dev/ttyUSB1 2
1343852538 2 /dev/ttyUSB1 2
1343852544 3 /dev/ttyUSB1 2
1343852550 2 /dev/ttyUSB1 2
1343852562 3 /dev/ttyUSB1 2
1343852568 2 /dev/ttyUSB1 2
1343852580 3 /dev/ttyUSB1 2
1343852586 2 /dev/ttyUSB1 2
1343852592 2 /dev/ttyUSB1 2
1343852599 2 /dev/ttyUSB1 2
1343852605 2 /dev/ttyUSB1 2
1343852611 2 /dev/ttyUSB1 2
1343852617 2 /dev/ttyUSB1 2
1343852623 2 /dev/ttyUSB1 2
1343852629 2 /dev/ttyUSB1 2
1343852635 3 /dev/ttyUSB1 2
1343852641 2 /dev/ttyUSB1 2
1343852647 2 /dev/ttyUSB1 2
1343852653 2 /dev/ttyUSB1 2
1343852659 2 /dev/ttyUSB1 2
1343852666 2 /dev/ttyUSB1 2
1343852672 2 /dev/ttyUSB1 2
1343852678 2 /dev/ttyUSB1 2
1343852690 2 /dev/ttyUSB1 2
1343852696 2 /dev/ttyUSB1 2
1343852702 2 /dev/ttyUSB1 2
1343852708 2 /dev/ttyUSB1 2
1343852714 2 /dev/ttyUSB1 2
1343852720 2 /dev/ttyUSB1 2
1343852727 2 /dev/ttyUSB1 2
1343852745 2 /dev/ttyUSB1 2
1343852751 2 /dev/ttyUSB1 2
1343852757 3 /dev/ttyUSB1 2
1343852763 3 /dev/ttyUSB1 2
1343852769 2 /dev/ttyUSB1 2
1343852787 2 /dev/ttyUSB1 2
1343852794 2 /dev/ttyUSB1 2
1343852800 2 /dev/ttyUSB1 2
1343852806 2 /dev/ttyUSB1 2
1343852848 3 /dev/ttyUSB1 2
1343852855 2 /dev/ttyUSB1 2
1343852861 2 /dev/ttyUSB1 2
1343852867 2 /dev/ttyUSB1 2
1343852873 2 /dev/ttyUSB1 2
1343852879 2 /dev/ttyUSB1 2
1343852903 2 /dev/ttyUSB1 2
1343852909 2 /dev/ttyUSB1 2
1343852915 2 /dev/ttyUSB1 2
1343852922 2 /dev/ttyUSB1 2
1343852928 3 /dev/ttyUSB1 2
1343852934 2 /dev/ttyUSB1 2
1343852940 2 /dev/ttyUSB1 2
1343852946 2 /dev/ttyUSB1 2
1343852952 3 /dev/ttyUSB1 2
1343852958 3 /dev/ttyUSB1 2
1343852964 2 /dev/ttyUSB1 2
1343852976 3 /dev/ttyUSB1 2
1343852982 2 /dev/ttyUSB1 2
1343852989 2 /dev/ttyUSB1 2
1343852995 2 /dev/ttyUSB1 2
1343853001 2 /dev/ttyUSB1 2
1343853007 2 /dev/ttyUSB1 2
1343853013 2 /dev/ttyUSB1 2
1343853019 2 /dev/ttyUSB1 2
1343853031 2 /dev/ttyUSB1 2
1343853037 3 /dev/ttyUSB1 2
1343853043 2 /dev/ttyUSB1 2
1343853050 3 /dev/ttyUSB1 2
1343853056 2 /dev/ttyUSB1 2
1343853062 2 /dev/ttyUSB1 2
1343853068 2 /dev/ttyUSB1 2
1343853074 3 /dev/ttyUSB1 2
1343853080 2 /dev/ttyUSB1 2
1343853086 2 /dev/ttyUSB1 2
1343853092 3 /dev/ttyUSB1 2
1343853104 2 /dev/ttyUSB1 2
1343853110 2 /dev/ttyUSB1 2
1343853117 3 /dev/ttyUSB1 2
1343853123 2 /dev/ttyUSB1 2
1343853129 2 /dev/ttyUSB1 2
1343853135 2 /dev/ttyUSB1 2
1343853141 2 /dev/ttyUSB1 2
1343853147 2 /dev/ttyUSB1 2
1343853153 3 /dev/ttyUSB1 2
1343853159 2 /dev/ttyUSB1 2
1343853165 2 /dev/ttyUSB1 2
1343853171 2 /dev/ttyUSB1 2
1343853178 2 /dev/ttyUSB1 2
1343853184 2 /dev/ttyUSB1 2
1343853190 2 /dev/ttyUSB1 2
1343853196 3 /dev/ttyUSB1 2
1343853202 3 /dev/ttyUSB1 2
1343853208 2 /dev/ttyUSB1 2
1343853214 2 /dev/ttyUSB1 2
1343853220 3 /dev/ttyUSB1 2
1343853232 3 /dev/ttyUSB1 2
1343853238 2 /dev/ttyUSB1 2
1343853245 2 /dev/ttyUSB1 2
1343853263 2 /dev/ttyUSB1 2
1343853269 3 /dev/ttyUSB1 2
1343853275 2 /dev/ttyUSB1 2
1343853281 2 /dev/ttyUSB1 2
1343853287 2 /dev/ttyUSB1 2
1343853293 2 /dev/ttyUSB1 2
1343853299 2 /dev/ttyUSB1 2
1343853360 3 /dev/ttyUSB1 2
1343853373 2 /dev/ttyUSB1 2
1343853379 3 /dev/ttyUSB1 2
1343853391 2 /dev/ttyUSB1 2
1343853397 2 /dev/ttyUSB1 2
1343853403 2 /dev/ttyUSB1 2
1343853409 2 /dev/ttyUSB1 2
1343853415 2 /dev/ttyUSB1 2
1343853421 2 /dev/ttyUSB1 2
1343853427 2 /dev/ttyUSB1 2
1343853434 2 /dev/ttyUSB1 2
1343853440 2 /dev/ttyUSB1 2
1343853446 3 /dev/ttyUSB1 2
1343853452 2 /dev/ttyUSB1 2
1343853519 2 /dev/ttyUSB1 2
1343853525 2 /dev/ttyUSB1 2
1343853531 3 /dev/ttyUSB1 2
1343853537 3 /dev/ttyUSB1 2
1343853543 2 /dev/ttyUSB1 2
1343853549 2 /dev/ttyUSB1 2
1343853555 3 /dev/ttyUSB1 2
1343853562 3 /dev/ttyUSB1 2
1343853568 2 /dev/ttyUSB1 2
1343853574 2 /dev/ttyUSB1 2
1343853580 2 /dev/ttyUSB1 2
1343853586 3 /dev/ttyUSB1 2
1343853592 2 /dev/ttyUSB1 2
1343853598 2 /dev/ttyUSB1 2
1343853604 2 /dev/ttyUSB1 2
1343853610 2 /dev/ttyUSB1 2
1343853616 2 /dev/ttyUSB1 2
1343853622 2 /dev/ttyUSB1 2
1343853629 2 /dev/ttyUSB1 2
1343853635 2 /dev/ttyUSB1 2
1343853647 2 /dev/ttyUSB1 2
1343853653 3 /dev/ttyUSB1 2
1343853659 2 /dev/ttyUSB1 2
1343853665 2 /dev/ttyUSB1 2
1343853671 3 /dev/ttyUSB1 2
1343853677 2 /dev/ttyUSB1 2
1343853683 2 /dev/ttyUSB1 2
1343853689 2 /dev/ttyUSB1 2
1343853696 2 /dev/ttyUSB1 2
1343853708 2 /dev/ttyUSB1 2
1343853720 2 /dev/ttyUSB1 2
1343853726 2 /dev/ttyUSB1 2
1343853750 2 /dev/ttyUSB1 2
1343853757 2 /dev/ttyUSB1 2
1343853763 2 /dev/ttyUSB1 2
1343853775 2 /dev/ttyUSB1 2
1343853781 2 /dev/ttyUSB1 2
1343853787 2 /dev/ttyUSB1 2
1343853811 2 /dev/ttyUSB1 2
1343853817 2 /dev/ttyUSB1 2
1343853830 3 /dev/ttyUSB1 2
1343853854 2 /dev/ttyUSB1 2
1343853860 3 /dev/ttyUSB1 2
1343853866 2 /dev/ttyUSB1 2
1343853872 2 /dev/ttyUSB1 2
1343853878 3 /dev/ttyUSB1 2
1343853885 3 /dev/ttyUSB1 2
1343853939 2 /dev/ttyUSB1 2
1343853945 2 /dev/ttyUSB1 2
1343853952 2 /dev/ttyUSB1 2
1343853958 2 /dev/ttyUSB1 2
1343853964 2 /dev/ttyUSB1 2
1343853970 2 /dev/ttyUSB1 2
1343853976 2 /dev/ttyUSB1 2
1343853982 2 /dev/ttyUSB1 2
1343853988 2 /dev/ttyUSB1 2
1343853994 2 /dev/ttyUSB1 2
1343854000 2 /dev/ttyUSB1 2
1343854006 2 /dev/ttyUSB1 2
1343854013 2 /dev/ttyUSB1 2
1343854019 2 /dev/ttyUSB1 2
1343854025 2 /dev/ttyUSB1 2
1343854031 2 /dev/ttyUSB1 2
1343854037 2 /dev/ttyUSB1 2
1343854043 2 /dev/ttyUSB1 2
1343854049 2 /dev/ttyUSB1 2
1343854061 2 /dev/ttyUSB1 2
1343854067 2 /dev/ttyUSB1 2
1343854073 2 /dev/ttyUSB1 2
1343854080 3 /dev/ttyUSB1 2
1343854086 2 /dev/ttyUSB1 2
1343854092 3 /dev/ttyUSB1 2
1343854098 2 /dev/ttyUSB1 2
1343854104 2 /dev/ttyUSB1 2
1343854110 2 /dev/ttyUSB1 2
1343854116 2 /dev/ttyUSB1 2
1343854122 2 /dev/ttyUSB1 2
1343854128 2 /dev/ttyUSB1 2
1343854134 3 /dev/ttyUSB1 2
1343854141 2 /dev/ttyUSB1 2
1343854147 2 /dev/ttyUSB1 2
1343854153 2 /dev/ttyUSB1 2
1343854159 2 /dev/ttyUSB1 2
1343854165 2 /dev/ttyUSB1 2
1343854171 2 /dev/ttyUSB1 2
1343854177 2 /dev/ttyUSB1 2
1343854189 2 /dev/ttyUSB1 2
1343854195 2 /dev/ttyUSB1 2
1343854201 2 /dev/ttyUSB1 2
1343854208 2 /dev/ttyUSB1 2
1343854220 2 /dev/ttyUSB1 2
1343854226 2 /dev/ttyUSB1 2
1343854232 2 /dev/ttyUSB1 2
1343854238 2 /dev/ttyUSB1 2
1343854244 3 /dev/ttyUSB1 2
1343854250 2 /dev/ttyUSB1 2
1343854256 2 /dev/ttyUSB1 2
1343854305 2 /dev/ttyUSB1 2
1343854317 2 /dev/ttyUSB1 2
1343854323 2 /dev/ttyUSB1 2
1343854329 3 /dev/ttyUSB1 2
1343854336 2 /dev/ttyUSB1 2
1343854360 3 /dev/ttyUSB1 2
1343854366 2 /dev/ttyUSB1 2
1343854372 2 /dev/ttyUSB1 2
1343854397 2 /dev/ttyUSB1 2
1343854403 2 /dev/ttyUSB1 2
1343854409 2 /dev/ttyUSB1 2
1343854415 2 /dev/ttyUSB1 2
1343854421 3 /dev/ttyUSB1 2
1343854433 3 /dev/ttyUSB1 2
1343854439 3 /dev/ttyUSB1 2
1343854445 3 /dev/ttyUSB1 2
1343854451 3 /dev/ttyUSB1 2
1343854457 2 /dev/ttyUSB1 2
1343854464 2 /dev/ttyUSB1 2
1343854476 2 /dev/ttyUSB1 2
1343854506 2 /dev/ttyUSB1 2
1343854512 2 /dev/ttyUSB1 2
1343854518 2 /dev/ttyUSB1 2
1343854525 2 /dev/ttyUSB1 2
1343854531 2 /dev/ttyUSB1 2
1343854537 2 /dev/ttyUSB1 2
1343854543 2 /dev/ttyUSB1 2
1343854549 2 /dev/ttyUSB1 2
1343854555 2 /dev/ttyUSB1 2
1343854561 2 /dev/ttyUSB1 2
1343854567 2 /dev/ttyUSB1 2
1343854573 3 /dev/ttyUSB1 2
1343854579 2 /dev/ttyUSB1 2
1343854585 3 /dev/ttyUSB1 2
1343854592 2 /dev/ttyUSB1 2
1343854604 2 /dev/ttyUSB1 2
1343854610 2 /dev/ttyUSB1 2
1343854616 2 /dev/ttyUSB1 2
1343854622 2 /dev/ttyUSB1 2
1343854628 2 /dev/ttyUSB1 2
1343854634 2 /dev/ttyUSB1 2
1343854640 2 /dev/ttyUSB1 2
1343854646 2 /dev/ttyUSB1 2
1343854652 2 /dev/ttyUSB1 2
1343854659 2 /dev/ttyUSB1 2
1343854665 2 /dev/ttyUSB1 2
1343854671 2 /dev/ttyUSB1 2
1343854677 2 /dev/ttyUSB1 2
1343854683 2 /dev/ttyUSB1 2
1343854689 2 /dev/ttyUSB1 2
1343854695 3 /dev/ttyUSB1 2
1343854701 2 /dev/ttyUSB1 2
1343854713 2 /dev/ttyUSB1 2
1343854720 2 /dev/ttyUSB1 2
1343854732 2 /dev/ttyUSB1 2
1343854738 2 /dev/ttyUSB1 2
1343854750 2 /dev/ttyUSB1 2
1343854756 2 /dev/ttyUSB1 2
1343854762 2 /dev/ttyUSB1 2
1343854768 2 /dev/ttyUSB1 2
1343854774 2 /dev/ttyUSB1 2
1343854780 2 /dev/ttyUSB1 2
1343854799 3 /dev/ttyUSB1 2
1343854805 2 /dev/ttyUSB1 2
1343854811 3 /dev/ttyUSB1 2
1343854817 2 /dev/ttyUSB1 2
1343854823 2 /dev/ttyUSB1 2
1343854829 3 /dev/ttyUSB1 2
1343854835 2 /dev/ttyUSB1 2
1343854841 2 /dev/ttyUSB1 2
1343854848 2 /dev/ttyUSB1 2
1343854860 3 /dev/ttyUSB1 2
1343854884 2 /dev/ttyUSB1 2
1343854890 2 /dev/ttyUSB1 2
1343854896 2 /dev/ttyUSB1 2
1343854902 2 /dev/ttyUSB1 2
1343854908 2 /dev/ttyUSB1 2
1343854939 2 /dev/ttyUSB1 2
1343854945 3 /dev/ttyUSB1 2
1343854951 2 /dev/ttyUSB1 2
1343854957 3 /dev/ttyUSB1 2
1343854963 2 /dev/ttyUSB1 2
1343854969 2 /dev/ttyUSB1 2
1343854976 2 /dev/ttyUSB1 2
1343854988 2 /dev/ttyUSB1 2
1343854994 2 /dev/ttyUSB1 2
1343855000 2 /dev/ttyUSB1 2
1343855006 2 /dev/ttyUSB1 2
1343855012 2 /dev/ttyUSB1 2
1343855067 2 /dev/ttyUSB1 2
1343855073 2 /dev/ttyUSB1 2
1343855079 2 /dev/ttyUSB1 2
1343855085 3 /dev/ttyUSB1 2
1343855116 2 /dev/ttyUSB1 2
1343855122 2 /dev/ttyUSB1 2
1343855128 2 /dev/ttyUSB1 2
1343855134 2 /dev/ttyUSB1 2
1343855146 3 /dev/ttyUSB1 2
1343855152 2 /dev/ttyUSB1 2
1343855158 2 /dev/ttyUSB1 2
1343855177 2 /dev/ttyUSB1 2
1343855183 3 /dev/ttyUSB1 2
1343855201 2 /dev/ttyUSB1 2
1343855207 2 /dev/ttyUSB1 2
1343855213 2 /dev/ttyUSB1 2
1343855225 2 /dev/ttyUSB1 2
1343855232 3 /dev/ttyUSB1 2
1343855238 3 /dev/ttyUSB1 2
1343855244 2 /dev/ttyUSB1 2
1343855250 2 /dev/ttyUSB1 2
1343855256 2 /dev/ttyUSB1 2
1343855262 3 /dev/ttyUSB1 2
1343855274 3 /dev/ttyUSB1 2
1343855280 3 /dev/ttyUSB1 2
1343855286 2 /dev/ttyUSB1 2
1343855292 2 /dev/ttyUSB1 2
1343855299 2 /dev/ttyUSB1 2
1343855305 2 /dev/ttyUSB1 2
1343855311 2 /dev/ttyUSB1 2
1343855317 2 /dev/ttyUSB1 2
1343855323 3 /dev/ttyUSB1 2
1343855329 2 /dev/ttyUSB1 2
1343855335 2 /dev/ttyUSB1 2
1343855341 2 /dev/ttyUSB1 2
1343855347 3 /dev/ttyUSB1 2
1343855353 2 /dev/ttyUSB1 2
1343855359 3 /dev/ttyUSB1 2
1343855366 2 /dev/ttyUSB1 2
1343855372 2 /dev/ttyUSB1 2
1343855378 2 /dev/ttyUSB1 2
1343855384 2 /dev/ttyUSB1 2
1343855390 3 /dev/ttyUSB1 2
1343855402 2 /dev/ttyUSB1 2
1343855408 2 /dev/ttyUSB1 2
1343855414 2 /dev/ttyUSB1 2
1343855420 3 /dev/ttyUSB1 2
1343855427 3 /dev/ttyUSB1 2
1343855433 2 /dev/ttyUSB1 2
1343855457 3 /dev/ttyUSB1 2
1343855463 2 /dev/ttyUSB1 2
1343855469 3 /dev/ttyUSB1 2
1343855475 2 /dev/ttyUSB1 2
1343855481 3 /dev/ttyUSB1 2
1343855487 2 /dev/ttyUSB1 2
1343855494 2 /dev/ttyUSB1 2
1343855500 2 /dev/ttyUSB1 2
1343855506 3 /dev/ttyUSB1 2
1343855512 2 /dev/ttyUSB1 2
1343855518 2 /dev/ttyUSB1 2
1343855548 2 /dev/ttyUSB1 2
1343855555 2 /dev/ttyUSB1 2
1343855561 2 /dev/ttyUSB1 2
1343855567 2 /dev/ttyUSB1 2
1343855573 2 /dev/ttyUSB1 2
1343855579 2 /dev/ttyUSB1 2
1343855585 2 /dev/ttyUSB1 2
1343855591 2 /dev/ttyUSB1 2
1343855597 2 /dev/ttyUSB1 2
1343855603 2 /dev/ttyUSB1 2
1343855615 2 /dev/ttyUSB1 2
1343855622 2 /dev/ttyUSB1 2
1343855628 2 /dev/ttyUSB1 2
1343855634 2 /dev/ttyUSB1 2
1343855640 2 /dev/ttyUSB1 2
1343855646 2 /dev/ttyUSB1 2
1343855658 2 /dev/ttyUSB1 2
1343855664 2 /dev/ttyUSB1 2
1343855670 2 /dev/ttyUSB1 2
1343855676 2 /dev/ttyUSB1 2
1343855689 2 /dev/ttyUSB1 2
1343855695 2 /dev/ttyUSB1 2
1343855701 2 /dev/ttyUSB1 2
1343855707 2 /dev/ttyUSB1 2
1343855713 2 /dev/ttyUSB1 2
1343855719 2 /dev/ttyUSB1 2
1343855725 2 /dev/ttyUSB1 2
1343855731 2 /dev/ttyUSB1 2
1343855750 2 /dev/ttyUSB1 2
1343855756 2 /dev/ttyUSB1 2
1343855762 2 /dev/ttyUSB1 2
1343855768 3 /dev/ttyUSB1 2
1343855774 2 /dev/ttyUSB1 2
1343855780 3 /dev/ttyUSB1 2
1343855786 2 /dev/ttyUSB1 2
1343855792 2 /dev/ttyUSB1 2
1343855798 2 /dev/ttyUSB1 2
1343855804 3 /dev/ttyUSB1 2
1343855817 3 /dev/ttyUSB1 2
1343855823 2 /dev/ttyUSB1 2
1343855829 2 /dev/ttyUSB1 2
1343855835 2 /dev/ttyUSB1 2
1343855841 2 /dev/ttyUSB1 2
1343855847 2 /dev/ttyUSB1 2
1343855853 2 /dev/ttyUSB1 2
1343855859 3 /dev/ttyUSB1 2
1343855865 3 /dev/ttyUSB1 2
1343855871 2 /dev/ttyUSB1 2
1343855878 2 /dev/ttyUSB1 2
1343855884 2 /dev/ttyUSB1 2
1343855890 2 /dev/ttyUSB1 2
1343855896 2 /dev/ttyUSB1 2
1343855902 2 /dev/ttyUSB1 2
1343855908 2 /dev/ttyUSB1 2
1343855914 3 /dev/ttyUSB1 2
1343855920 3 /dev/ttyUSB1 2
1343855926 2 /dev/ttyUSB1 2
1343855951 2 /dev/ttyUSB1 2
1343855957 2 /dev/ttyUSB1 2
1343855963 2 /dev/ttyUSB1 2
1343855975 2 /dev/ttyUSB1 2
1343855981 2 /dev/ttyUSB1 2
1343855987 2 /dev/ttyUSB1 2
1343855993 2 /dev/ttyUSB1 2
1343855999 2 /dev/ttyUSB1 2
1343856006 3 /dev/ttyUSB1 2
1343856012 2 /dev/ttyUSB1 2
1343856018 2 /dev/ttyUSB1 2
1343856024 3 /dev/ttyUSB1 2
1343856030 3 /dev/ttyUSB1 2
1343856036 3 /dev/ttyUSB1 2
1343856042 2 /dev/ttyUSB1 2
1343856073 2 /dev/ttyUSB1 2
1343856079 2 /dev/ttyUSB1 2
1343856085 2 /dev/ttyUSB1 2
1343856103 3 /dev/ttyUSB1 2
1343856109 2 /dev/ttyUSB1 2
1343856115 2 /dev/ttyUSB1 2
1343856127 2 /dev/ttyUSB1 2
1343856134 2 /dev/ttyUSB1 2
1343856140 2 /dev/ttyUSB1 2
1343856158 2 /dev/ttyUSB1 2
1343856164 3 /dev/ttyUSB1 2
1343856195 2 /dev/ttyUSB1 2
1343856201 2 /dev/ttyUSB1 2
1343856207 2 /dev/ttyUSB1 2
1343856213 2 /dev/ttyUSB1 2
1343856219 2 /dev/ttyUSB1 2
1343856231 2 /dev/ttyUSB1 2
1343856237 3 /dev/ttyUSB1 2
1343856243 2 /dev/ttyUSB1 2
1343856249 2 /dev/ttyUSB1 2
1343856255 2 /dev/ttyUSB1 2
1343856262 2 /dev/ttyUSB1 2
1343856268 3 /dev/ttyUSB1 2
1343856274 3 /dev/ttyUSB1 2
1343856280 2 /dev/ttyUSB1 2
1343856286 2 /dev/ttyUSB1 2
1343856292 2 /dev/ttyUSB1 2
1343856298 2 /dev/ttyUSB1 2
1343856304 2 /dev/ttyUSB1 2
1343856310 2 /dev/ttyUSB1 2
1343856316 2 /dev/ttyUSB1 2
1343856323 3 /dev/ttyUSB1 2
1343856329 2 /dev/ttyUSB1 2
1343856335 2 /dev/ttyUSB1 2
1343856377 2 /dev/ttyUSB1 2
1343856390 2 /dev/ttyUSB1 2
1343856396 2 /dev/ttyUSB1 2
1343856402 2 /dev/ttyUSB1 2
1343856408 2 /dev/ttyUSB1 2
1343856414 2 /dev/ttyUSB1 2
1343856420 2 /dev/ttyUSB1 2
1343856426 2 /dev/ttyUSB1 2
1343856432 2 /dev/ttyUSB1 2
1343856438 2 /dev/ttyUSB1 2
1343856444 2 /dev/ttyUSB1 2
1343856451 2 /dev/ttyUSB1 2
1343856457 2 /dev/ttyUSB1 2
1343856463 2 /dev/ttyUSB1 2
1343856469 2 /dev/ttyUSB1 2
1343856475 2 /dev/ttyUSB1 2
1343856481 2 /dev/ttyUSB1 2
1343856487 2 /dev/ttyUSB1 2
1343856493 2 /dev/ttyUSB1 2
1343856499 2 /dev/ttyUSB1 2
1343856548 2 /dev/ttyUSB1 2
1343856554 2 /dev/ttyUSB1 2
1343856560 2 /dev/ttyUSB1 2
1343856566 2 /dev/ttyUSB1 2
1343856572 2 /dev/ttyUSB1 2
1343856579 2 /dev/ttyUSB1 2
1343856585 2 /dev/ttyUSB1 2
1343856591 2 /dev/ttyUSB1 2
1343856597 2 /dev/ttyUSB1 2
1343856603 3 /dev/ttyUSB1 2
1343856609 2 /dev/ttyUSB1 2
1343856615 3 /dev/ttyUSB1 2
1343856621 2 /dev/ttyUSB1 2
1343856627 2 /dev/ttyUSB1 2
1343856633 2 /dev/ttyUSB1 2
1343856639 2 /dev/ttyUSB1 2
1343856646 2 /dev/ttyUSB1 2
1343856652 3 /dev/ttyUSB1 2
1343856658 2 /dev/ttyUSB1 2
1343856688 2 /dev/ttyUSB1 2
1343856707 2 /dev/ttyUSB1 2
1343856719 3 /dev/ttyUSB1 2
1343856725 2 /dev/ttyUSB1 2
1343856731 2 /dev/ttyUSB1 2
1343856737 2 /dev/ttyUSB1 2
1343856743 2 /dev/ttyUSB1 2
1343856749 2 /dev/ttyUSB1 2
1343856755 2 /dev/ttyUSB1 2
1343856761 3 /dev/ttyUSB1 2
1343856767 2 /dev/ttyUSB1 2
1343856774 2 /dev/ttyUSB1 2
1343856780 2 /dev/ttyUSB1 2
1343856786 2 /dev/ttyUSB1 2
1343856792 2 /dev/ttyUSB1 2
1343856804 2 /dev/ttyUSB1 2
1343856810 2 /dev/ttyUSB1 2
1343856816 2 /dev/ttyUSB1 2
1343856822 2 /dev/ttyUSB1 2
1343856835 2 /dev/ttyUSB1 2
1343856841 2 /dev/ttyUSB1 2
1343856847 2 /dev/ttyUSB1 2
1343856859 2 /dev/ttyUSB1 2
1343856865 2 /dev/ttyUSB1 2
1343856871 2 /dev/ttyUSB1 2
1343856877 2 /dev/ttyUSB1 2
1343856902 2 /dev/ttyUSB1 2
1343856908 2 /dev/ttyUSB1 2
1343856914 2 /dev/ttyUSB1 2
1343856920 2 /dev/ttyUSB1 2
1343856926 2 /dev/ttyUSB1 2
1343856932 3 /dev/ttyUSB1 2
1343856938 2 /dev/ttyUSB1 2
1343856944 2 /dev/ttyUSB1 2
1343856950 2 /dev/ttyUSB1 2
1343856963 3 /dev/ttyUSB1 2
1343856969 2 /dev/ttyUSB1 2
1343856975 2 /dev/ttyUSB1 2
1343856981 2 /dev/ttyUSB1 2
1343856987 2 /dev/ttyUSB1 2
1343856993 2 /dev/ttyUSB1 2
1343857023 2 /dev/ttyUSB1 2
1343857030 2 /dev/ttyUSB1 2
1343857036 2 /dev/ttyUSB1 2
1343857042 2 /dev/ttyUSB1 2
1343857054 2 /dev/ttyUSB1 2
1343857072 3 /dev/ttyUSB1 2
1343857078 3 /dev/ttyUSB1 2
1343857091 2 /dev/ttyUSB1 2
1343857097 2 /dev/ttyUSB1 2
1343857103 2 /dev/ttyUSB1 2
1343857109 3 /dev/ttyUSB1 2
1343857121 2 /dev/ttyUSB1 2
1343857127 2 /dev/ttyUSB1 2
1343857133 2 /dev/ttyUSB1 2
1343857139 2 /dev/ttyUSB1 2
1343857145 2 /dev/ttyUSB1 2
1343857151 2 /dev/ttyUSB1 2
1343857158 2 /dev/ttyUSB1 2
1343857164 2 /dev/ttyUSB1 2
1343857170 2 /dev/ttyUSB1 2
1343857176 2 /dev/ttyUSB1 2
1343857182 3 /dev/ttyUSB1 2
1343857188 2 /dev/ttyUSB1 2
1343857194 2 /dev/ttyUSB1 2
1343857200 3 /dev/ttyUSB1 2
1343857206 2 /dev/ttyUSB1 2
1343857212 2 /dev/ttyUSB1 2
1343857219 2 /dev/ttyUSB1 2
1343857225 3 /dev/ttyUSB1 2
1343857292 2 /dev/ttyUSB1 2
1343857298 2 /dev/ttyUSB1 2
1343857304 2 /dev/ttyUSB1 2
1343857310 2 /dev/ttyUSB1 2
1343857316 2 /dev/ttyUSB1 2
1343857322 2 /dev/ttyUSB1 2
1343857328 2 /dev/ttyUSB1 2
1343857334 2 /dev/ttyUSB1 2
1343857347 3 /dev/ttyUSB1 2
1343857353 3 /dev/ttyUSB1 2
1343857359 2 /dev/ttyUSB1 2
1343857365 2 /dev/ttyUSB1 2
1343857395 2 /dev/ttyUSB1 2
1343857407 2 /dev/ttyUSB1 2
1343857462 2 /dev/ttyUSB1 2
1343857468 2 /dev/ttyUSB1 2
1343857475 2 /dev/ttyUSB1 2
1343857481 2 /dev/ttyUSB1 2
1343857487 2 /dev/ttyUSB1 2
1343857493 3 /dev/ttyUSB1 2
1343857499 2 /dev/ttyUSB1 2
1343857505 2 /dev/ttyUSB1 2
1343857511 2 /dev/ttyUSB1 2
1343857517 2 /dev/ttyUSB1 2
1343857523 2 /dev/ttyUSB1 2
1343857542 2 /dev/ttyUSB1 2
1343857548 2 /dev/ttyUSB1 2
1343857554 2 /dev/ttyUSB1 2
1343857566 2 /dev/ttyUSB1 2
1343857572 2 /dev/ttyUSB1 2
1343857578 2 /dev/ttyUSB1 2
1343857590 2 /dev/ttyUSB1 2
1343857596 2 /dev/ttyUSB1 2
1343857603 2 /dev/ttyUSB1 2
1343857609 2 /dev/ttyUSB1 2
1343857615 2 /dev/ttyUSB1 2
1343857621 2 /dev/ttyUSB1 2
1343857627 2 /dev/ttyUSB1 2
1343857633 2 /dev/ttyUSB1 2
1343857639 2 /dev/ttyUSB1 2
1343857645 2 /dev/ttyUSB1 2
1343857682 2 /dev/ttyUSB1 2
1343857694 2 /dev/ttyUSB1 2
1343857700 2 /dev/ttyUSB1 2
1343857706 3 /dev/ttyUSB1 2
1343857712 2 /dev/ttyUSB1 2
1343857718 2 /dev/ttyUSB1 2
1343857724 2 /dev/ttyUSB1 2
1343857731 2 /dev/ttyUSB1 2
1343857737 3 /dev/ttyUSB1 2
1343857743 2 /dev/ttyUSB1 2
1343857749 2 /dev/ttyUSB1 2
1343857755 2 /dev/ttyUSB1 2
1343857761 2 /dev/ttyUSB1 2
1343857767 2 /dev/ttyUSB1 2
1343857773 3 /dev/ttyUSB1 2
1343857785 2 /dev/ttyUSB1 2
1343857791 2 /dev/ttyUSB1 2
1343857798 2 /dev/ttyUSB1 2
1343857804 2 /dev/ttyUSB1 2
1343857822 2 /dev/ttyUSB1 2
1343857840 2 /dev/ttyUSB1 2
1343857852 2 /dev/ttyUSB1 2
1343857859 2 /dev/ttyUSB1 2
1343857865 2 /dev/ttyUSB1 2
1343857871 2 /dev/ttyUSB1 2
1343857877 3 /dev/ttyUSB1 2
1343857883 2 /dev/ttyUSB1 2
1343857889 2 /dev/ttyUSB1 2
1343857913 2 /dev/ttyUSB1 2
1343857980 2 /dev/ttyUSB1 2
1343857999 2 /dev/ttyUSB1 2
1343858005 2 /dev/ttyUSB1 2
1343858011 2 /dev/ttyUSB1 2
1343858017 2 /dev/ttyUSB1 2
1343858023 2 /dev/ttyUSB1 2
1343858029 2 /dev/ttyUSB1 2
1343858035 2 /dev/ttyUSB1 2
1343858041 2 /dev/ttyUSB1 2
1343858047 2 /dev/ttyUSB1 2
1343858054 3 /dev/ttyUSB1 2
1343858060 2 /dev/ttyUSB1 2
1343858066 3 /dev/ttyUSB1 2
1343858072 3 /dev/ttyUSB1 2
1343858096 2 /dev/ttyUSB1 2
1343858102 2 /dev/ttyUSB1 2
1343858108 2 /dev/ttyUSB1 2
1343858115 2 /dev/ttyUSB1 2
1343858121 2 /dev/ttyUSB1 2
1343858127 2 /dev/ttyUSB1 2
1343858139 2 /dev/ttyUSB1 2
1343858145 3 /dev/ttyUSB1 2
1343858151 2 /dev/ttyUSB1 2
1343858157 2 /dev/ttyUSB1 2
1343858163 2 /dev/ttyUSB1 2
1343858169 2 /dev/ttyUSB1 2
1343858175 2 /dev/ttyUSB1 2
1343858182 2 /dev/ttyUSB1 2
1343858188 3 /dev/ttyUSB1 2
1343858194 2 /dev/ttyUSB1 2
1343858200 3 /dev/ttyUSB1 2
1343858206 2 /dev/ttyUSB1 2
1343858212 2 /dev/ttyUSB1 2
1343858218 2 /dev/ttyUSB1 2
1343858224 2 /dev/ttyUSB1 2
1343858230 2 /dev/ttyUSB1 2
1343858236 2 /dev/ttyUSB1 2
1343858242 2 /dev/ttyUSB1 2
1343858249 2 /dev/ttyUSB1 2
1343858255 2 /dev/ttyUSB1 2
1343858267 2 /dev/ttyUSB1 2
1343858273 2 /dev/ttyUSB1 2
1343858279 2 /dev/ttyUSB1 2
1343858285 2 /dev/ttyUSB1 2
1343858297 2 /dev/ttyUSB1 2
1343858303 2 /dev/ttyUSB1 2
1343858310 2 /dev/ttyUSB1 2
1343858316 2 /dev/ttyUSB1 2
1343858322 3 /dev/ttyUSB1 2
1343858334 3 /dev/ttyUSB1 2
1343858346 2 /dev/ttyUSB1 2
1343858352 2 /dev/ttyUSB1 2
1343858358 3 /dev/ttyUSB1 2
1343858364 2 /dev/ttyUSB1 2
1343858370 2 /dev/ttyUSB1 2
1343858377 3 /dev/ttyUSB1 2
1343858383 3 /dev/ttyUSB1 2
1343858389 2 /dev/ttyUSB1 2
1343858395 2 /dev/ttyUSB1 2
1343858401 3 /dev/ttyUSB1 2
1343858407 2 /dev/ttyUSB1 2
1343858413 2 /dev/ttyUSB1 2
1343858425 3 /dev/ttyUSB1 2
1343858431 2 /dev/ttyUSB1 2
1343858450 2 /dev/ttyUSB1 2
1343858456 2 /dev/ttyUSB1 2
1343858462 2 /dev/ttyUSB1 2
1343858468 3 /dev/ttyUSB1 2
1343858474 2 /dev/ttyUSB1 2
1343858480 3 /dev/ttyUSB1 2
1343858486 2 /dev/ttyUSB1 2
1343858492 3 /dev/ttyUSB1 2
1343858498 3 /dev/ttyUSB1 2
1343858505 3 /dev/ttyUSB1 2
1343858511 2 /dev/ttyUSB1 2
1343858517 2 /dev/ttyUSB1 2
1343858523 2 /dev/ttyUSB1 2
1343858529 2 /dev/ttyUSB1 2
1343858535 2 /dev/ttyUSB1 2
1343858541 2 /dev/ttyUSB1 2
1343858553 2 /dev/ttyUSB1 2
1343858559 2 /dev/ttyUSB1 2
1343858566 2 /dev/ttyUSB1 2
1343858572 2 /dev/ttyUSB1 2
1343858584 3 /dev/ttyUSB1 2
1343858590 2 /dev/ttyUSB1 2
1343858596 3 /dev/ttyUSB1 2
1343858602 2 /dev/ttyUSB1 2
1343858633 2 /dev/ttyUSB1 2
1343858639 2 /dev/ttyUSB1 2
1343858645 2 /dev/ttyUSB1 2
1343858651 3 /dev/ttyUSB1 2
1343858657 2 /dev/ttyUSB1 2
1343858663 2 /dev/ttyUSB1 2
1343858669 2 /dev/ttyUSB1 2
1343858675 2 /dev/ttyUSB1 2
1343858681 2 /dev/ttyUSB1 2
1343858687 2 /dev/ttyUSB1 2
1343858694 2 /dev/ttyUSB1 2
1343858700 3 /dev/ttyUSB1 2
1343858712 2 /dev/ttyUSB1 2
1343858742 2 /dev/ttyUSB1 2
1343858748 2 /dev/ttyUSB1 2
1343858754 3 /dev/ttyUSB1 2
1343858761 2 /dev/ttyUSB1 2
1343858767 2 /dev/ttyUSB1 2
1343858773 3 /dev/ttyUSB1 2
1343858779 3 /dev/ttyUSB1 2
1343858785 3 /dev/ttyUSB1 2
1343858791 2 /dev/ttyUSB1 2
1343858797 2 /dev/ttyUSB1 2
1343858803 2 /dev/ttyUSB1 2
1343858809 2 /dev/ttyUSB1 2
1343858815 2 /dev/ttyUSB1 2
1343858822 2 /dev/ttyUSB1 2
1343858828 2 /dev/ttyUSB1 2
1343858834 2 /dev/ttyUSB1 2
1343858840 2 /dev/ttyUSB1 2
1343858846 3 /dev/ttyUSB1 2
1343858852 2 /dev/ttyUSB1 2
1343858858 2 /dev/ttyUSB1 2
1343858870 2 /dev/ttyUSB1 2
1343858876 2 /dev/ttyUSB1 2
1343858883 2 /dev/ttyUSB1 2
1343858889 3 /dev/ttyUSB1 2
1343858895 2 /dev/ttyUSB1 2
1343858907 3 /dev/ttyUSB1 2
1343858913 2 /dev/ttyUSB1 2
1343858919 2 /dev/ttyUSB1 2
1343858925 2 /dev/ttyUSB1 2
1343858931 2 /dev/ttyUSB1 2
1343858937 3 /dev/ttyUSB1 2
1343858943 2 /dev/ttyUSB1 2
1343858950 2 /dev/ttyUSB1 2
1343858974 3 /dev/ttyUSB1 2
1343858980 2 /dev/ttyUSB1 2
1343858986 2 /dev/ttyUSB1 2
1343858992 2 /dev/ttyUSB1 2
1343858998 2 /dev/ttyUSB1 2
1343859004 2 /dev/ttyUSB1 2
1343859011 2 /dev/ttyUSB1 2
1343859017 2 /dev/ttyUSB1 2
1343859029 2 /dev/ttyUSB1 2
1343859047 2 /dev/ttyUSB1 2
1343859053 2 /dev/ttyUSB1 2
1343859065 2 /dev/ttyUSB1 2
1343859071 2 /dev/ttyUSB1 2
1343859078 2 /dev/ttyUSB1 2
1343859084 2 /dev/ttyUSB1 2
1343859090 2 /dev/ttyUSB1 2
1343859096 3 /dev/ttyUSB1 2
1343859102 3 /dev/ttyUSB1 2
1343859108 2 /dev/ttyUSB1 2
1343859114 2 /dev/ttyUSB1 2
1343859120 2 /dev/ttyUSB1 2
1343859139 2 /dev/ttyUSB1 2
1343859145 2 /dev/ttyUSB1 2
1343859175 2 /dev/ttyUSB1 2
1343859187 2 /dev/ttyUSB1 2
1343859193 2 /dev/ttyUSB1 2
1343859199 2 /dev/ttyUSB1 2
1343859206 3 /dev/ttyUSB1 2
1343859212 2 /dev/ttyUSB1 2
1343859218 2 /dev/ttyUSB1 2
1343859224 2 /dev/ttyUSB1 2
1343859230 2 /dev/ttyUSB1 2
1343859254 2 /dev/ttyUSB1 2
1343859260 2 /dev/ttyUSB1 2
1343859267 2 /dev/ttyUSB1 2
1343859273 2 /dev/ttyUSB1 2
1343859279 3 /dev/ttyUSB1 2
1343859285 3 /dev/ttyUSB1 2
1343859291 2 /dev/ttyUSB1 2
1343859297 2 /dev/ttyUSB1 2
1343859303 2 /dev/ttyUSB1 2
1343859315 2 /dev/ttyUSB1 2
1343859321 3 /dev/ttyUSB1 2
1343859327 2 /dev/ttyUSB1 2
1343859334 2 /dev/ttyUSB1 2
1343859346 2 /dev/ttyUSB1 2
1343859352 2 /dev/ttyUSB1 2
1343859358 2 /dev/ttyUSB1 2
1343859370 2 /dev/ttyUSB1 2
1343859376 3 /dev/ttyUSB1 2
1343859382 2 /dev/ttyUSB1 2
1343859388 2 /dev/ttyUSB1 2
1343859395 2 /dev/ttyUSB1 2
1343859401 3 /dev/ttyUSB1 2
1343859407 2 /dev/ttyUSB1 2
1343859413 2 /dev/ttyUSB1 2
1343859419 3 /dev/ttyUSB1 2
1343859425 2 /dev/ttyUSB1 2
1343859431 2 /dev/ttyUSB1 2
1343859437 2 /dev/ttyUSB1 2
1343859443 2 /dev/ttyUSB1 2
1343859480 3 /dev/ttyUSB1 2
1343859486 2 /dev/ttyUSB1 2
1343859492 2 /dev/ttyUSB1 2
1343859504 2 /dev/ttyUSB1 2
1343859510 2 /dev/ttyUSB1 2
1343859516 2 /dev/ttyUSB1 2
1343859523 2 /dev/ttyUSB1 2
1343859529 2 /dev/ttyUSB1 2
1343859535 2 /dev/ttyUSB1 2
1343859541 2 /dev/ttyUSB1 2
1343859547 2 /dev/ttyUSB1 2
1343859553 2 /dev/ttyUSB1 2
1343859559 2 /dev/ttyUSB1 2
1343859577 3 /dev/ttyUSB1 2
1343859583 2 /dev/ttyUSB1 2
1343859590 2 /dev/ttyUSB1 2
1343859596 2 /dev/ttyUSB1 2
1343859602 2 /dev/ttyUSB1 2
1343859608 2 /dev/ttyUSB1 2
1343859614 2 /dev/ttyUSB1 2
1343859632 2 /dev/ttyUSB1 2
1343859638 2 /dev/ttyUSB1 2
1343859663 2 /dev/ttyUSB1 2
1343859669 2 /dev/ttyUSB1 2
1343859675 2 /dev/ttyUSB1 2
1343859681 3 /dev/ttyUSB1 2
1343859736 2 /dev/ttyUSB1 2
1343859742 3 /dev/ttyUSB1 2
1343859748 2 /dev/ttyUSB1 2
1343859754 2 /dev/ttyUSB1 2
1343859772 2 /dev/ttyUSB1 2
1343859779 2 /dev/ttyUSB1 2
1343859791 2 /dev/ttyUSB1 2
1343859821 2 /dev/ttyUSB1 2
1343859827 3 /dev/ttyUSB1 2
1343859833 3 /dev/ttyUSB1 2
1343859839 2 /dev/ttyUSB1 2
1343859846 3 /dev/ttyUSB1 2
1343859852 2 /dev/ttyUSB1 2
1343859870 2 /dev/ttyUSB1 2
1343859876 2 /dev/ttyUSB1 2
1343859882 2 /dev/ttyUSB1 2
1343859888 2 /dev/ttyUSB1 2
1343859894 2 /dev/ttyUSB1 2
1343859900 2 /dev/ttyUSB1 2
1343859907 3 /dev/ttyUSB1 2
1343859925 2 /dev/ttyUSB1 2
1343859937 2 /dev/ttyUSB1 2
1343859949 2 /dev/ttyUSB1 2
1343859955 2 /dev/ttyUSB1 2
1343859961 2 /dev/ttyUSB1 2
1343859967 2 /dev/ttyUSB1 2
1343859974 3 /dev/ttyUSB1 2
1343859980 2 /dev/ttyUSB1 2
1343859986 2 /dev/ttyUSB1 2
1343859992 2 /dev/ttyUSB1 2
1343859998 2 /dev/ttyUSB1 2
1343860004 2 /dev/ttyUSB1 2
1343860010 3 /dev/ttyUSB1 2
1343860016 2 /dev/ttyUSB1 2
1343860047 2 /dev/ttyUSB1 2
1343860053 2 /dev/ttyUSB1 2
1343860059 2 /dev/ttyUSB1 2
1343860065 2 /dev/ttyUSB1 2
1343860071 2 /dev/ttyUSB1 2
1343860077 2 /dev/ttyUSB1 2
1343860083 2 /dev/ttyUSB1 2
1343860089 2 /dev/ttyUSB1 2
1343860095 2 /dev/ttyUSB1 2
1343860108 2 /dev/ttyUSB1 2
1343860114 2 /dev/ttyUSB1 2
1343860120 3 /dev/ttyUSB1 2
1343860126 3 /dev/ttyUSB1 2
1343860132 2 /dev/ttyUSB1 2
1343860138 2 /dev/ttyUSB1 2
1343860144 2 /dev/ttyUSB1 2
1343860150 2 /dev/ttyUSB1 2
1343860156 2 /dev/ttyUSB1 2
1343860163 2 /dev/ttyUSB1 2
1343860169 2 /dev/ttyUSB1 2
1343860175 3 /dev/ttyUSB1 2
1343860181 2 /dev/ttyUSB1 2
1343860187 3 /dev/ttyUSB1 2
1343860193 2 /dev/ttyUSB1 2
1343860199 2 /dev/ttyUSB1 2
1343860205 2 /dev/ttyUSB1 2
1343860217 2 /dev/ttyUSB1 2
1343860223 2 /dev/ttyUSB1 2
1343860230 2 /dev/ttyUSB1 2
1343860315 2 /dev/ttyUSB1 2
1343860321 2 /dev/ttyUSB1 2
1343860327 2 /dev/ttyUSB1 2
1343860333 2 /dev/ttyUSB1 2
1343860339 2 /dev/ttyUSB1 2
1343860345 2 /dev/ttyUSB1 2
1343860352 2 /dev/ttyUSB1 2
1343860358 2 /dev/ttyUSB1 2
1343860376 2 /dev/ttyUSB1 2
1343860382 2 /dev/ttyUSB1 2
1343860388 2 /dev/ttyUSB1 2
1343860394 2 /dev/ttyUSB1 2
1343860400 2 /dev/ttyUSB1 2
1343860406 2 /dev/ttyUSB1 2
1343860412 2 /dev/ttyUSB1 2
1343860425 2 /dev/ttyUSB1 2
1343860431 2 /dev/ttyUSB1 2
1343860437 2 /dev/ttyUSB1 2
1343860443 2 /dev/ttyUSB1 2
1343860455 2 /dev/ttyUSB1 2
1343860461 3 /dev/ttyUSB1 2
1343860467 2 /dev/ttyUSB1 2
1343860473 2 /dev/ttyUSB1 2
1343860480 2 /dev/ttyUSB1 2
1343860486 2 /dev/ttyUSB1 2
1343860492 2 /dev/ttyUSB1 2
1343860498 2 /dev/ttyUSB1 2
1343860504 2 /dev/ttyUSB1 2
1343860510 2 /dev/ttyUSB1 2
1343860516 2 /dev/ttyUSB1 2
1343860522 2 /dev/ttyUSB1 2
1343860528 2 /dev/ttyUSB1 2
1343860547 2 /dev/ttyUSB1 2
1343860553 2 /dev/ttyUSB1 2
1343860559 2 /dev/ttyUSB1 2
1343860565 3 /dev/ttyUSB1 2
1343860571 2 /dev/ttyUSB1 2
1343860583 2 /dev/ttyUSB1 2
1343860589 2 /dev/ttyUSB1 2
1343860595 2 /dev/ttyUSB1 2
1343860601 2 /dev/ttyUSB1 2
1343860614 3 /dev/ttyUSB1 2
1343860620 2 /dev/ttyUSB1 2
1343860638 3 /dev/ttyUSB1 2
1343860644 2 /dev/ttyUSB1 2
1343860650 2 /dev/ttyUSB1 2
1343860656 2 /dev/ttyUSB1 2
1343860662 2 /dev/ttyUSB1 2
1343860668 2 /dev/ttyUSB1 2
1343860675 3 /dev/ttyUSB1 2
1343860681 3 /dev/ttyUSB1 2
1343860687 2 /dev/ttyUSB1 2
1343860693 3 /dev/ttyUSB1 2
1343860699 3 /dev/ttyUSB1 2
1343860705 3 /dev/ttyUSB1 2
1343860711 2 /dev/ttyUSB1 2
1343860717 2 /dev/ttyUSB1 2
1343860723 2 /dev/ttyUSB1 2
1343860729 2 /dev/ttyUSB1 2
1343860742 3 /dev/ttyUSB1 2
1343860748 2 /dev/ttyUSB1 2
1343860754 2 /dev/ttyUSB1 2
1343860760 2 /dev/ttyUSB1 2
1343860772 2 /dev/ttyUSB1 2
1343860778 2 /dev/ttyUSB1 2
1343860784 2 /dev/ttyUSB1 2
1343860790 3 /dev/ttyUSB1 2
1343860796 2 /dev/ttyUSB1 2
1343860803 2 /dev/ttyUSB1 2
1343860809 2 /dev/ttyUSB1 2
1343860815 3 /dev/ttyUSB1 2
1343860821 2 /dev/ttyUSB1 2
1343860827 3 /dev/ttyUSB1 2
1343860833 3 /dev/ttyUSB1 2
1343860839 2 /dev/ttyUSB1 2
1343860845 3 /dev/ttyUSB1 2
1343860851 3 /dev/ttyUSB1 2
1343860857 2 /dev/ttyUSB1 2
1343860864 2 /dev/ttyUSB1 2
1343860870 2 /dev/ttyUSB1 2
1343860888 2 /dev/ttyUSB1 2
1343860906 2 /dev/ttyUSB1 2
1343860912 2 /dev/ttyUSB1 2
1343860918 2 /dev/ttyUSB1 2
1343860931 2 /dev/ttyUSB1 2
1343860937 3 /dev/ttyUSB1 2
1343860943 3 /dev/ttyUSB1 2
1343860949 2 /dev/ttyUSB1 2
1343860955 3 /dev/ttyUSB1 2
1343860961 2 /dev/ttyUSB1 2
1343861016 2 /dev/ttyUSB1 2
1343861022 2 /dev/ttyUSB1 2
1343861028 2 /dev/ttyUSB1 2
1343861034 2 /dev/ttyUSB1 2
1343861040 3 /dev/ttyUSB1 2
1343861046 2 /dev/ttyUSB1 2
1343861053 3 /dev/ttyUSB1 2
1343861065 2 /dev/ttyUSB1 2
1343861071 2 /dev/ttyUSB1 2
1343861089 2 /dev/ttyUSB1 2
1343861095 2 /dev/ttyUSB1 2
1343861101 2 /dev/ttyUSB1 2
1343861132 2 /dev/ttyUSB1 2
1343861144 2 /dev/ttyUSB1 2
1343861150 2 /dev/ttyUSB1 2
1343861156 2 /dev/ttyUSB1 2
1343861162 2 /dev/ttyUSB1 2
1343861168 2 /dev/ttyUSB1 2
1343861174 2 /dev/ttyUSB1 2
1343861187 3 /dev/ttyUSB1 2
1343861193 2 /dev/ttyUSB1 2
1343861199 2 /dev/ttyUSB1 2
1343861235 2 /dev/ttyUSB1 2
1343861248 2 /dev/ttyUSB1 2
1343861254 3 /dev/ttyUSB1 2
1343861260 2 /dev/ttyUSB1 2
1343861266 2 /dev/ttyUSB1 2
1343861272 2 /dev/ttyUSB1 2
1343861278 2 /dev/ttyUSB1 2
1343861284 2 /dev/ttyUSB1 2
1343861290 3 /dev/ttyUSB1 2
1343861296 2 /dev/ttyUSB1 2
1343861302 2 /dev/ttyUSB1 2
1343861309 2 /dev/ttyUSB1 2
1343861315 2 /dev/ttyUSB1 2
1343861321 2 /dev/ttyUSB1 2
1343861345 2 /dev/ttyUSB1 2
1343861351 2 /dev/ttyUSB1 2
1343861357 2 /dev/ttyUSB1 2
1343861363 3 /dev/ttyUSB1 2
1343861369 2 /dev/ttyUSB1 2
1343861376 2 /dev/ttyUSB1 2
1343861388 2 /dev/ttyUSB1 2
1343861394 2 /dev/ttyUSB1 2
1343861412 2 /dev/ttyUSB1 2
1343861418 2 /dev/ttyUSB1 2
1343861424 2 /dev/ttyUSB1 2
1343861430 2 /dev/ttyUSB1 2
1343861437 2 /dev/ttyUSB1 2
1343861443 3 /dev/ttyUSB1 2
1343861449 3 /dev/ttyUSB1 2
1343861455 3 /dev/ttyUSB1 2
1343861461 2 /dev/ttyUSB1 2
1343861467 2 /dev/ttyUSB1 2
1343861473 3 /dev/ttyUSB1 2
1343861479 2 /dev/ttyUSB1 2
1343861485 2 /dev/ttyUSB1 2
1343861491 2 /dev/ttyUSB1 2
1343861510 2 /dev/ttyUSB1 2
1343861516 2 /dev/ttyUSB1 2
1343861522 2 /dev/ttyUSB1 2
1343861534 2 /dev/ttyUSB1 2
1343861546 2 /dev/ttyUSB1 2
1343861552 2 /dev/ttyUSB1 2
1343861577 2 /dev/ttyUSB1 2
1343861583 2 /dev/ttyUSB1 2
1343861589 3 /dev/ttyUSB1 2
1343861595 2 /dev/ttyUSB1 2
1343861607 2 /dev/ttyUSB1 2
1343861613 2 /dev/ttyUSB1 2
1343861619 2 /dev/ttyUSB1 2
1343861625 2 /dev/ttyUSB1 2
1343861644 2 /dev/ttyUSB1 2
1343861650 2 /dev/ttyUSB1 2
1343861656 3 /dev/ttyUSB1 2
1343861662 2 /dev/ttyUSB1 2
1343861668 3 /dev/ttyUSB1 2
1343861674 3 /dev/ttyUSB1 2
1343861680 2 /dev/ttyUSB1 2
1343861693 2 /dev/ttyUSB1 2
1343861699 2 /dev/ttyUSB1 2
1343861735 2 /dev/ttyUSB1 2
1343861741 3 /dev/ttyUSB1 2
1343861747 2 /dev/ttyUSB1 2
1343861753 2 /dev/ttyUSB1 2
1343861760 3 /dev/ttyUSB1 2
1343861766 3 /dev/ttyUSB1 2
1343861772 2 /dev/ttyUSB1 2
1343861778 2 /dev/ttyUSB1 2
1343861784 2 /dev/ttyUSB1 2
1343861790 2 /dev/ttyUSB1 2
1343861796 2 /dev/ttyUSB1 2
1343861802 2 /dev/ttyUSB1 2
1343861808 2 /dev/ttyUSB1 2
1343861814 2 /dev/ttyUSB1 2
1343861821 2 /dev/ttyUSB1 2
1343861827 2 /dev/ttyUSB1 2
1343861833 2 /dev/ttyUSB1 2
1343861839 2 /dev/ttyUSB1 2
1343861851 2 /dev/ttyUSB1 2
1343861857 2 /dev/ttyUSB1 2
1343861881 3 /dev/ttyUSB1 2
1343861888 2 /dev/ttyUSB1 2
1343861894 2 /dev/ttyUSB1 2
1343861900 2 /dev/ttyUSB1 2
1343861912 3 /dev/ttyUSB1 2
1343861918 2 /dev/ttyUSB1 2
1343861924 2 /dev/ttyUSB1 2
1343861936 2 /dev/ttyUSB1 2
1343861942 2 /dev/ttyUSB1 2
1343861949 2 /dev/ttyUSB1 2
1343861955 2 /dev/ttyUSB1 2
1343861961 3 /dev/ttyUSB1 2
1343861967 2 /dev/ttyUSB1 2
1343861973 2 /dev/ttyUSB1 2
1343861979 2 /dev/ttyUSB1 2
1343861985 2 /dev/ttyUSB1 2
1343861991 2 /dev/ttyUSB1 2
1343861997 2 /dev/ttyUSB1 2
1343862009 2 /dev/ttyUSB1 2
1343862028 2 /dev/ttyUSB1 2
1343862034 2 /dev/ttyUSB1 2
1343862040 2 /dev/ttyUSB1 2
1343862046 2 /dev/ttyUSB1 2
1343862052 2 /dev/ttyUSB1 2
1343862058 2 /dev/ttyUSB1 2
1343862064 2 /dev/ttyUSB1 2
1343862070 2 /dev/ttyUSB1 2
1343862077 2 /dev/ttyUSB1 2
1343862083 2 /dev/ttyUSB1 2
1343862089 2 /dev/ttyUSB1 2
1343862095 2 /dev/ttyUSB1 2
1343862101 2 /dev/ttyUSB1 2
1343862107 2 /dev/ttyUSB1 2
1343862113 2 /dev/ttyUSB1 2
1343862119 2 /dev/ttyUSB1 2
1343862125 2 /dev/ttyUSB1 2
1343862131 2 /dev/ttyUSB1 2
1343862138 2 /dev/ttyUSB1 2
1343862144 2 /dev/ttyUSB1 2
1343862150 2 /dev/ttyUSB1 2
1343862156 2 /dev/ttyUSB1 2
1343862168 3 /dev/ttyUSB1 2
1343862174 2 /dev/ttyUSB1 2
1343862180 2 /dev/ttyUSB1 2
1343862186 2 /dev/ttyUSB1 2
1343862205 2 /dev/ttyUSB1 2
1343862211 2 /dev/ttyUSB1 2
1343862217 2 /dev/ttyUSB1 2
1343862223 3 /dev/ttyUSB1 2
1343862229 2 /dev/ttyUSB1 2
1343862235 2 /dev/ttyUSB1 2
1343862241 2 /dev/ttyUSB1 2
1343862247 2 /dev/ttyUSB1 2
1343862253 2 /dev/ttyUSB1 2
1343862259 3 /dev/ttyUSB1 2
1343862266 2 /dev/ttyUSB1 2
1343862272 2 /dev/ttyUSB1 2
1343862278 2 /dev/ttyUSB1 2
1343862284 2 /dev/ttyUSB1 2
1343862290 2 /dev/ttyUSB1 2
1343862296 2 /dev/ttyUSB1 2
1343862302 2 /dev/ttyUSB1 2
1343862326 2 /dev/ttyUSB1 2
1343862333 2 /dev/ttyUSB1 2
1343862339 2 /dev/ttyUSB1 2
1343862357 2 /dev/ttyUSB1 2
1343862363 2 /dev/ttyUSB1 2
1343862369 2 /dev/ttyUSB1 2
1343862375 2 /dev/ttyUSB1 2
1343862448 2 /dev/ttyUSB1 2
1343862473 2 /dev/ttyUSB1 2
1343862485 2 /dev/ttyUSB1 2
1343862491 2 /dev/ttyUSB1 2
1343862497 2 /dev/ttyUSB1 2
1343862503 2 /dev/ttyUSB1 2
1343862515 2 /dev/ttyUSB1 2
1343862522 2 /dev/ttyUSB1 2
1343862528 2 /dev/ttyUSB1 2
1343862534 2 /dev/ttyUSB1 2
1343862540 2 /dev/ttyUSB1 2
1343862546 2 /dev/ttyUSB1 2
1343862552 2 /dev/ttyUSB1 2
