1343836222 0 /dev/ttyUSB1 6
1343836234 0 /dev/ttyUSB1 6
1343836240 0 /dev/ttyUSB1 6
1343836246 0 /dev/ttyUSB1 6
1343836252 0 /dev/ttyUSB1 6
1343836259 0 /dev/ttyUSB1 6
1343836265 0 /dev/ttyUSB1 6
1343836271 0 /dev/ttyUSB1 6
1343836277 0 /dev/ttyUSB1 6
1343836283 0 /dev/ttyUSB1 6
1343836289 0 /dev/ttyUSB1 6
1343836295 0 /dev/ttyUSB1 6
1343836301 0 /dev/ttyUSB1 6
1343836307 0 /dev/ttyUSB1 6
1343836320 0 /dev/ttyUSB1 6
1343836326 0 /dev/ttyUSB1 6
1343836332 0 /dev/ttyUSB1 6
1343836338 0 /dev/ttyUSB1 6
1343836344 0 /dev/ttyUSB1 6
1343836350 0 /dev/ttyUSB1 6
1343836356 0 /dev/ttyUSB1 6
1343836362 0 /dev/ttyUSB1 6
1343836368 0 /dev/ttyUSB1 6
1343836375 0 /dev/ttyUSB1 6
1343836381 0 /dev/ttyUSB1 6
1343836387 0 /dev/ttyUSB1 6
1343836393 0 /dev/ttyUSB1 6
1343836405 0 /dev/ttyUSB1 6
1343836411 0 /dev/ttyUSB1 6
1343836417 0 /dev/ttyUSB1 6
1343836423 0 /dev/ttyUSB1 6
1343836430 0 /dev/ttyUSB1 6
1343836436 0 /dev/ttyUSB1 6
1343836442 0 /dev/ttyUSB1 6
1343836448 0 /dev/ttyUSB1 6
1343836454 0 /dev/ttyUSB1 6
1343836460 0 /dev/ttyUSB1 6
1343836466 0 /dev/ttyUSB1 6
1343836472 0 /dev/ttyUSB1 6
1343836478 0 /dev/ttyUSB1 6
1343836485 0 /dev/ttyUSB1 6
1343836491 0 /dev/ttyUSB1 6
1343836497 0 /dev/ttyUSB1 6
1343836503 0 /dev/ttyUSB1 6
1343836509 0 /dev/ttyUSB1 6
1343836521 0 /dev/ttyUSB1 6
1343836533 0 /dev/ttyUSB1 6
1343836539 0 /dev/ttyUSB1 6
1343836546 0 /dev/ttyUSB1 6
1343836552 0 /dev/ttyUSB1 6
1343836582 0 /dev/ttyUSB1 6
1343836588 0 /dev/ttyUSB1 6
1343836594 0 /dev/ttyUSB1 6
1343836601 0 /dev/ttyUSB1 6
1343836607 0 /dev/ttyUSB1 6
1343836613 0 /dev/ttyUSB1 6
1343836619 0 /dev/ttyUSB1 6
1343836631 0 /dev/ttyUSB1 6
1343836637 0 /dev/ttyUSB1 6
1343836643 0 /dev/ttyUSB1 6
1343836649 0 /dev/ttyUSB1 6
1343836656 0 /dev/ttyUSB1 6
1343836668 0 /dev/ttyUSB1 6
1343836674 0 /dev/ttyUSB1 6
1343836680 0 /dev/ttyUSB1 6
1343836686 0 /dev/ttyUSB1 6
1343836692 0 /dev/ttyUSB1 6
1343836698 0 /dev/ttyUSB1 6
1343836704 0 /dev/ttyUSB1 6
1343836717 0 /dev/ttyUSB1 6
1343836723 0 /dev/ttyUSB1 6
1343836729 0 /dev/ttyUSB1 6
1343836772 0 /dev/ttyUSB1 6
1343836778 0 /dev/ttyUSB1 6
1343836790 0 /dev/ttyUSB1 6
1343836808 0 /dev/ttyUSB1 6
1343836814 0 /dev/ttyUSB1 6
