1344356529 0 /dev/ttyUSB0 9
1344356535 0 /dev/ttyUSB0 9
1344356541 0 /dev/ttyUSB0 9
1344356547 0 /dev/ttyUSB0 9
1344356571 0 /dev/ttyUSB0 9
1344356584 0 /dev/ttyUSB0 9
1344356590 0 /dev/ttyUSB0 9
1344356596 0 /dev/ttyUSB0 9
1344356602 0 /dev/ttyUSB0 9
1344356608 0 /dev/ttyUSB0 9
1344356614 0 /dev/ttyUSB0 9
1344356626 0 /dev/ttyUSB0 9
1344356632 0 /dev/ttyUSB0 9
1344356638 0 /dev/ttyUSB0 9
1344356644 0 /dev/ttyUSB0 9
1344356650 0 /dev/ttyUSB0 9
1344356656 0 /dev/ttyUSB0 9
1344356663 0 /dev/ttyUSB0 9
1344356669 0 /dev/ttyUSB0 9
1344356675 0 /dev/ttyUSB0 9
1344356681 0 /dev/ttyUSB0 9
1344356687 0 /dev/ttyUSB0 9
1344356693 0 /dev/ttyUSB0 9
1344356705 0 /dev/ttyUSB0 9
1344356711 0 /dev/ttyUSB0 9
1344356717 0 /dev/ttyUSB0 9
1344356723 0 /dev/ttyUSB0 9
1344356729 0 /dev/ttyUSB0 9
1344356735 0 /dev/ttyUSB0 9
1344356742 0 /dev/ttyUSB0 9
1344356748 0 /dev/ttyUSB0 9
1344356754 0 /dev/ttyUSB0 9
1344356760 0 /dev/ttyUSB0 9
1344356766 0 /dev/ttyUSB0 9
1344356772 0 /dev/ttyUSB0 9
1344356778 0 /dev/ttyUSB0 9
1344356784 0 /dev/ttyUSB0 9
1344356790 0 /dev/ttyUSB0 9
1344356796 0 /dev/ttyUSB0 9
1344356802 0 /dev/ttyUSB0 9
1344356808 0 /dev/ttyUSB0 9
1344356814 0 /dev/ttyUSB0 9
1344356827 0 /dev/ttyUSB0 9
1344356833 0 /dev/ttyUSB0 9
1344356839 0 /dev/ttyUSB0 9
1344356845 0 /dev/ttyUSB0 9
1344356851 0 /dev/ttyUSB0 9
1344356857 0 /dev/ttyUSB0 9
1344356863 0 /dev/ttyUSB0 9
1344356869 0 /dev/ttyUSB0 9
1344356875 0 /dev/ttyUSB0 9
1344356881 0 /dev/ttyUSB0 9
1344356887 0 /dev/ttyUSB0 9
1344356905 0 /dev/ttyUSB0 9
1344356911 0 /dev/ttyUSB0 9
1344356917 0 /dev/ttyUSB0 9
1344356924 0 /dev/ttyUSB0 9
1344356930 0 /dev/ttyUSB0 9
1344356936 0 /dev/ttyUSB0 9
1344356942 0 /dev/ttyUSB0 9
1344356948 0 /dev/ttyUSB0 9
1344356966 0 /dev/ttyUSB0 9
1344356972 0 /dev/ttyUSB0 9
1344356978 0 /dev/ttyUSB0 9
1344356984 0 /dev/ttyUSB0 9
1344357009 0 /dev/ttyUSB0 9
1344357015 0 /dev/ttyUSB0 9
1344357021 0 /dev/ttyUSB0 9
1344357027 0 /dev/ttyUSB0 9
1344357033 0 /dev/ttyUSB0 9
1344357039 0 /dev/ttyUSB0 9
1344357051 0 /dev/ttyUSB0 9
1344357057 0 /dev/ttyUSB0 9
1344357063 0 /dev/ttyUSB0 9
1344357069 0 /dev/ttyUSB0 9
1344357075 0 /dev/ttyUSB0 9
1344357081 0 /dev/ttyUSB0 9
1344357087 0 /dev/ttyUSB0 9
1344357093 0 /dev/ttyUSB0 9
1344357105 0 /dev/ttyUSB0 9
1344357111 0 /dev/ttyUSB0 9
1344357117 0 /dev/ttyUSB0 9
1344357123 0 /dev/ttyUSB0 9
1344357129 0 /dev/ttyUSB0 9
1344357135 0 /dev/ttyUSB0 9
1344357141 0 /dev/ttyUSB0 9
1344357148 0 /dev/ttyUSB0 9
1344357154 0 /dev/ttyUSB0 9
1344357160 0 /dev/ttyUSB0 9
1344357166 0 /dev/ttyUSB0 9
1344357172 0 /dev/ttyUSB0 9
1344357184 0 /dev/ttyUSB0 9
1344357190 0 /dev/ttyUSB0 9
1344357196 0 /dev/ttyUSB0 9
1344357202 0 /dev/ttyUSB0 9
1344357208 0 /dev/ttyUSB0 9
1344357214 0 /dev/ttyUSB0 9
1344357227 0 /dev/ttyUSB0 9
1344357233 0 /dev/ttyUSB0 9
1344357239 0 /dev/ttyUSB0 9
1344357245 0 /dev/ttyUSB0 9
1344357251 0 /dev/ttyUSB0 9
1344357257 0 /dev/ttyUSB0 9
1344357263 0 /dev/ttyUSB0 9
1344357269 0 /dev/ttyUSB0 9
1344357275 0 /dev/ttyUSB0 9
1344357281 0 /dev/ttyUSB0 9
1344357287 0 /dev/ttyUSB0 9
1344357293 0 /dev/ttyUSB0 9
1344357299 0 /dev/ttyUSB0 9
1344357305 0 /dev/ttyUSB0 9
1344357312 0 /dev/ttyUSB0 9
1344357318 0 /dev/ttyUSB0 9
1344357324 0 /dev/ttyUSB0 9
1344357330 0 /dev/ttyUSB0 9
1344357336 0 /dev/ttyUSB0 9
1344357348 0 /dev/ttyUSB0 9
1344357354 0 /dev/ttyUSB0 9
1344357360 0 /dev/ttyUSB0 9
1344357366 0 /dev/ttyUSB0 9
1344357372 0 /dev/ttyUSB0 9
1344357378 0 /dev/ttyUSB0 9
1344357397 0 /dev/ttyUSB0 9
1344357408 0 /dev/ttyUSB0 9
1344357414 0 /dev/ttyUSB0 9
1344357420 0 /dev/ttyUSB0 9
1344357426 0 /dev/ttyUSB0 9
1344357432 0 /dev/ttyUSB0 9
1344357444 0 /dev/ttyUSB0 9
1344357451 0 /dev/ttyUSB0 9
1344357462 0 /dev/ttyUSB0 9
1344357468 0 /dev/ttyUSB0 9
1344357474 0 /dev/ttyUSB0 9
1344357480 0 /dev/ttyUSB0 9
1344357486 0 /dev/ttyUSB0 9
1344357492 0 /dev/ttyUSB0 9
1344357498 0 /dev/ttyUSB0 9
1344357516 0 /dev/ttyUSB0 9
1344357529 0 /dev/ttyUSB0 9
1344357535 0 /dev/ttyUSB0 9
1344357541 0 /dev/ttyUSB0 9
1344357553 0 /dev/ttyUSB0 9
1344357559 0 /dev/ttyUSB0 9
1344357565 0 /dev/ttyUSB0 9
1344357571 0 /dev/ttyUSB0 9
1344357583 0 /dev/ttyUSB0 9
1344357589 0 /dev/ttyUSB0 9
1344357595 0 /dev/ttyUSB0 9
1344357601 0 /dev/ttyUSB0 9
1344357613 0 /dev/ttyUSB0 9
1344357619 0 /dev/ttyUSB0 9
1344357625 0 /dev/ttyUSB0 9
1344357631 0 /dev/ttyUSB0 9
1344357637 0 /dev/ttyUSB0 9
1344357643 0 /dev/ttyUSB0 9
1344357649 0 /dev/ttyUSB0 9
1344357655 0 /dev/ttyUSB0 9
1344357661 0 /dev/ttyUSB0 9
1344357667 0 /dev/ttyUSB0 9
1344357673 0 /dev/ttyUSB0 9
1344357679 0 /dev/ttyUSB0 9
1344357685 0 /dev/ttyUSB0 9
1344357691 0 /dev/ttyUSB0 9
1344357697 0 /dev/ttyUSB0 9
1344357703 0 /dev/ttyUSB0 9
1344357715 0 /dev/ttyUSB0 9
1344357722 0 /dev/ttyUSB0 9
1344357728 0 /dev/ttyUSB0 9
1344357734 0 /dev/ttyUSB0 9
1344357740 0 /dev/ttyUSB0 9
1344357746 0 /dev/ttyUSB0 9
1344357752 0 /dev/ttyUSB0 9
1344357757 0 /dev/ttyUSB0 9
1344357763 0 /dev/ttyUSB0 9
1344357769 0 /dev/ttyUSB0 9
1344357775 0 /dev/ttyUSB0 9
1344357781 0 /dev/ttyUSB0 9
1344357787 0 /dev/ttyUSB0 9
1344357793 0 /dev/ttyUSB0 9
1344357799 0 /dev/ttyUSB0 9
1344357805 0 /dev/ttyUSB0 9
1344357829 0 /dev/ttyUSB0 9
1344357841 0 /dev/ttyUSB0 9
1344357847 0 /dev/ttyUSB0 9
1344357853 0 /dev/ttyUSB0 9
1344357859 0 /dev/ttyUSB0 9
1344357865 0 /dev/ttyUSB0 9
1344357883 0 /dev/ttyUSB0 9
1344357889 0 /dev/ttyUSB0 9
1344357901 0 /dev/ttyUSB0 9
1344357907 0 /dev/ttyUSB0 9
1344357919 0 /dev/ttyUSB0 9
1344357931 0 /dev/ttyUSB0 9
1344357936 0 /dev/ttyUSB0 9
1344357943 0 /dev/ttyUSB0 9
1344357948 0 /dev/ttyUSB0 9
1344357954 0 /dev/ttyUSB0 9
1344357960 0 /dev/ttyUSB0 9
1344357966 0 /dev/ttyUSB0 9
1344357972 0 /dev/ttyUSB0 9
1344357978 0 /dev/ttyUSB0 9
1344357984 0 /dev/ttyUSB0 9
1344357990 0 /dev/ttyUSB0 9
1344358002 0 /dev/ttyUSB0 9
1344358008 0 /dev/ttyUSB0 9
1344358014 0 /dev/ttyUSB0 9
1344358020 0 /dev/ttyUSB0 9
1344358026 0 /dev/ttyUSB0 9
1344358032 0 /dev/ttyUSB0 9
1344358044 0 /dev/ttyUSB0 9
1344358050 0 /dev/ttyUSB0 9
1344358062 0 /dev/ttyUSB0 9
1344358068 0 /dev/ttyUSB0 9
1344358074 0 /dev/ttyUSB0 9
1344358080 0 /dev/ttyUSB0 9
1344358086 0 /dev/ttyUSB0 9
1344358092 0 /dev/ttyUSB0 9
1344358098 0 /dev/ttyUSB0 9
1344358103 0 /dev/ttyUSB0 9
1344358110 0 /dev/ttyUSB0 9
1344358115 0 /dev/ttyUSB0 9
1344358127 0 /dev/ttyUSB0 9
1344358133 0 /dev/ttyUSB0 9
1344358139 0 /dev/ttyUSB0 9
1344358145 0 /dev/ttyUSB0 9
1344358170 0 /dev/ttyUSB0 9
1344358176 0 /dev/ttyUSB0 9
1344358182 0 /dev/ttyUSB0 9
1344358188 0 /dev/ttyUSB0 9
1344358194 0 /dev/ttyUSB0 9
1344358212 0 /dev/ttyUSB0 9
1344358218 0 /dev/ttyUSB0 9
1344358224 0 /dev/ttyUSB0 9
1344358230 0 /dev/ttyUSB0 9
1344358236 0 /dev/ttyUSB0 9
1344358254 0 /dev/ttyUSB0 9
1344358260 0 /dev/ttyUSB0 9
1344358266 0 /dev/ttyUSB0 9
1344358272 0 /dev/ttyUSB0 9
1344358278 0 /dev/ttyUSB0 9
1344358284 0 /dev/ttyUSB0 9
1344358289 0 /dev/ttyUSB0 9
1344358295 0 /dev/ttyUSB0 9
1344358302 0 /dev/ttyUSB0 9
1344358308 0 /dev/ttyUSB0 9
1344358320 0 /dev/ttyUSB0 9
1344358326 0 /dev/ttyUSB0 9
1344358331 0 /dev/ttyUSB0 9
1344358337 0 /dev/ttyUSB0 9
1344358344 0 /dev/ttyUSB0 9
1344358350 0 /dev/ttyUSB0 9
1344358356 0 /dev/ttyUSB0 9
1344358361 0 /dev/ttyUSB0 9
1344358368 0 /dev/ttyUSB0 9
1344358374 0 /dev/ttyUSB0 9
1344358380 0 /dev/ttyUSB0 9
1344358386 0 /dev/ttyUSB0 9
1344358392 0 /dev/ttyUSB0 9
1344358398 0 /dev/ttyUSB0 9
1344358403 0 /dev/ttyUSB0 9
1344358410 0 /dev/ttyUSB0 9
1344358415 0 /dev/ttyUSB0 9
1344358421 0 /dev/ttyUSB0 9
1344358427 0 /dev/ttyUSB0 9
1344358433 0 /dev/ttyUSB0 9
1344358439 0 /dev/ttyUSB0 9
1344358457 0 /dev/ttyUSB0 9
1344358463 0 /dev/ttyUSB0 9
1344358475 0 /dev/ttyUSB0 9
1344358481 0 /dev/ttyUSB0 9
1344358493 0 /dev/ttyUSB0 9
1344358498 0 /dev/ttyUSB0 9
1344358504 0 /dev/ttyUSB0 9
1344358510 0 /dev/ttyUSB0 9
1344358516 0 /dev/ttyUSB0 9
1344358522 0 /dev/ttyUSB0 9
1344358528 0 /dev/ttyUSB0 9
1344358534 0 /dev/ttyUSB0 9
1344358540 0 /dev/ttyUSB0 9
1344358546 0 /dev/ttyUSB0 9
1344358552 0 /dev/ttyUSB0 9
1344358558 0 /dev/ttyUSB0 9
1344358563 0 /dev/ttyUSB0 9
1344358569 0 /dev/ttyUSB0 9
1344358575 0 /dev/ttyUSB0 9
1344358581 0 /dev/ttyUSB0 9
1344358593 0 /dev/ttyUSB0 9
1344358599 0 /dev/ttyUSB0 9
1344358605 0 /dev/ttyUSB0 9
1344358610 0 /dev/ttyUSB0 9
1344358616 0 /dev/ttyUSB0 9
1344358628 0 /dev/ttyUSB0 9
1344358634 0 /dev/ttyUSB0 9
1344358640 0 /dev/ttyUSB0 9
1344358646 0 /dev/ttyUSB0 9
1344358652 0 /dev/ttyUSB0 9
1344358658 0 /dev/ttyUSB0 9
1344358664 0 /dev/ttyUSB0 9
1344358670 0 /dev/ttyUSB0 9
1344358676 0 /dev/ttyUSB0 9
1344358682 0 /dev/ttyUSB0 9
1344358688 0 /dev/ttyUSB0 9
1344358694 0 /dev/ttyUSB0 9
1344358700 0 /dev/ttyUSB0 9
1344358706 0 /dev/ttyUSB0 9
1344358712 0 /dev/ttyUSB0 9
1344358718 0 /dev/ttyUSB0 9
1344358724 0 /dev/ttyUSB0 9
1344358730 0 /dev/ttyUSB0 9
1344358736 0 /dev/ttyUSB0 9
1344358742 0 /dev/ttyUSB0 9
1344358748 0 /dev/ttyUSB0 9
1344358754 0 /dev/ttyUSB0 9
1344358759 0 /dev/ttyUSB0 9
1344358765 0 /dev/ttyUSB0 9
1344358772 0 /dev/ttyUSB0 9
1344358777 0 /dev/ttyUSB0 9
1344358783 0 /dev/ttyUSB0 9
1344358795 0 /dev/ttyUSB0 9
1344358801 0 /dev/ttyUSB0 9
1344358807 0 /dev/ttyUSB0 9
1344358819 0 /dev/ttyUSB0 9
1344358831 0 /dev/ttyUSB0 9
1344358837 0 /dev/ttyUSB0 9
1344358843 0 /dev/ttyUSB0 9
1344358849 0 /dev/ttyUSB0 9
1344358855 0 /dev/ttyUSB0 9
1344358861 0 /dev/ttyUSB0 9
1344358872 0 /dev/ttyUSB0 9
1344358878 0 /dev/ttyUSB0 9
1344358884 0 /dev/ttyUSB0 9
1344358902 0 /dev/ttyUSB0 9
1344358914 0 /dev/ttyUSB0 9
1344358920 0 /dev/ttyUSB0 9
1344358926 0 /dev/ttyUSB0 9
1344358932 0 /dev/ttyUSB0 9
1344358938 0 /dev/ttyUSB0 9
1344358944 0 /dev/ttyUSB0 9
1344358950 0 /dev/ttyUSB0 9
1344358956 0 /dev/ttyUSB0 9
1344358961 0 /dev/ttyUSB0 9
1344358973 0 /dev/ttyUSB0 9
1344358979 0 /dev/ttyUSB0 9
1344358985 0 /dev/ttyUSB0 9
1344358991 0 /dev/ttyUSB0 9
1344358997 0 /dev/ttyUSB0 9
1344359003 0 /dev/ttyUSB0 9
1344359009 0 /dev/ttyUSB0 9
1344359015 0 /dev/ttyUSB0 9
1344359021 0 /dev/ttyUSB0 9
1344359026 0 /dev/ttyUSB0 9
1344359032 0 /dev/ttyUSB0 9
1344359044 0 /dev/ttyUSB0 9
1344359050 0 /dev/ttyUSB0 9
1344359056 0 /dev/ttyUSB0 9
1344359068 0 /dev/ttyUSB0 9
1344359074 0 /dev/ttyUSB0 9
1344359079 0 /dev/ttyUSB0 9
1344359086 0 /dev/ttyUSB0 9
1344359092 0 /dev/ttyUSB0 9
1344359098 0 /dev/ttyUSB0 9
1344359109 0 /dev/ttyUSB0 9
1344359115 0 /dev/ttyUSB0 9
1344359121 0 /dev/ttyUSB0 9
1344359133 0 /dev/ttyUSB0 9
1344359139 0 /dev/ttyUSB0 9
1344359151 0 /dev/ttyUSB0 9
1344359157 0 /dev/ttyUSB0 9
1344359163 0 /dev/ttyUSB0 9
1344359169 0 /dev/ttyUSB0 9
1344359175 0 /dev/ttyUSB0 9
1344359181 0 /dev/ttyUSB0 9
1344359187 0 /dev/ttyUSB0 9
1344359193 0 /dev/ttyUSB0 9
1344359198 0 /dev/ttyUSB0 9
1344359204 0 /dev/ttyUSB0 9
1344359210 0 /dev/ttyUSB0 9
1344359222 0 /dev/ttyUSB0 9
1344359228 0 /dev/ttyUSB0 9
1344359234 0 /dev/ttyUSB0 9
1344359240 0 /dev/ttyUSB0 9
1344359246 0 /dev/ttyUSB0 9
1344359258 0 /dev/ttyUSB0 9
1344359264 0 /dev/ttyUSB0 9
1344359270 0 /dev/ttyUSB0 9
1344359282 0 /dev/ttyUSB0 9
1344359288 0 /dev/ttyUSB0 9
1344359294 0 /dev/ttyUSB0 9
1344359300 0 /dev/ttyUSB0 9
1344359306 0 /dev/ttyUSB0 9
1344359312 0 /dev/ttyUSB0 9
1344359318 0 /dev/ttyUSB0 9
1344359330 0 /dev/ttyUSB0 9
1344359336 0 /dev/ttyUSB0 9
1344359342 0 /dev/ttyUSB0 9
1344359354 0 /dev/ttyUSB0 9
1344359360 0 /dev/ttyUSB0 9
1344359366 0 /dev/ttyUSB0 9
1344359372 0 /dev/ttyUSB0 9
1344359390 0 /dev/ttyUSB0 9
1344359396 0 /dev/ttyUSB0 9
1344359402 0 /dev/ttyUSB0 9
1344359408 0 /dev/ttyUSB0 9
1344359414 0 /dev/ttyUSB0 9
1344359420 0 /dev/ttyUSB0 9
1344359432 0 /dev/ttyUSB0 9
1344359438 0 /dev/ttyUSB0 9
1344359444 0 /dev/ttyUSB0 9
1344359449 0 /dev/ttyUSB0 9
1344359456 0 /dev/ttyUSB0 9
1344359462 0 /dev/ttyUSB0 9
1344359468 0 /dev/ttyUSB0 9
1344359474 0 /dev/ttyUSB0 9
1344359486 0 /dev/ttyUSB0 9
1344359492 0 /dev/ttyUSB0 9
1344359503 0 /dev/ttyUSB0 9
1344359509 0 /dev/ttyUSB0 9
1344359515 0 /dev/ttyUSB0 9
1344359527 0 /dev/ttyUSB0 9
1344359533 0 /dev/ttyUSB0 9
1344359539 0 /dev/ttyUSB0 9
1344359545 0 /dev/ttyUSB0 9
1344359551 0 /dev/ttyUSB0 9
1344359557 0 /dev/ttyUSB0 9
1344359563 0 /dev/ttyUSB0 9
1344359569 0 /dev/ttyUSB0 9
1344359575 0 /dev/ttyUSB0 9
1344359581 0 /dev/ttyUSB0 9
1344359588 0 /dev/ttyUSB0 9
1344359593 0 /dev/ttyUSB0 9
1344359599 0 /dev/ttyUSB0 9
1344359605 0 /dev/ttyUSB0 9
1344359611 0 /dev/ttyUSB0 9
1344359618 0 /dev/ttyUSB0 9
1344359624 0 /dev/ttyUSB0 9
1344359629 0 /dev/ttyUSB0 9
1344359635 0 /dev/ttyUSB0 9
1344359654 0 /dev/ttyUSB0 9
1344359660 0 /dev/ttyUSB0 9
1344359666 0 /dev/ttyUSB0 9
1344359678 0 /dev/ttyUSB0 9
1344359684 0 /dev/ttyUSB0 9
1344359690 0 /dev/ttyUSB0 9
1344359696 0 /dev/ttyUSB0 9
1344359702 0 /dev/ttyUSB0 9
1344359714 0 /dev/ttyUSB0 9
1344359720 0 /dev/ttyUSB0 9
1344359732 0 /dev/ttyUSB0 9
1344359738 0 /dev/ttyUSB0 9
1344359744 0 /dev/ttyUSB0 9
1344359756 0 /dev/ttyUSB0 9
1344359762 0 /dev/ttyUSB0 9
1344359768 0 /dev/ttyUSB0 9
1344359774 0 /dev/ttyUSB0 9
1344359786 0 /dev/ttyUSB0 9
1344359792 0 /dev/ttyUSB0 9
1344359798 0 /dev/ttyUSB0 9
1344359804 0 /dev/ttyUSB0 9
1344359816 0 /dev/ttyUSB0 9
1344359822 0 /dev/ttyUSB0 9
1344359828 0 /dev/ttyUSB0 9
1344359834 0 /dev/ttyUSB0 9
1344359840 0 /dev/ttyUSB0 9
1344359846 0 /dev/ttyUSB0 9
1344359852 0 /dev/ttyUSB0 9
1344359864 0 /dev/ttyUSB0 9
1344359870 0 /dev/ttyUSB0 9
1344359876 0 /dev/ttyUSB0 9
1344359881 0 /dev/ttyUSB0 9
1344359887 0 /dev/ttyUSB0 9
1344359894 0 /dev/ttyUSB0 9
1344359899 0 /dev/ttyUSB0 9
1344359905 0 /dev/ttyUSB0 9
1344359911 0 /dev/ttyUSB0 9
1344359917 0 /dev/ttyUSB0 9
1344359924 0 /dev/ttyUSB0 9
1344359930 0 /dev/ttyUSB0 9
1344359947 0 /dev/ttyUSB0 9
1344359953 0 /dev/ttyUSB0 9
1344359959 0 /dev/ttyUSB0 9
1344359965 0 /dev/ttyUSB0 9
1344359971 0 /dev/ttyUSB0 9
1344359977 0 /dev/ttyUSB0 9
1344359989 0 /dev/ttyUSB0 9
1344360001 0 /dev/ttyUSB0 9
1344360007 0 /dev/ttyUSB0 9
1344360013 0 /dev/ttyUSB0 9
1344360019 0 /dev/ttyUSB0 9
1344360025 0 /dev/ttyUSB0 9
1344360037 0 /dev/ttyUSB0 9
1344360055 0 /dev/ttyUSB0 9
1344360061 0 /dev/ttyUSB0 9
1344360067 0 /dev/ttyUSB0 9
1344360073 0 /dev/ttyUSB0 9
1344360079 0 /dev/ttyUSB0 9
1344360085 0 /dev/ttyUSB0 9
1344360091 0 /dev/ttyUSB0 9
1344360097 0 /dev/ttyUSB0 9
1344360103 0 /dev/ttyUSB0 9
1344360109 0 /dev/ttyUSB0 9
1344360115 0 /dev/ttyUSB0 9
1344360121 0 /dev/ttyUSB0 9
1344360127 0 /dev/ttyUSB0 9
1344360133 0 /dev/ttyUSB0 9
1344360139 0 /dev/ttyUSB0 9
1344360145 0 /dev/ttyUSB0 9
1344360151 0 /dev/ttyUSB0 9
1344360157 0 /dev/ttyUSB0 9
1344360163 0 /dev/ttyUSB0 9
1344360169 0 /dev/ttyUSB0 9
1344360175 0 /dev/ttyUSB0 9
1344360181 0 /dev/ttyUSB0 9
1344360187 0 /dev/ttyUSB0 9
1344360193 0 /dev/ttyUSB0 9
1344360199 0 /dev/ttyUSB0 9
1344360205 0 /dev/ttyUSB0 9
1344360211 0 /dev/ttyUSB0 9
1344360217 0 /dev/ttyUSB0 9
1344360223 0 /dev/ttyUSB0 9
1344360235 0 /dev/ttyUSB0 9
1344360241 0 /dev/ttyUSB0 9
1344360247 0 /dev/ttyUSB0 9
1344360253 0 /dev/ttyUSB0 9
1344360259 0 /dev/ttyUSB0 9
1344360265 0 /dev/ttyUSB0 9
1344360271 0 /dev/ttyUSB0 9
1344360277 0 /dev/ttyUSB0 9
1344360283 0 /dev/ttyUSB0 9
1344360295 0 /dev/ttyUSB0 9
1344360307 0 /dev/ttyUSB0 9
1344360319 0 /dev/ttyUSB0 9
1344360324 0 /dev/ttyUSB0 9
1344360330 0 /dev/ttyUSB0 9
1344360336 0 /dev/ttyUSB0 9
1344360342 0 /dev/ttyUSB0 9
1344360348 0 /dev/ttyUSB0 9
1344360354 0 /dev/ttyUSB0 9
1344360360 0 /dev/ttyUSB0 9
1344360366 0 /dev/ttyUSB0 9
1344360372 0 /dev/ttyUSB0 9
1344360378 0 /dev/ttyUSB0 9
1344360384 0 /dev/ttyUSB0 9
1344360390 0 /dev/ttyUSB0 9
1344360396 0 /dev/ttyUSB0 9
1344360408 0 /dev/ttyUSB0 9
1344360414 0 /dev/ttyUSB0 9
1344360426 0 /dev/ttyUSB0 9
1344360432 0 /dev/ttyUSB0 9
1344360438 0 /dev/ttyUSB0 9
1344360444 0 /dev/ttyUSB0 9
1344360450 0 /dev/ttyUSB0 9
1344360456 0 /dev/ttyUSB0 9
1344360462 0 /dev/ttyUSB0 9
1344360468 0 /dev/ttyUSB0 9
1344360474 0 /dev/ttyUSB0 9
1344360480 0 /dev/ttyUSB0 9
1344360486 0 /dev/ttyUSB0 9
1344360492 0 /dev/ttyUSB0 9
1344360498 0 /dev/ttyUSB0 9
1344360504 0 /dev/ttyUSB0 9
1344360510 0 /dev/ttyUSB0 9
1344360515 0 /dev/ttyUSB0 9
1344360522 0 /dev/ttyUSB0 9
1344360534 0 /dev/ttyUSB0 9
1344360540 0 /dev/ttyUSB0 9
1344360546 0 /dev/ttyUSB0 9
1344360552 0 /dev/ttyUSB0 9
1344360558 0 /dev/ttyUSB0 9
1344360564 0 /dev/ttyUSB0 9
1344360576 0 /dev/ttyUSB0 9
1344360582 0 /dev/ttyUSB0 9
1344360588 0 /dev/ttyUSB0 9
1344360594 0 /dev/ttyUSB0 9
1344360605 0 /dev/ttyUSB0 9
1344360611 0 /dev/ttyUSB0 9
1344360618 0 /dev/ttyUSB0 9
1344360630 0 /dev/ttyUSB0 9
1344360636 0 /dev/ttyUSB0 9
1344360642 0 /dev/ttyUSB0 9
1344360648 0 /dev/ttyUSB0 9
1344360654 0 /dev/ttyUSB0 9
1344360666 0 /dev/ttyUSB0 9
1344360671 0 /dev/ttyUSB0 9
1344360678 0 /dev/ttyUSB0 9
1344360689 0 /dev/ttyUSB0 9
1344360695 0 /dev/ttyUSB0 9
1344360701 0 /dev/ttyUSB0 9
1344360719 0 /dev/ttyUSB0 9
1344360725 0 /dev/ttyUSB0 9
1344360731 0 /dev/ttyUSB0 9
1344360737 0 /dev/ttyUSB0 9
1344360743 0 /dev/ttyUSB0 9
1344360749 0 /dev/ttyUSB0 9
1344360755 0 /dev/ttyUSB0 9
1344360761 0 /dev/ttyUSB0 9
1344360767 0 /dev/ttyUSB0 9
1344360773 0 /dev/ttyUSB0 9
1344360779 0 /dev/ttyUSB0 9
1344360785 0 /dev/ttyUSB0 9
1344360791 0 /dev/ttyUSB0 9
1344360804 0 /dev/ttyUSB0 9
1344360810 0 /dev/ttyUSB0 9
1344360816 0 /dev/ttyUSB0 9
1344360822 0 /dev/ttyUSB0 9
1344360827 0 /dev/ttyUSB0 9
1344360846 0 /dev/ttyUSB0 9
1344360852 0 /dev/ttyUSB0 9
1344360863 0 /dev/ttyUSB0 9
1344360875 0 /dev/ttyUSB0 9
1344360881 0 /dev/ttyUSB0 9
1344360893 0 /dev/ttyUSB0 9
1344360912 0 /dev/ttyUSB0 9
1344360918 0 /dev/ttyUSB0 9
1344360924 0 /dev/ttyUSB0 9
1344360930 0 /dev/ttyUSB0 9
1344360942 0 /dev/ttyUSB0 9
1344360948 0 /dev/ttyUSB0 9
1344360954 0 /dev/ttyUSB0 9
1344360960 0 /dev/ttyUSB0 9
1344360966 0 /dev/ttyUSB0 9
1344360972 0 /dev/ttyUSB0 9
1344360978 0 /dev/ttyUSB0 9
1344360984 0 /dev/ttyUSB0 9
1344360990 0 /dev/ttyUSB0 9
1344360996 0 /dev/ttyUSB0 9
1344361002 0 /dev/ttyUSB0 9
1344361014 0 /dev/ttyUSB0 9
1344361020 0 /dev/ttyUSB0 9
1344361026 0 /dev/ttyUSB0 9
1344361032 0 /dev/ttyUSB0 9
1344361044 0 /dev/ttyUSB0 9
1344361050 0 /dev/ttyUSB0 9
1344361056 0 /dev/ttyUSB0 9
1344361062 0 /dev/ttyUSB0 9
1344361068 0 /dev/ttyUSB0 9
1344361074 0 /dev/ttyUSB0 9
1344361080 0 /dev/ttyUSB0 9
1344361086 0 /dev/ttyUSB0 9
1344361098 0 /dev/ttyUSB0 9
1344361104 0 /dev/ttyUSB0 9
1344361110 0 /dev/ttyUSB0 9
1344361115 0 /dev/ttyUSB0 9
1344361128 0 /dev/ttyUSB0 9
1344361134 0 /dev/ttyUSB0 9
1344361140 0 /dev/ttyUSB0 9
1344361146 0 /dev/ttyUSB0 9
1344361152 0 /dev/ttyUSB0 9
1344361158 0 /dev/ttyUSB0 9
1344361170 0 /dev/ttyUSB0 9
1344361182 0 /dev/ttyUSB0 9
1344361188 0 /dev/ttyUSB0 9
1344361194 0 /dev/ttyUSB0 9
1344361199 0 /dev/ttyUSB0 9
1344361205 0 /dev/ttyUSB0 9
1344361211 0 /dev/ttyUSB0 9
1344361223 0 /dev/ttyUSB0 9
1344361229 0 /dev/ttyUSB0 9
1344361235 0 /dev/ttyUSB0 9
1344361241 0 /dev/ttyUSB0 9
1344361247 0 /dev/ttyUSB0 9
1344361253 0 /dev/ttyUSB0 9
1344361259 0 /dev/ttyUSB0 9
1344361265 0 /dev/ttyUSB0 9
1344361270 0 /dev/ttyUSB0 9
1344361276 0 /dev/ttyUSB0 9
1344361289 0 /dev/ttyUSB0 9
1344361295 0 /dev/ttyUSB0 9
1344361301 0 /dev/ttyUSB0 9
1344361307 0 /dev/ttyUSB0 9
1344361313 0 /dev/ttyUSB0 9
1344361325 0 /dev/ttyUSB0 9
1344361331 0 /dev/ttyUSB0 9
1344361337 0 /dev/ttyUSB0 9
1344361343 0 /dev/ttyUSB0 9
1344361349 0 /dev/ttyUSB0 9
1344361355 0 /dev/ttyUSB0 9
1344361361 0 /dev/ttyUSB0 9
1344361367 0 /dev/ttyUSB0 9
1344361373 0 /dev/ttyUSB0 9
1344361379 0 /dev/ttyUSB0 9
1344361385 0 /dev/ttyUSB0 9
1344361391 0 /dev/ttyUSB0 9
1344361403 0 /dev/ttyUSB0 9
1344361415 0 /dev/ttyUSB0 9
1344361421 0 /dev/ttyUSB0 9
1344361433 0 /dev/ttyUSB0 9
1344361445 0 /dev/ttyUSB0 9
1344361451 0 /dev/ttyUSB0 9
1344361463 0 /dev/ttyUSB0 9
1344361469 0 /dev/ttyUSB0 9
1344361475 0 /dev/ttyUSB0 9
1344361481 0 /dev/ttyUSB0 9
1344361487 0 /dev/ttyUSB0 9
1344361493 0 /dev/ttyUSB0 9
1344361499 0 /dev/ttyUSB0 9
1344361505 0 /dev/ttyUSB0 9
1344361511 0 /dev/ttyUSB0 9
1344361517 0 /dev/ttyUSB0 9
1344361523 0 /dev/ttyUSB0 9
1344361535 0 /dev/ttyUSB0 9
1344361541 0 /dev/ttyUSB0 9
1344361547 0 /dev/ttyUSB0 9
1344361553 0 /dev/ttyUSB0 9
1344361565 0 /dev/ttyUSB0 9
1344361571 0 /dev/ttyUSB0 9
1344361577 0 /dev/ttyUSB0 9
1344361583 0 /dev/ttyUSB0 9
1344361589 0 /dev/ttyUSB0 9
1344361595 0 /dev/ttyUSB0 9
1344361601 0 /dev/ttyUSB0 9
1344361613 0 /dev/ttyUSB0 9
1344361619 0 /dev/ttyUSB0 9
1344361631 0 /dev/ttyUSB0 9
1344361643 0 /dev/ttyUSB0 9
1344361650 0 /dev/ttyUSB0 9
1344361656 0 /dev/ttyUSB0 9
1344361662 0 /dev/ttyUSB0 9
1344361667 0 /dev/ttyUSB0 9
1344361673 0 /dev/ttyUSB0 9
1344361679 0 /dev/ttyUSB0 9
1344361686 0 /dev/ttyUSB0 9
1344361691 0 /dev/ttyUSB0 9
1344361697 0 /dev/ttyUSB0 9
1344361709 0 /dev/ttyUSB0 9
1344361722 0 /dev/ttyUSB0 9
1344361728 0 /dev/ttyUSB0 9
1344361745 0 /dev/ttyUSB0 9
1344361751 0 /dev/ttyUSB0 9
1344361757 0 /dev/ttyUSB0 9
1344361763 0 /dev/ttyUSB0 9
1344361769 0 /dev/ttyUSB0 9
1344361775 0 /dev/ttyUSB0 9
1344361781 0 /dev/ttyUSB0 9
1344361788 0 /dev/ttyUSB0 9
1344361794 0 /dev/ttyUSB0 9
1344361800 0 /dev/ttyUSB0 9
1344361811 0 /dev/ttyUSB0 9
1344361824 0 /dev/ttyUSB0 9
1344361830 0 /dev/ttyUSB0 9
1344361836 0 /dev/ttyUSB0 9
1344361842 0 /dev/ttyUSB0 9
1344361848 0 /dev/ttyUSB0 9
1344361860 0 /dev/ttyUSB0 9
1344361866 0 /dev/ttyUSB0 9
1344361872 0 /dev/ttyUSB0 9
1344361878 0 /dev/ttyUSB0 9
1344361890 0 /dev/ttyUSB0 9
1344361896 0 /dev/ttyUSB0 9
1344361908 0 /dev/ttyUSB0 9
1344361914 0 /dev/ttyUSB0 9
1344361926 0 /dev/ttyUSB0 9
1344361932 0 /dev/ttyUSB0 9
1344361944 0 /dev/ttyUSB0 9
1344361950 0 /dev/ttyUSB0 9
1344361956 0 /dev/ttyUSB0 9
1344361962 0 /dev/ttyUSB0 9
1344361968 0 /dev/ttyUSB0 9
1344361974 0 /dev/ttyUSB0 9
1344361980 0 /dev/ttyUSB0 9
1344361986 0 /dev/ttyUSB0 9
1344361992 0 /dev/ttyUSB0 9
1344361998 0 /dev/ttyUSB0 9
1344362010 0 /dev/ttyUSB0 9
1344362016 0 /dev/ttyUSB0 9
1344362022 0 /dev/ttyUSB0 9
1344362028 0 /dev/ttyUSB0 9
1344362040 0 /dev/ttyUSB0 9
1344362046 0 /dev/ttyUSB0 9
1344362058 0 /dev/ttyUSB0 9
1344362064 0 /dev/ttyUSB0 9
1344362076 0 /dev/ttyUSB0 9
1344362082 0 /dev/ttyUSB0 9
1344362094 0 /dev/ttyUSB0 9
1344362100 0 /dev/ttyUSB0 9
1344362106 0 /dev/ttyUSB0 9
1344362112 0 /dev/ttyUSB0 9
1344362118 0 /dev/ttyUSB0 9
1344362125 0 /dev/ttyUSB0 9
1344362131 0 /dev/ttyUSB0 9
1344362137 0 /dev/ttyUSB0 9
1344362143 0 /dev/ttyUSB0 9
1344362149 0 /dev/ttyUSB0 9
1344362155 0 /dev/ttyUSB0 9
1344362161 0 /dev/ttyUSB0 9
1344362167 0 /dev/ttyUSB0 9
1344362173 0 /dev/ttyUSB0 9
1344362179 0 /dev/ttyUSB0 9
1344362191 0 /dev/ttyUSB0 9
1344362197 0 /dev/ttyUSB0 9
1344362203 0 /dev/ttyUSB0 9
1344362209 0 /dev/ttyUSB0 9
1344362215 0 /dev/ttyUSB0 9
1344362221 0 /dev/ttyUSB0 9
1344362227 0 /dev/ttyUSB0 9
1344362233 0 /dev/ttyUSB0 9
1344362239 0 /dev/ttyUSB0 9
1344362263 0 /dev/ttyUSB0 9
1344362269 0 /dev/ttyUSB0 9
1344362275 0 /dev/ttyUSB0 9
1344362287 0 /dev/ttyUSB0 9
1344362293 0 /dev/ttyUSB0 9
1344362299 0 /dev/ttyUSB0 9
1344362305 0 /dev/ttyUSB0 9
1344362311 0 /dev/ttyUSB0 9
1344362317 0 /dev/ttyUSB0 9
1344362323 0 /dev/ttyUSB0 9
1344362329 0 /dev/ttyUSB0 9
1344362335 0 /dev/ttyUSB0 9
1344362347 0 /dev/ttyUSB0 9
1344362359 0 /dev/ttyUSB0 9
1344362365 0 /dev/ttyUSB0 9
1344362378 0 /dev/ttyUSB0 9
1344362384 0 /dev/ttyUSB0 9
1344362390 0 /dev/ttyUSB0 9
1344362396 0 /dev/ttyUSB0 9
1344362402 0 /dev/ttyUSB0 9
1344362408 0 /dev/ttyUSB0 9
1344362414 0 /dev/ttyUSB0 9
1344362420 0 /dev/ttyUSB0 9
1344362426 0 /dev/ttyUSB0 9
1344362438 0 /dev/ttyUSB0 9
1344362444 0 /dev/ttyUSB0 9
1344362450 0 /dev/ttyUSB0 9
1344362456 0 /dev/ttyUSB0 9
1344362462 0 /dev/ttyUSB0 9
1344362474 0 /dev/ttyUSB0 9
1344362480 0 /dev/ttyUSB0 9
1344362486 0 /dev/ttyUSB0 9
1344362492 0 /dev/ttyUSB0 9
1344362498 0 /dev/ttyUSB0 9
1344362504 0 /dev/ttyUSB0 9
1344362510 0 /dev/ttyUSB0 9
1344362516 0 /dev/ttyUSB0 9
1344362528 0 /dev/ttyUSB0 9
1344362534 0 /dev/ttyUSB0 9
1344362546 0 /dev/ttyUSB0 9
1344362552 0 /dev/ttyUSB0 9
1344362558 0 /dev/ttyUSB0 9
1344362564 0 /dev/ttyUSB0 9
1344362582 0 /dev/ttyUSB0 9
1344362588 0 /dev/ttyUSB0 9
1344362594 0 /dev/ttyUSB0 9
1344362600 0 /dev/ttyUSB0 9
1344362606 0 /dev/ttyUSB0 9
1344362612 0 /dev/ttyUSB0 9
1344362618 0 /dev/ttyUSB0 9
1344362624 0 /dev/ttyUSB0 9
1344362630 0 /dev/ttyUSB0 9
1344362636 0 /dev/ttyUSB0 9
1344362642 0 /dev/ttyUSB0 9
1344362648 0 /dev/ttyUSB0 9
1344362654 0 /dev/ttyUSB0 9
1344362678 0 /dev/ttyUSB0 9
1344362684 0 /dev/ttyUSB0 9
1344362690 0 /dev/ttyUSB0 9
1344362696 0 /dev/ttyUSB0 9
1344362702 0 /dev/ttyUSB0 9
1344362708 0 /dev/ttyUSB0 9
1344362714 0 /dev/ttyUSB0 9
1344362720 0 /dev/ttyUSB0 9
1344362726 0 /dev/ttyUSB0 9
1344362738 0 /dev/ttyUSB0 9
1344362756 0 /dev/ttyUSB0 9
1344362763 0 /dev/ttyUSB0 9
1344362769 0 /dev/ttyUSB0 9
1344362775 0 /dev/ttyUSB0 9
1344362781 0 /dev/ttyUSB0 9
1344362787 0 /dev/ttyUSB0 9
1344362793 0 /dev/ttyUSB0 9
1344362799 0 /dev/ttyUSB0 9
1344362805 0 /dev/ttyUSB0 9
1344362811 0 /dev/ttyUSB0 9
1344362823 0 /dev/ttyUSB0 9
1344362829 0 /dev/ttyUSB0 9
1344362835 0 /dev/ttyUSB0 9
1344362841 0 /dev/ttyUSB0 9
1344362853 0 /dev/ttyUSB0 9
1344362859 0 /dev/ttyUSB0 9
1344362865 0 /dev/ttyUSB0 9
1344362871 0 /dev/ttyUSB0 9
1344362877 0 /dev/ttyUSB0 9
1344362883 0 /dev/ttyUSB0 9
1344362889 0 /dev/ttyUSB0 9
1344362895 0 /dev/ttyUSB0 9
1344362901 0 /dev/ttyUSB0 9
1344362907 0 /dev/ttyUSB0 9
1344362913 0 /dev/ttyUSB0 9
1344362919 0 /dev/ttyUSB0 9
1344362931 0 /dev/ttyUSB0 9
1344362937 0 /dev/ttyUSB0 9
1344362943 0 /dev/ttyUSB0 9
1344362949 0 /dev/ttyUSB0 9
1344362955 0 /dev/ttyUSB0 9
1344362961 0 /dev/ttyUSB0 9
1344362967 0 /dev/ttyUSB0 9
1344362973 0 /dev/ttyUSB0 9
1344362979 0 /dev/ttyUSB0 9
1344362991 0 /dev/ttyUSB0 9
1344362997 0 /dev/ttyUSB0 9
1344363003 0 /dev/ttyUSB0 9
1344363009 0 /dev/ttyUSB0 9
1344363015 0 /dev/ttyUSB0 9
1344363021 0 /dev/ttyUSB0 9
1344363027 0 /dev/ttyUSB0 9
1344363033 0 /dev/ttyUSB0 9
1344363039 0 /dev/ttyUSB0 9
1344363045 0 /dev/ttyUSB0 9
1344363057 0 /dev/ttyUSB0 9
1344363063 0 /dev/ttyUSB0 9
1344363069 0 /dev/ttyUSB0 9
1344363075 0 /dev/ttyUSB0 9
1344363081 0 /dev/ttyUSB0 9
1344363093 0 /dev/ttyUSB0 9
1344363099 0 /dev/ttyUSB0 9
1344363105 0 /dev/ttyUSB0 9
1344363111 0 /dev/ttyUSB0 9
1344363117 0 /dev/ttyUSB0 9
1344363124 0 /dev/ttyUSB0 9
1344363130 0 /dev/ttyUSB0 9
1344363136 0 /dev/ttyUSB0 9
1344363142 0 /dev/ttyUSB0 9
1344363148 0 /dev/ttyUSB0 9
1344363154 0 /dev/ttyUSB0 9
1344363160 0 /dev/ttyUSB0 9
1344363172 0 /dev/ttyUSB0 9
1344363178 0 /dev/ttyUSB0 9
1344363184 0 /dev/ttyUSB0 9
1344363190 0 /dev/ttyUSB0 9
1344363196 0 /dev/ttyUSB0 9
1344363202 0 /dev/ttyUSB0 9
1344363208 0 /dev/ttyUSB0 9
1344363214 0 /dev/ttyUSB0 9
1344363220 0 /dev/ttyUSB0 9
1344363225 0 /dev/ttyUSB0 9
1344363231 0 /dev/ttyUSB0 9
1344363238 0 /dev/ttyUSB0 9
1344363244 0 /dev/ttyUSB0 9
1344363250 0 /dev/ttyUSB0 9
1344363256 0 /dev/ttyUSB0 9
1344363262 0 /dev/ttyUSB0 9
1344363268 0 /dev/ttyUSB0 9
1344363274 0 /dev/ttyUSB0 9
1344363280 0 /dev/ttyUSB0 9
1344363292 0 /dev/ttyUSB0 9
1344363298 0 /dev/ttyUSB0 9
1344363304 0 /dev/ttyUSB0 9
1344363310 0 /dev/ttyUSB0 9
1344363316 0 /dev/ttyUSB0 9
1344363328 0 /dev/ttyUSB0 9
1344363334 0 /dev/ttyUSB0 9
1344363340 0 /dev/ttyUSB0 9
1344363346 0 /dev/ttyUSB0 9
1344363352 0 /dev/ttyUSB0 9
1344363358 0 /dev/ttyUSB0 9
1344363364 0 /dev/ttyUSB0 9
1344363370 0 /dev/ttyUSB0 9
1344363376 0 /dev/ttyUSB0 9
1344363382 0 /dev/ttyUSB0 9
1344363388 0 /dev/ttyUSB0 9
1344363394 0 /dev/ttyUSB0 9
1344363400 0 /dev/ttyUSB0 9
1344363406 0 /dev/ttyUSB0 9
1344363412 0 /dev/ttyUSB0 9
1344363418 0 /dev/ttyUSB0 9
1344363424 0 /dev/ttyUSB0 9
1344363430 0 /dev/ttyUSB0 9
1344363442 0 /dev/ttyUSB0 9
1344363448 0 /dev/ttyUSB0 9
1344363454 0 /dev/ttyUSB0 9
1344363460 0 /dev/ttyUSB0 9
1344363466 0 /dev/ttyUSB0 9
1344363472 0 /dev/ttyUSB0 9
1344363478 0 /dev/ttyUSB0 9
1344363484 0 /dev/ttyUSB0 9
1344363491 0 /dev/ttyUSB0 9
1344363497 0 /dev/ttyUSB0 9
1344363503 0 /dev/ttyUSB0 9
1344363509 0 /dev/ttyUSB0 9
1344363515 0 /dev/ttyUSB0 9
1344363521 0 /dev/ttyUSB0 9
1344363527 0 /dev/ttyUSB0 9
1344363539 0 /dev/ttyUSB0 9
1344363545 0 /dev/ttyUSB0 9
1344363551 0 /dev/ttyUSB0 9
1344363557 0 /dev/ttyUSB0 9
1344363563 0 /dev/ttyUSB0 9
1344363569 0 /dev/ttyUSB0 9
1344363575 0 /dev/ttyUSB0 9
1344363581 0 /dev/ttyUSB0 9
1344363587 0 /dev/ttyUSB0 9
1344363593 0 /dev/ttyUSB0 9
1344363599 0 /dev/ttyUSB0 9
1344363605 0 /dev/ttyUSB0 9
1344363611 0 /dev/ttyUSB0 9
1344363617 0 /dev/ttyUSB0 9
1344363623 0 /dev/ttyUSB0 9
1344363629 0 /dev/ttyUSB0 9
1344363635 0 /dev/ttyUSB0 9
1344363641 0 /dev/ttyUSB0 9
1344363647 0 /dev/ttyUSB0 9
1344363653 0 /dev/ttyUSB0 9
1344363659 0 /dev/ttyUSB0 9
1344363671 0 /dev/ttyUSB0 9
1344363677 0 /dev/ttyUSB0 9
1344363683 0 /dev/ttyUSB0 9
1344363689 0 /dev/ttyUSB0 9
1344363695 0 /dev/ttyUSB0 9
1344363701 0 /dev/ttyUSB0 9
1344363707 0 /dev/ttyUSB0 9
1344363713 0 /dev/ttyUSB0 9
1344363719 0 /dev/ttyUSB0 9
1344363725 0 /dev/ttyUSB0 9
1344363731 0 /dev/ttyUSB0 9
1344363737 0 /dev/ttyUSB0 9
1344363743 0 /dev/ttyUSB0 9
1344363749 0 /dev/ttyUSB0 9
1344363761 0 /dev/ttyUSB0 9
1344363767 0 /dev/ttyUSB0 9
1344363773 0 /dev/ttyUSB0 9
1344363779 0 /dev/ttyUSB0 9
1344363785 0 /dev/ttyUSB0 9
1344363791 0 /dev/ttyUSB0 9
1344363797 0 /dev/ttyUSB0 9
1344363815 0 /dev/ttyUSB0 9
1344363821 0 /dev/ttyUSB0 9
1344363827 0 /dev/ttyUSB0 9
1344363833 0 /dev/ttyUSB0 9
1344363845 0 /dev/ttyUSB0 9
1344363851 0 /dev/ttyUSB0 9
1344363864 0 /dev/ttyUSB0 9
1344363870 0 /dev/ttyUSB0 9
1344363875 0 /dev/ttyUSB0 9
1344363881 0 /dev/ttyUSB0 9
1344363887 0 /dev/ttyUSB0 9
1344363893 0 /dev/ttyUSB0 9
1344363900 0 /dev/ttyUSB0 9
1344363912 0 /dev/ttyUSB0 9
1344363918 0 /dev/ttyUSB0 9
1344363924 0 /dev/ttyUSB0 9
1344363930 0 /dev/ttyUSB0 9
1344363942 0 /dev/ttyUSB0 9
1344363948 0 /dev/ttyUSB0 9
1344363954 0 /dev/ttyUSB0 9
1344363966 0 /dev/ttyUSB0 9
1344363972 0 /dev/ttyUSB0 9
1344363978 0 /dev/ttyUSB0 9
1344363984 0 /dev/ttyUSB0 9
1344363990 0 /dev/ttyUSB0 9
1344363996 0 /dev/ttyUSB0 9
1344364002 0 /dev/ttyUSB0 9
1344364008 0 /dev/ttyUSB0 9
1344364014 0 /dev/ttyUSB0 9
1344364020 0 /dev/ttyUSB0 9
1344364026 0 /dev/ttyUSB0 9
1344364038 0 /dev/ttyUSB0 9
1344364044 0 /dev/ttyUSB0 9
1344364050 0 /dev/ttyUSB0 9
1344364056 0 /dev/ttyUSB0 9
1344364062 0 /dev/ttyUSB0 9
1344364068 0 /dev/ttyUSB0 9
1344364074 0 /dev/ttyUSB0 9
1344364080 0 /dev/ttyUSB0 9
1344364086 0 /dev/ttyUSB0 9
1344364092 0 /dev/ttyUSB0 9
1344364098 0 /dev/ttyUSB0 9
1344364104 0 /dev/ttyUSB0 9
1344364110 0 /dev/ttyUSB0 9
1344364116 0 /dev/ttyUSB0 9
1344364122 0 /dev/ttyUSB0 9
1344364128 0 /dev/ttyUSB0 9
1344364140 0 /dev/ttyUSB0 9
1344364146 0 /dev/ttyUSB0 9
1344364152 0 /dev/ttyUSB0 9
1344364158 0 /dev/ttyUSB0 9
1344364164 0 /dev/ttyUSB0 9
1344364170 0 /dev/ttyUSB0 9
1344364176 0 /dev/ttyUSB0 9
1344364182 0 /dev/ttyUSB0 9
1344364194 0 /dev/ttyUSB0 9
1344364200 0 /dev/ttyUSB0 9
1344364206 0 /dev/ttyUSB0 9
1344364212 0 /dev/ttyUSB0 9
1344364218 0 /dev/ttyUSB0 9
1344364224 0 /dev/ttyUSB0 9
1344364230 0 /dev/ttyUSB0 9
1344364236 0 /dev/ttyUSB0 9
1344364242 0 /dev/ttyUSB0 9
1344364254 0 /dev/ttyUSB0 9
1344364260 0 /dev/ttyUSB0 9
1344364266 0 /dev/ttyUSB0 9
1344364272 0 /dev/ttyUSB0 9
1344364278 0 /dev/ttyUSB0 9
1344364284 0 /dev/ttyUSB0 9
1344364290 0 /dev/ttyUSB0 9
1344364296 0 /dev/ttyUSB0 9
1344364302 0 /dev/ttyUSB0 9
1344364308 0 /dev/ttyUSB0 9
1344364314 0 /dev/ttyUSB0 9
1344364320 0 /dev/ttyUSB0 9
1344364326 0 /dev/ttyUSB0 9
1344364338 0 /dev/ttyUSB0 9
1344364344 0 /dev/ttyUSB0 9
1344364351 0 /dev/ttyUSB0 9
1344364357 0 /dev/ttyUSB0 9
1344364363 0 /dev/ttyUSB0 9
1344364369 0 /dev/ttyUSB0 9
1344364381 0 /dev/ttyUSB0 9
1344364387 0 /dev/ttyUSB0 9
1344364393 0 /dev/ttyUSB0 9
1344364399 0 /dev/ttyUSB0 9
1344364405 0 /dev/ttyUSB0 9
1344364411 0 /dev/ttyUSB0 9
1344364429 0 /dev/ttyUSB0 9
1344364435 0 /dev/ttyUSB0 9
1344364441 0 /dev/ttyUSB0 9
1344364447 0 /dev/ttyUSB0 9
1344364453 0 /dev/ttyUSB0 9
1344364459 0 /dev/ttyUSB0 9
1344364465 0 /dev/ttyUSB0 9
1344364471 0 /dev/ttyUSB0 9
1344364477 0 /dev/ttyUSB0 9
1344364483 0 /dev/ttyUSB0 9
1344364489 0 /dev/ttyUSB0 9
1344364495 0 /dev/ttyUSB0 9
1344364501 0 /dev/ttyUSB0 9
1344364513 0 /dev/ttyUSB0 9
1344364519 0 /dev/ttyUSB0 9
1344364525 0 /dev/ttyUSB0 9
1344364531 0 /dev/ttyUSB0 9
1344364537 0 /dev/ttyUSB0 9
1344364543 0 /dev/ttyUSB0 9
1344364549 0 /dev/ttyUSB0 9
1344364555 0 /dev/ttyUSB0 9
1344364561 0 /dev/ttyUSB0 9
1344364567 0 /dev/ttyUSB0 9
1344364573 0 /dev/ttyUSB0 9
1344364579 0 /dev/ttyUSB0 9
1344364585 0 /dev/ttyUSB0 9
1344364591 0 /dev/ttyUSB0 9
1344364597 0 /dev/ttyUSB0 9
1344364603 0 /dev/ttyUSB0 9
1344364609 0 /dev/ttyUSB0 9
1344364616 0 /dev/ttyUSB0 9
1344364622 0 /dev/ttyUSB0 9
1344364628 0 /dev/ttyUSB0 9
1344364634 0 /dev/ttyUSB0 9
1344364640 0 /dev/ttyUSB0 9
1344364646 0 /dev/ttyUSB0 9
1344364652 0 /dev/ttyUSB0 9
1344364658 0 /dev/ttyUSB0 9
1344364664 0 /dev/ttyUSB0 9
1344364670 0 /dev/ttyUSB0 9
1344364682 0 /dev/ttyUSB0 9
1344364687 0 /dev/ttyUSB0 9
1344364694 0 /dev/ttyUSB0 9
1344364700 0 /dev/ttyUSB0 9
1344364706 0 /dev/ttyUSB0 9
1344364718 0 /dev/ttyUSB0 9
1344364724 0 /dev/ttyUSB0 9
1344364730 0 /dev/ttyUSB0 9
1344364736 0 /dev/ttyUSB0 9
1344364742 0 /dev/ttyUSB0 9
1344364748 0 /dev/ttyUSB0 9
1344364760 0 /dev/ttyUSB0 9
1344364766 0 /dev/ttyUSB0 9
1344364772 0 /dev/ttyUSB0 9
1344364778 0 /dev/ttyUSB0 9
1344364790 0 /dev/ttyUSB0 9
1344364796 0 /dev/ttyUSB0 9
1344364802 0 /dev/ttyUSB0 9
1344364808 0 /dev/ttyUSB0 9
1344364814 0 /dev/ttyUSB0 9
1344364820 0 /dev/ttyUSB0 9
1344364832 0 /dev/ttyUSB0 9
1344364838 0 /dev/ttyUSB0 9
1344364856 0 /dev/ttyUSB0 9
1344364862 0 /dev/ttyUSB0 9
1344364868 0 /dev/ttyUSB0 9
1344364874 0 /dev/ttyUSB0 9
1344364880 0 /dev/ttyUSB0 9
1344364886 0 /dev/ttyUSB0 9
1344364892 0 /dev/ttyUSB0 9
1344364898 0 /dev/ttyUSB0 9
1344364904 0 /dev/ttyUSB0 9
1344364910 0 /dev/ttyUSB0 9
1344364922 0 /dev/ttyUSB0 9
1344364928 0 /dev/ttyUSB0 9
1344364934 0 /dev/ttyUSB0 9
1344364940 0 /dev/ttyUSB0 9
1344364946 0 /dev/ttyUSB0 9
1344364952 0 /dev/ttyUSB0 9
1344364958 0 /dev/ttyUSB0 9
1344364964 0 /dev/ttyUSB0 9
1344364970 0 /dev/ttyUSB0 9
1344364976 0 /dev/ttyUSB0 9
1344364982 0 /dev/ttyUSB0 9
1344364988 0 /dev/ttyUSB0 9
1344364994 0 /dev/ttyUSB0 9
1344365000 0 /dev/ttyUSB0 9
1344365006 0 /dev/ttyUSB0 9
1344365012 0 /dev/ttyUSB0 9
1344365018 0 /dev/ttyUSB0 9
1344365024 0 /dev/ttyUSB0 9
1344365030 0 /dev/ttyUSB0 9
1344365036 0 /dev/ttyUSB0 9
1344365042 0 /dev/ttyUSB0 9
1344365048 0 /dev/ttyUSB0 9
1344365054 0 /dev/ttyUSB0 9
1344365066 0 /dev/ttyUSB0 9
1344365084 0 /dev/ttyUSB0 9
1344365090 0 /dev/ttyUSB0 9
1344365096 0 /dev/ttyUSB0 9
1344365102 0 /dev/ttyUSB0 9
1344365114 0 /dev/ttyUSB0 9
1344365126 0 /dev/ttyUSB0 9
1344365132 0 /dev/ttyUSB0 9
1344365138 0 /dev/ttyUSB0 9
1344365144 0 /dev/ttyUSB0 9
1344365150 0 /dev/ttyUSB0 9
1344365157 0 /dev/ttyUSB0 9
1344365169 0 /dev/ttyUSB0 9
1344365175 0 /dev/ttyUSB0 9
1344365181 0 /dev/ttyUSB0 9
1344365187 0 /dev/ttyUSB0 9
1344365193 0 /dev/ttyUSB0 9
1344365199 0 /dev/ttyUSB0 9
1344365205 0 /dev/ttyUSB0 9
1344365211 0 /dev/ttyUSB0 9
1344365217 0 /dev/ttyUSB0 9
1344365223 0 /dev/ttyUSB0 9
1344365229 0 /dev/ttyUSB0 9
1344365235 0 /dev/ttyUSB0 9
1344365247 0 /dev/ttyUSB0 9
1344365253 0 /dev/ttyUSB0 9
1344365259 0 /dev/ttyUSB0 9
1344365265 0 /dev/ttyUSB0 9
1344365271 0 /dev/ttyUSB0 9
1344365277 0 /dev/ttyUSB0 9
1344365283 0 /dev/ttyUSB0 9
1344365289 0 /dev/ttyUSB0 9
1344365301 0 /dev/ttyUSB0 9
1344365307 0 /dev/ttyUSB0 9
1344365313 0 /dev/ttyUSB0 9
1344365319 0 /dev/ttyUSB0 9
1344365325 0 /dev/ttyUSB0 9
1344365337 0 /dev/ttyUSB0 9
1344365343 0 /dev/ttyUSB0 9
1344365349 0 /dev/ttyUSB0 9
1344365355 0 /dev/ttyUSB0 9
1344365361 0 /dev/ttyUSB0 9
1344365379 0 /dev/ttyUSB0 9
1344365385 0 /dev/ttyUSB0 9
1344365391 0 /dev/ttyUSB0 9
1344365397 0 /dev/ttyUSB0 9
1344365421 0 /dev/ttyUSB0 9
1344365427 0 /dev/ttyUSB0 9
1344365433 0 /dev/ttyUSB0 9
1344365439 0 /dev/ttyUSB0 9
1344365445 0 /dev/ttyUSB0 9
1344365457 0 /dev/ttyUSB0 9
1344365463 0 /dev/ttyUSB0 9
1344365469 0 /dev/ttyUSB0 9
1344365475 0 /dev/ttyUSB0 9
1344365481 0 /dev/ttyUSB0 9
1344365493 0 /dev/ttyUSB0 9
1344365499 0 /dev/ttyUSB0 9
1344365505 0 /dev/ttyUSB0 9
1344365511 0 /dev/ttyUSB0 9
1344365517 0 /dev/ttyUSB0 9
1344365523 0 /dev/ttyUSB0 9
1344365529 0 /dev/ttyUSB0 9
1344365535 0 /dev/ttyUSB0 9
1344365541 0 /dev/ttyUSB0 9
1344365547 0 /dev/ttyUSB0 9
1344365553 0 /dev/ttyUSB0 9
1344365559 0 /dev/ttyUSB0 9
1344365565 0 /dev/ttyUSB0 9
1344365571 0 /dev/ttyUSB0 9
1344365584 0 /dev/ttyUSB0 9
1344365590 0 /dev/ttyUSB0 9
1344365596 0 /dev/ttyUSB0 9
1344365602 0 /dev/ttyUSB0 9
1344365608 0 /dev/ttyUSB0 9
1344365614 0 /dev/ttyUSB0 9
1344365620 0 /dev/ttyUSB0 9
1344365626 0 /dev/ttyUSB0 9
1344365638 0 /dev/ttyUSB0 9
1344365644 0 /dev/ttyUSB0 9
1344365650 0 /dev/ttyUSB0 9
1344365656 0 /dev/ttyUSB0 9
1344365662 0 /dev/ttyUSB0 9
1344365668 0 /dev/ttyUSB0 9
1344365680 0 /dev/ttyUSB0 9
1344365686 0 /dev/ttyUSB0 9
1344365692 0 /dev/ttyUSB0 9
1344365698 0 /dev/ttyUSB0 9
1344365704 0 /dev/ttyUSB0 9
1344365716 0 /dev/ttyUSB0 9
1344365728 0 /dev/ttyUSB0 9
1344365734 0 /dev/ttyUSB0 9
1344365740 0 /dev/ttyUSB0 9
1344365746 0 /dev/ttyUSB0 9
1344365752 0 /dev/ttyUSB0 9
1344365758 0 /dev/ttyUSB0 9
1344365764 0 /dev/ttyUSB0 9
1344365770 0 /dev/ttyUSB0 9
1344365776 0 /dev/ttyUSB0 9
1344365782 0 /dev/ttyUSB0 9
1344365794 0 /dev/ttyUSB0 9
1344365806 0 /dev/ttyUSB0 9
1344365812 0 /dev/ttyUSB0 9
1344365818 0 /dev/ttyUSB0 9
1344365830 0 /dev/ttyUSB0 9
1344365836 0 /dev/ttyUSB0 9
1344365842 0 /dev/ttyUSB0 9
1344365848 0 /dev/ttyUSB0 9
1344365854 0 /dev/ttyUSB0 9
1344365860 0 /dev/ttyUSB0 9
1344365866 0 /dev/ttyUSB0 9
1344365872 0 /dev/ttyUSB0 9
1344365878 0 /dev/ttyUSB0 9
1344365884 0 /dev/ttyUSB0 9
1344365890 0 /dev/ttyUSB0 9
1344365896 0 /dev/ttyUSB0 9
1344365902 0 /dev/ttyUSB0 9
1344365914 0 /dev/ttyUSB0 9
1344365920 0 /dev/ttyUSB0 9
1344365926 0 /dev/ttyUSB0 9
1344365932 0 /dev/ttyUSB0 9
1344365938 0 /dev/ttyUSB0 9
1344365944 0 /dev/ttyUSB0 9
1344365950 0 /dev/ttyUSB0 9
1344365957 0 /dev/ttyUSB0 9
1344365963 0 /dev/ttyUSB0 9
1344365975 0 /dev/ttyUSB0 9
1344365980 0 /dev/ttyUSB0 9
1344365986 0 /dev/ttyUSB0 9
1344365999 0 /dev/ttyUSB0 9
1344366005 0 /dev/ttyUSB0 9
1344366011 0 /dev/ttyUSB0 9
1344366017 0 /dev/ttyUSB0 9
1344366035 0 /dev/ttyUSB0 9
1344366041 0 /dev/ttyUSB0 9
1344366047 0 /dev/ttyUSB0 9
1344366053 0 /dev/ttyUSB0 9
1344366059 0 /dev/ttyUSB0 9
1344366065 0 /dev/ttyUSB0 9
1344366077 0 /dev/ttyUSB0 9
1344366083 0 /dev/ttyUSB0 9
1344366089 0 /dev/ttyUSB0 9
1344366095 0 /dev/ttyUSB0 9
1344366101 0 /dev/ttyUSB0 9
1344366107 0 /dev/ttyUSB0 9
1344366113 0 /dev/ttyUSB0 9
1344366119 0 /dev/ttyUSB0 9
1344366125 0 /dev/ttyUSB0 9
1344366130 0 /dev/ttyUSB0 9
1344366136 0 /dev/ttyUSB0 9
1344366148 0 /dev/ttyUSB0 9
1344366155 0 /dev/ttyUSB0 9
1344366161 0 /dev/ttyUSB0 9
1344366167 0 /dev/ttyUSB0 9
1344366179 0 /dev/ttyUSB0 9
1344366185 0 /dev/ttyUSB0 9
1344366191 0 /dev/ttyUSB0 9
1344366197 0 /dev/ttyUSB0 9
1344366203 0 /dev/ttyUSB0 9
1344366209 0 /dev/ttyUSB0 9
1344366215 0 /dev/ttyUSB0 9
1344366221 0 /dev/ttyUSB0 9
1344366227 0 /dev/ttyUSB0 9
1344366233 0 /dev/ttyUSB0 9
1344366239 0 /dev/ttyUSB0 9
1344366245 0 /dev/ttyUSB0 9
1344366251 0 /dev/ttyUSB0 9
1344366257 0 /dev/ttyUSB0 9
1344366263 0 /dev/ttyUSB0 9
1344366269 0 /dev/ttyUSB0 9
1344366275 0 /dev/ttyUSB0 9
1344366287 0 /dev/ttyUSB0 9
1344366293 0 /dev/ttyUSB0 9
1344366299 0 /dev/ttyUSB0 9
1344366305 0 /dev/ttyUSB0 9
1344366323 0 /dev/ttyUSB0 9
1344366329 0 /dev/ttyUSB0 9
1344366335 0 /dev/ttyUSB0 9
1344366341 0 /dev/ttyUSB0 9
1344366347 0 /dev/ttyUSB0 9
1344366353 0 /dev/ttyUSB0 9
1344366359 0 /dev/ttyUSB0 9
1344366365 0 /dev/ttyUSB0 9
1344366371 0 /dev/ttyUSB0 9
1344366377 0 /dev/ttyUSB0 9
1344366383 0 /dev/ttyUSB0 9
1344366389 0 /dev/ttyUSB0 9
1344366395 0 /dev/ttyUSB0 9
1344366407 0 /dev/ttyUSB0 9
1344366420 0 /dev/ttyUSB0 9
1344366426 0 /dev/ttyUSB0 9
1344366432 0 /dev/ttyUSB0 9
1344366438 0 /dev/ttyUSB0 9
1344366444 0 /dev/ttyUSB0 9
1344366450 0 /dev/ttyUSB0 9
1344366456 0 /dev/ttyUSB0 9
1344366462 0 /dev/ttyUSB0 9
1344366468 0 /dev/ttyUSB0 9
1344366474 0 /dev/ttyUSB0 9
1344366480 0 /dev/ttyUSB0 9
1344366486 0 /dev/ttyUSB0 9
1344366492 0 /dev/ttyUSB0 9
1344366498 0 /dev/ttyUSB0 9
1344366504 0 /dev/ttyUSB0 9
1344366510 0 /dev/ttyUSB0 9
1344366516 0 /dev/ttyUSB0 9
1344366522 0 /dev/ttyUSB0 9
1344366528 0 /dev/ttyUSB0 9
1344366534 0 /dev/ttyUSB0 9
1344366540 0 /dev/ttyUSB0 9
1344366546 0 /dev/ttyUSB0 9
1344366563 0 /dev/ttyUSB0 9
1344366570 0 /dev/ttyUSB0 9
1344366576 0 /dev/ttyUSB0 9
1344366582 0 /dev/ttyUSB0 9
1344366594 0 /dev/ttyUSB0 9
1344366600 0 /dev/ttyUSB0 9
1344366606 0 /dev/ttyUSB0 9
1344366612 0 /dev/ttyUSB0 9
1344366618 0 /dev/ttyUSB0 9
1344366630 0 /dev/ttyUSB0 9
1344366636 0 /dev/ttyUSB0 9
1344366648 0 /dev/ttyUSB0 9
1344366654 0 /dev/ttyUSB0 9
1344366660 0 /dev/ttyUSB0 9
1344366672 0 /dev/ttyUSB0 9
1344366690 0 /dev/ttyUSB0 9
1344366696 0 /dev/ttyUSB0 9
1344366702 0 /dev/ttyUSB0 9
1344366708 0 /dev/ttyUSB0 9
1344366714 0 /dev/ttyUSB0 9
1344366720 0 /dev/ttyUSB0 9
1344366726 0 /dev/ttyUSB0 9
1344366732 0 /dev/ttyUSB0 9
1344366738 0 /dev/ttyUSB0 9
1344366744 0 /dev/ttyUSB0 9
1344366750 0 /dev/ttyUSB0 9
1344366756 0 /dev/ttyUSB0 9
1344366762 0 /dev/ttyUSB0 9
1344366768 0 /dev/ttyUSB0 9
1344366774 0 /dev/ttyUSB0 9
1344366780 0 /dev/ttyUSB0 9
1344366786 0 /dev/ttyUSB0 9
1344366798 0 /dev/ttyUSB0 9
1344366804 0 /dev/ttyUSB0 9
1344366810 0 /dev/ttyUSB0 9
1344366816 0 /dev/ttyUSB0 9
1344366822 0 /dev/ttyUSB0 9
1344366828 0 /dev/ttyUSB0 9
1344366834 0 /dev/ttyUSB0 9
1344366840 0 /dev/ttyUSB0 9
1344366846 0 /dev/ttyUSB0 9
1344366852 0 /dev/ttyUSB0 9
1344366858 0 /dev/ttyUSB0 9
1344366864 0 /dev/ttyUSB0 9
1344366876 0 /dev/ttyUSB0 9
1344366882 0 /dev/ttyUSB0 9
1344366888 0 /dev/ttyUSB0 9
1344366900 0 /dev/ttyUSB0 9
1344366912 0 /dev/ttyUSB0 9
1344366930 0 /dev/ttyUSB0 9
1344366936 0 /dev/ttyUSB0 9
1344366942 0 /dev/ttyUSB0 9
1344366948 0 /dev/ttyUSB0 9
1344366954 0 /dev/ttyUSB0 9
1344366960 0 /dev/ttyUSB0 9
1344366966 0 /dev/ttyUSB0 9
1344366972 0 /dev/ttyUSB0 9
1344366978 0 /dev/ttyUSB0 9
1344366984 0 /dev/ttyUSB0 9
1344366990 0 /dev/ttyUSB0 9
1344366996 0 /dev/ttyUSB0 9
1344367002 0 /dev/ttyUSB0 9
1344367008 0 /dev/ttyUSB0 9
1344367014 0 /dev/ttyUSB0 9
1344367020 0 /dev/ttyUSB0 9
1344367026 0 /dev/ttyUSB0 9
1344367038 0 /dev/ttyUSB0 9
1344367044 0 /dev/ttyUSB0 9
1344367050 0 /dev/ttyUSB0 9
1344367063 0 /dev/ttyUSB0 9
1344367075 0 /dev/ttyUSB0 9
1344367087 0 /dev/ttyUSB0 9
1344367093 0 /dev/ttyUSB0 9
1344367099 0 /dev/ttyUSB0 9
1344367105 0 /dev/ttyUSB0 9
1344367111 0 /dev/ttyUSB0 9
1344367117 0 /dev/ttyUSB0 9
1344367123 0 /dev/ttyUSB0 9
1344367129 0 /dev/ttyUSB0 9
1344367135 0 /dev/ttyUSB0 9
1344367141 0 /dev/ttyUSB0 9
1344367147 0 /dev/ttyUSB0 9
1344367153 0 /dev/ttyUSB0 9
1344367165 0 /dev/ttyUSB0 9
1344367177 0 /dev/ttyUSB0 9
1344367183 0 /dev/ttyUSB0 9
1344367189 0 /dev/ttyUSB0 9
1344367201 0 /dev/ttyUSB0 9
1344367207 0 /dev/ttyUSB0 9
1344367213 0 /dev/ttyUSB0 9
1344367219 0 /dev/ttyUSB0 9
1344367225 0 /dev/ttyUSB0 9
1344367243 0 /dev/ttyUSB0 9
1344367249 0 /dev/ttyUSB0 9
1344367255 0 /dev/ttyUSB0 9
1344367261 0 /dev/ttyUSB0 9
1344367267 0 /dev/ttyUSB0 9
1344367273 0 /dev/ttyUSB0 9
1344367279 0 /dev/ttyUSB0 9
1344367285 0 /dev/ttyUSB0 9
1344367291 0 /dev/ttyUSB0 9
1344367297 0 /dev/ttyUSB0 9
1344367303 0 /dev/ttyUSB0 9
1344367309 0 /dev/ttyUSB0 9
1344367315 0 /dev/ttyUSB0 9
1344367327 0 /dev/ttyUSB0 9
1344367333 0 /dev/ttyUSB0 9
1344367339 0 /dev/ttyUSB0 9
1344367345 0 /dev/ttyUSB0 9
1344367351 0 /dev/ttyUSB0 9
1344367363 0 /dev/ttyUSB0 9
1344367369 0 /dev/ttyUSB0 9
1344367381 0 /dev/ttyUSB0 9
1344367388 0 /dev/ttyUSB0 9
