1343836220 1 /dev/ttyUSB0 1
1343836232 1 /dev/ttyUSB0 1
1343836238 1 /dev/ttyUSB0 1
1343836244 1 /dev/ttyUSB0 1
1343836250 1 /dev/ttyUSB0 1
1343836256 1 /dev/ttyUSB0 1
1343836262 1 /dev/ttyUSB0 1
1343836269 1 /dev/ttyUSB0 1
1343836275 1 /dev/ttyUSB0 1
1343836281 1 /dev/ttyUSB0 1
1343836287 1 /dev/ttyUSB0 1
1343836293 1 /dev/ttyUSB0 1
1343836299 1 /dev/ttyUSB0 1
1343836311 1 /dev/ttyUSB0 1
1343836318 1 /dev/ttyUSB0 1
1343836324 1 /dev/ttyUSB0 1
1343836330 1 /dev/ttyUSB0 1
1343836336 1 /dev/ttyUSB0 1
1343836342 1 /dev/ttyUSB0 1
1343836348 1 /dev/ttyUSB0 1
1343836360 1 /dev/ttyUSB0 1
1343836366 1 /dev/ttyUSB0 1
1343836373 1 /dev/ttyUSB0 1
1343836385 1 /dev/ttyUSB0 1
1343836391 1 /dev/ttyUSB0 1
1343836397 1 /dev/ttyUSB0 1
1343836403 1 /dev/ttyUSB0 1
1343836409 1 /dev/ttyUSB0 1
1343836415 1 /dev/ttyUSB0 1
1343836422 1 /dev/ttyUSB0 1
1343836428 1 /dev/ttyUSB0 1
1343836434 1 /dev/ttyUSB0 1
1343836440 1 /dev/ttyUSB0 1
1343836446 1 /dev/ttyUSB0 1
1343836452 1 /dev/ttyUSB0 1
1343836464 1 /dev/ttyUSB0 1
1343836470 1 /dev/ttyUSB0 1
1343836477 1 /dev/ttyUSB0 1
1343836483 1 /dev/ttyUSB0 1
1343836489 1 /dev/ttyUSB0 1
1343836495 1 /dev/ttyUSB0 1
1343836501 1 /dev/ttyUSB0 1
1343836507 1 /dev/ttyUSB0 1
1343836513 1 /dev/ttyUSB0 1
1343836519 1 /dev/ttyUSB0 1
1343836526 1 /dev/ttyUSB0 1
1343836568 1 /dev/ttyUSB0 1
1343836617 1 /dev/ttyUSB0 1
1343836623 1 /dev/ttyUSB0 1
1343836630 1 /dev/ttyUSB0 1
1343836636 1 /dev/ttyUSB0 1
1343836642 1 /dev/ttyUSB0 1
1343836648 1 /dev/ttyUSB0 1
1343836654 1 /dev/ttyUSB0 1
1343836660 1 /dev/ttyUSB0 1
1343836668 1 /dev/ttyUSB0 1
1343836672 1 /dev/ttyUSB0 1
1343836740 1 /dev/ttyUSB0 1
1343836746 1 /dev/ttyUSB0 1
1343836752 1 /dev/ttyUSB0 1
1343836758 1 /dev/ttyUSB0 1
1343836764 1 /dev/ttyUSB0 1
1343836770 1 /dev/ttyUSB0 1
1343836776 1 /dev/ttyUSB0 1
1343836782 1 /dev/ttyUSB0 1
1343836789 1 /dev/ttyUSB0 1
1343836801 1 /dev/ttyUSB0 1
1343836807 1 /dev/ttyUSB0 1
1343836813 1 /dev/ttyUSB0 1
1343836836 1 /dev/ttyUSB0 1
1343836838 1 /dev/ttyUSB0 1
1343836844 1 /dev/ttyUSB0 1
1343836850 1 /dev/ttyUSB0 1
1343836856 1 /dev/ttyUSB0 1
1343836862 1 /dev/ttyUSB0 1
1343836868 1 /dev/ttyUSB0 1
1343836874 1 /dev/ttyUSB0 1
1343836880 1 /dev/ttyUSB0 1
1343836886 1 /dev/ttyUSB0 1
1343836893 1 /dev/ttyUSB0 1
1343836905 1 /dev/ttyUSB0 1
1343836911 1 /dev/ttyUSB0 1
1343836917 1 /dev/ttyUSB0 1
1343836923 1 /dev/ttyUSB0 1
1343836929 1 /dev/ttyUSB0 1
1343836935 1 /dev/ttyUSB0 1
1343836966 1 /dev/ttyUSB0 1
1343836972 1 /dev/ttyUSB0 1
1343836978 1 /dev/ttyUSB0 1
1343837009 1 /dev/ttyUSB0 1
1343837015 1 /dev/ttyUSB0 1
1343837021 1 /dev/ttyUSB0 1
1343837033 1 /dev/ttyUSB0 1
1343837039 1 /dev/ttyUSB0 1
1343837045 1 /dev/ttyUSB0 1
1343837052 1 /dev/ttyUSB0 1
1343837058 1 /dev/ttyUSB0 1
1343837064 1 /dev/ttyUSB0 1
1343837070 1 /dev/ttyUSB0 1
1343837076 1 /dev/ttyUSB0 1
1343837082 1 /dev/ttyUSB0 1
1343837088 1 /dev/ttyUSB0 1
1343837094 1 /dev/ttyUSB0 1
1343837101 1 /dev/ttyUSB0 1
1343837107 1 /dev/ttyUSB0 1
1343837113 1 /dev/ttyUSB0 1
1343837119 1 /dev/ttyUSB0 1
1343837125 1 /dev/ttyUSB0 1
1343837143 1 /dev/ttyUSB0 1
1343837149 1 /dev/ttyUSB0 1
1343837156 1 /dev/ttyUSB0 1
1343837162 1 /dev/ttyUSB0 1
1343837168 1 /dev/ttyUSB0 1
1343837174 1 /dev/ttyUSB0 1
1343837180 1 /dev/ttyUSB0 1
1343837223 1 /dev/ttyUSB0 1
1343837229 1 /dev/ttyUSB0 1
1343837241 1 /dev/ttyUSB0 1
1343837247 1 /dev/ttyUSB0 1
1343837253 1 /dev/ttyUSB0 1
1343837260 1 /dev/ttyUSB0 1
1343837266 1 /dev/ttyUSB0 1
1343837284 1 /dev/ttyUSB0 1
1343837290 1 /dev/ttyUSB0 1
1343837296 1 /dev/ttyUSB0 1
1343837302 1 /dev/ttyUSB0 1
1343837309 1 /dev/ttyUSB0 1
1343837315 1 /dev/ttyUSB0 1
1343837321 1 /dev/ttyUSB0 1
1343837327 1 /dev/ttyUSB0 1
1343837333 1 /dev/ttyUSB0 1
1343837345 1 /dev/ttyUSB0 1
1343837351 1 /dev/ttyUSB0 1
1343837357 1 /dev/ttyUSB0 1
1343837364 1 /dev/ttyUSB0 1
1343837370 1 /dev/ttyUSB0 1
1343837376 1 /dev/ttyUSB0 1
1343837382 1 /dev/ttyUSB0 1
1343837388 1 /dev/ttyUSB0 1
1343837394 1 /dev/ttyUSB0 1
1343837400 1 /dev/ttyUSB0 1
1343837406 1 /dev/ttyUSB0 1
1343837413 1 /dev/ttyUSB0 1
1343837419 1 /dev/ttyUSB0 1
1343837425 1 /dev/ttyUSB0 1
1343837431 1 /dev/ttyUSB0 1
1343837437 1 /dev/ttyUSB0 1
1343837443 1 /dev/ttyUSB0 1
1343837449 1 /dev/ttyUSB0 1
1343837455 1 /dev/ttyUSB0 1
1343837461 1 /dev/ttyUSB0 1
1343837474 1 /dev/ttyUSB0 1
1343837480 1 /dev/ttyUSB0 1
1343837486 1 /dev/ttyUSB0 1
1343837492 1 /dev/ttyUSB0 1
1343837498 1 /dev/ttyUSB0 1
1343837504 1 /dev/ttyUSB0 1
1343837559 1 /dev/ttyUSB0 1
1343837565 1 /dev/ttyUSB0 1
1343837578 1 /dev/ttyUSB0 1
1343837584 1 /dev/ttyUSB0 1
1343837590 1 /dev/ttyUSB0 1
1343837596 1 /dev/ttyUSB0 1
1343837608 1 /dev/ttyUSB0 1
1343837614 1 /dev/ttyUSB0 1
1343837621 1 /dev/ttyUSB0 1
1343837627 1 /dev/ttyUSB0 1
1343837633 1 /dev/ttyUSB0 1
1343837639 1 /dev/ttyUSB0 1
1343837651 1 /dev/ttyUSB0 1
1343837657 1 /dev/ttyUSB0 1
1343837706 1 /dev/ttyUSB0 1
1343837712 1 /dev/ttyUSB0 1
1343837718 1 /dev/ttyUSB0 1
1343837725 1 /dev/ttyUSB0 1
1343838220 1 /dev/ttyUSB0 1
1343838226 1 /dev/ttyUSB0 1
1343838232 1 /dev/ttyUSB0 1
1343838238 1 /dev/ttyUSB0 1
1343838251 1 /dev/ttyUSB0 1
1343838257 1 /dev/ttyUSB0 1
1343838263 1 /dev/ttyUSB0 1
1343838269 1 /dev/ttyUSB0 1
1343838275 1 /dev/ttyUSB0 1
1343838281 1 /dev/ttyUSB0 1
1343838287 1 /dev/ttyUSB0 1
1343838293 1 /dev/ttyUSB0 1
1343838300 1 /dev/ttyUSB0 1
1343838306 1 /dev/ttyUSB0 1
1343838312 1 /dev/ttyUSB0 1
1343838318 1 /dev/ttyUSB0 1
1343838444 1 /dev/ttyUSB0 1
1343838445 1 /dev/ttyUSB0 1
1343838446 1 /dev/ttyUSB0 1
1343838459 1 /dev/ttyUSB0 1
1343838465 1 /dev/ttyUSB0 1
1343838471 1 /dev/ttyUSB0 1
1343838483 1 /dev/ttyUSB0 1
1343838489 1 /dev/ttyUSB0 1
1343838495 1 /dev/ttyUSB0 1
1343838501 1 /dev/ttyUSB0 1
1343838508 1 /dev/ttyUSB0 1
1343838514 1 /dev/ttyUSB0 1
1343838520 1 /dev/ttyUSB0 1
1343838526 1 /dev/ttyUSB0 1
1343838532 1 /dev/ttyUSB0 1
1343838972 1 /dev/ttyUSB0 1
1343838979 1 /dev/ttyUSB0 1
1343838985 1 /dev/ttyUSB0 1
1343838991 1 /dev/ttyUSB0 1
1343838997 1 /dev/ttyUSB0 1
1343839003 1 /dev/ttyUSB0 1
1343839009 1 /dev/ttyUSB0 1
1343839015 1 /dev/ttyUSB0 1
1343839028 1 /dev/ttyUSB0 1
1343839040 1 /dev/ttyUSB0 1
1343839046 1 /dev/ttyUSB0 1
1343839052 1 /dev/ttyUSB0 1
1343839058 1 /dev/ttyUSB0 1
1343839064 1 /dev/ttyUSB0 1
1343839070 1 /dev/ttyUSB0 1
1343839083 1 /dev/ttyUSB0 1
1343839089 1 /dev/ttyUSB0 1
1343839095 1 /dev/ttyUSB0 1
1343839101 1 /dev/ttyUSB0 1
1343839107 1 /dev/ttyUSB0 1
1343839113 1 /dev/ttyUSB0 1
1343839119 1 /dev/ttyUSB0 1
1343839132 1 /dev/ttyUSB0 1
1343839315 1 /dev/ttyUSB0 1
1343839321 1 /dev/ttyUSB0 1
1343839327 1 /dev/ttyUSB0 1
1343839444 1 /dev/ttyUSB0 1
1343839450 1 /dev/ttyUSB0 1
1343839456 1 /dev/ttyUSB0 1
1343839468 1 /dev/ttyUSB0 1
1343839474 1 /dev/ttyUSB0 1
1343839480 1 /dev/ttyUSB0 1
1343839486 1 /dev/ttyUSB0 1
1343839492 1 /dev/ttyUSB0 1
1343839499 1 /dev/ttyUSB0 1
1343839505 1 /dev/ttyUSB0 1
1343839511 1 /dev/ttyUSB0 1
1343839517 1 /dev/ttyUSB0 1
1343839523 1 /dev/ttyUSB0 1
1343839529 1 /dev/ttyUSB0 1
1343839535 1 /dev/ttyUSB0 1
1343839541 1 /dev/ttyUSB0 1
1343839548 1 /dev/ttyUSB0 1
1343839554 1 /dev/ttyUSB0 1
1343839560 1 /dev/ttyUSB0 1
1343839652 1 /dev/ttyUSB0 1
1343839658 1 /dev/ttyUSB0 1
1343839664 1 /dev/ttyUSB0 1
1343839676 1 /dev/ttyUSB0 1
1343839682 1 /dev/ttyUSB0 1
1343839688 1 /dev/ttyUSB0 1
1343839694 1 /dev/ttyUSB0 1
1343839700 1 /dev/ttyUSB0 1
1343840490 1 /dev/ttyUSB0 1
1343840496 1 /dev/ttyUSB0 1
1343840502 1 /dev/ttyUSB0 1
1343840508 1 /dev/ttyUSB0 1
1343840520 1 /dev/ttyUSB0 1
1343840526 1 /dev/ttyUSB0 1
1343840532 1 /dev/ttyUSB0 1
1343840539 1 /dev/ttyUSB0 1
1343840545 1 /dev/ttyUSB0 1
1343840557 1 /dev/ttyUSB0 1
1343840563 1 /dev/ttyUSB0 1
1343840569 1 /dev/ttyUSB0 1
1343840575 1 /dev/ttyUSB0 1
1343840581 1 /dev/ttyUSB0 1
1343840587 1 /dev/ttyUSB0 1
1343840594 1 /dev/ttyUSB0 1
1343840600 1 /dev/ttyUSB0 1
1343840606 1 /dev/ttyUSB0 1
1343840612 1 /dev/ttyUSB0 1
1343841052 1 /dev/ttyUSB0 1
1343841059 1 /dev/ttyUSB0 1
1343841065 1 /dev/ttyUSB0 1
1343841071 1 /dev/ttyUSB0 1
1343841193 1 /dev/ttyUSB0 1
1343841199 1 /dev/ttyUSB0 1
1343841205 1 /dev/ttyUSB0 1
1343841211 1 /dev/ttyUSB0 1
1343841218 1 /dev/ttyUSB0 1
1343841230 1 /dev/ttyUSB0 1
1343841236 1 /dev/ttyUSB0 1
1343841242 1 /dev/ttyUSB0 1
1343841248 1 /dev/ttyUSB0 1
1343841254 1 /dev/ttyUSB0 1
1343841260 1 /dev/ttyUSB0 1
1343841267 1 /dev/ttyUSB0 1
1343841273 1 /dev/ttyUSB0 1
1343841279 1 /dev/ttyUSB0 1
1343841285 1 /dev/ttyUSB0 1
1343841291 1 /dev/ttyUSB0 1
1343841297 1 /dev/ttyUSB0 1
1343841303 1 /dev/ttyUSB0 1
1343841309 1 /dev/ttyUSB0 1
1343841315 1 /dev/ttyUSB0 1
1343841322 1 /dev/ttyUSB0 1
1343841334 1 /dev/ttyUSB0 1
1343841340 1 /dev/ttyUSB0 1
1343841346 1 /dev/ttyUSB0 1
1343841352 1 /dev/ttyUSB0 1
1343841358 1 /dev/ttyUSB0 1
1343841364 1 /dev/ttyUSB0 1
1343841371 1 /dev/ttyUSB0 1
1343841377 1 /dev/ttyUSB0 1
1343841383 1 /dev/ttyUSB0 1
1343841389 1 /dev/ttyUSB0 1
1343841395 1 /dev/ttyUSB0 1
1343841401 1 /dev/ttyUSB0 1
1343841407 1 /dev/ttyUSB0 1
1343841413 1 /dev/ttyUSB0 1
1343841419 1 /dev/ttyUSB0 1
1343841426 1 /dev/ttyUSB0 1
1343841438 1 /dev/ttyUSB0 1
1343841444 1 /dev/ttyUSB0 1
1343841523 1 /dev/ttyUSB0 1
1343841530 1 /dev/ttyUSB0 1
1343841536 1 /dev/ttyUSB0 1
1343841548 1 /dev/ttyUSB0 1
1343841554 1 /dev/ttyUSB0 1
1343841658 1 /dev/ttyUSB0 1
1343841670 1 /dev/ttyUSB0 1
1343841676 1 /dev/ttyUSB0 1
1343841683 1 /dev/ttyUSB0 1
1343841689 1 /dev/ttyUSB0 1
1343841695 1 /dev/ttyUSB0 1
1343841701 1 /dev/ttyUSB0 1
1343841707 1 /dev/ttyUSB0 1
1343841713 1 /dev/ttyUSB0 1
1343841719 1 /dev/ttyUSB0 1
1343841725 1 /dev/ttyUSB0 1
1343841731 1 /dev/ttyUSB0 1
1343841738 1 /dev/ttyUSB0 1
1343841744 1 /dev/ttyUSB0 1
1343841750 1 /dev/ttyUSB0 1
1343841756 1 /dev/ttyUSB0 1
1343841762 1 /dev/ttyUSB0 1
1343841774 1 /dev/ttyUSB0 1
1343841811 1 /dev/ttyUSB0 1
1343841848 1 /dev/ttyUSB0 1
1343841854 1 /dev/ttyUSB0 1
1343841860 1 /dev/ttyUSB0 1
1343841866 1 /dev/ttyUSB0 1
1343841878 1 /dev/ttyUSB0 1
1343841884 1 /dev/ttyUSB0 1
1343841891 1 /dev/ttyUSB0 1
1343841897 1 /dev/ttyUSB0 1
1343841903 1 /dev/ttyUSB0 1
1343841909 1 /dev/ttyUSB0 1
1343841915 1 /dev/ttyUSB0 1
1343841921 1 /dev/ttyUSB0 1
1343841927 1 /dev/ttyUSB0 1
1343841933 1 /dev/ttyUSB0 1
1343841939 1 /dev/ttyUSB0 1
1343841946 1 /dev/ttyUSB0 1
1343841952 1 /dev/ttyUSB0 1
1343841964 1 /dev/ttyUSB0 1
1343841970 1 /dev/ttyUSB0 1
1343841976 1 /dev/ttyUSB0 1
1343841982 1 /dev/ttyUSB0 1
1343841988 1 /dev/ttyUSB0 1
1343841994 1 /dev/ttyUSB0 1
1343842007 1 /dev/ttyUSB0 1
1343842013 1 /dev/ttyUSB0 1
1343842019 1 /dev/ttyUSB0 1
1343842025 1 /dev/ttyUSB0 1
1343842031 1 /dev/ttyUSB0 1
1343842037 1 /dev/ttyUSB0 1
1343842043 1 /dev/ttyUSB0 1
1343842050 1 /dev/ttyUSB0 1
1343842056 1 /dev/ttyUSB0 1
1343842062 1 /dev/ttyUSB0 1
1343842068 1 /dev/ttyUSB0 1
1343842074 1 /dev/ttyUSB0 1
1343842080 1 /dev/ttyUSB0 1
1343842086 1 /dev/ttyUSB0 1
1343842092 1 /dev/ttyUSB0 1
1343842098 1 /dev/ttyUSB0 1
1343842111 1 /dev/ttyUSB0 1
1343842117 1 /dev/ttyUSB0 1
1343842123 1 /dev/ttyUSB0 1
1343842129 1 /dev/ttyUSB0 1
1343842135 1 /dev/ttyUSB0 1
1343842141 1 /dev/ttyUSB0 1
1343842147 1 /dev/ttyUSB0 1
1343842154 1 /dev/ttyUSB0 1
1343842160 1 /dev/ttyUSB0 1
1343842184 1 /dev/ttyUSB0 1
1343842196 1 /dev/ttyUSB0 1
1343842202 1 /dev/ttyUSB0 1
1343842215 1 /dev/ttyUSB0 1
1343842221 1 /dev/ttyUSB0 1
1343842227 1 /dev/ttyUSB0 1
1343842239 1 /dev/ttyUSB0 1
1343842245 1 /dev/ttyUSB0 1
1343842251 1 /dev/ttyUSB0 1
1343842258 1 /dev/ttyUSB0 1
1343842264 1 /dev/ttyUSB0 1
1343842270 1 /dev/ttyUSB0 1
1343842276 1 /dev/ttyUSB0 1
1343842282 1 /dev/ttyUSB0 1
1343842288 1 /dev/ttyUSB0 1
1343842294 1 /dev/ttyUSB0 1
1343842300 1 /dev/ttyUSB0 1
1343842306 1 /dev/ttyUSB0 1
1343842319 1 /dev/ttyUSB0 1
1343842325 1 /dev/ttyUSB0 1
1343842331 1 /dev/ttyUSB0 1
1343842337 1 /dev/ttyUSB0 1
1343842343 1 /dev/ttyUSB0 1
1343842349 1 /dev/ttyUSB0 1
1343842355 1 /dev/ttyUSB0 1
1343842362 1 /dev/ttyUSB0 1
1343842368 1 /dev/ttyUSB0 1
1343842374 1 /dev/ttyUSB0 1
1343842380 1 /dev/ttyUSB0 1
1343842386 1 /dev/ttyUSB0 1
1343842392 1 /dev/ttyUSB0 1
1343842398 1 /dev/ttyUSB0 1
1343842404 1 /dev/ttyUSB0 1
1343842410 1 /dev/ttyUSB0 1
1343842459 1 /dev/ttyUSB0 1
1343842466 1 /dev/ttyUSB0 1
1343842472 1 /dev/ttyUSB0 1
1343842478 1 /dev/ttyUSB0 1
1343842484 1 /dev/ttyUSB0 1
1343842490 1 /dev/ttyUSB0 1
1343842496 1 /dev/ttyUSB0 1
1343842502 1 /dev/ttyUSB0 1
1343842508 1 /dev/ttyUSB0 1
1343842514 1 /dev/ttyUSB0 1
1343842527 1 /dev/ttyUSB0 1
1343842533 1 /dev/ttyUSB0 1
1343842539 1 /dev/ttyUSB0 1
1343842545 1 /dev/ttyUSB0 1
1343842551 1 /dev/ttyUSB0 1
1343842557 1 /dev/ttyUSB0 1
1343842563 1 /dev/ttyUSB0 1
1343842576 1 /dev/ttyUSB0 1
1343842600 1 /dev/ttyUSB0 1
1343842606 1 /dev/ttyUSB0 1
1343842612 1 /dev/ttyUSB0 1
1343842631 1 /dev/ttyUSB0 1
1343842637 1 /dev/ttyUSB0 1
1343842747 1 /dev/ttyUSB0 1
1343842753 1 /dev/ttyUSB0 1
1343842759 1 /dev/ttyUSB0 1
1343842765 1 /dev/ttyUSB0 1
1343842771 1 /dev/ttyUSB0 1
1343842777 1 /dev/ttyUSB0 1
1343842784 1 /dev/ttyUSB0 1
1343842790 1 /dev/ttyUSB0 1
1343842796 1 /dev/ttyUSB0 1
1343842802 1 /dev/ttyUSB0 1
1343842808 1 /dev/ttyUSB0 1
1343842814 1 /dev/ttyUSB0 1
1343842820 1 /dev/ttyUSB0 1
1343842826 1 /dev/ttyUSB0 1
1343842839 1 /dev/ttyUSB0 1
1343842845 1 /dev/ttyUSB0 1
1343842851 1 /dev/ttyUSB0 1
1343842863 1 /dev/ttyUSB0 1
1343842869 1 /dev/ttyUSB0 1
1343842875 1 /dev/ttyUSB0 1
1343842881 1 /dev/ttyUSB0 1
1343842888 1 /dev/ttyUSB0 1
1343842894 1 /dev/ttyUSB0 1
1343842900 1 /dev/ttyUSB0 1
1343842906 1 /dev/ttyUSB0 1
1343842912 1 /dev/ttyUSB0 1
1343842918 1 /dev/ttyUSB0 1
1343842924 1 /dev/ttyUSB0 1
1343842930 1 /dev/ttyUSB0 1
1343842937 1 /dev/ttyUSB0 1
1343842943 1 /dev/ttyUSB0 1
1343842949 1 /dev/ttyUSB0 1
1343842955 1 /dev/ttyUSB0 1
1343842967 1 /dev/ttyUSB0 1
1343842973 1 /dev/ttyUSB0 1
1343843010 1 /dev/ttyUSB0 1
1343843016 1 /dev/ttyUSB0 1
1343843022 1 /dev/ttyUSB0 1
1343843028 1 /dev/ttyUSB0 1
1343843034 1 /dev/ttyUSB0 1
1343843041 1 /dev/ttyUSB0 1
1343843047 1 /dev/ttyUSB0 1
1343843053 1 /dev/ttyUSB0 1
1343843059 1 /dev/ttyUSB0 1
1343843071 1 /dev/ttyUSB0 1
1343843077 1 /dev/ttyUSB0 1
1343843083 1 /dev/ttyUSB0 1
1343843089 1 /dev/ttyUSB0 1
1343843096 1 /dev/ttyUSB0 1
1343843102 1 /dev/ttyUSB0 1
1343843108 1 /dev/ttyUSB0 1
1343843114 1 /dev/ttyUSB0 1
1343843120 1 /dev/ttyUSB0 1
1343843126 1 /dev/ttyUSB0 1
1343843175 1 /dev/ttyUSB0 1
1343843187 1 /dev/ttyUSB0 1
1343843193 1 /dev/ttyUSB0 1
1343843200 1 /dev/ttyUSB0 1
1343843206 1 /dev/ttyUSB0 1
1343843212 1 /dev/ttyUSB0 1
1343843218 1 /dev/ttyUSB0 1
1343843224 1 /dev/ttyUSB0 1
1343843230 1 /dev/ttyUSB0 1
1343843236 1 /dev/ttyUSB0 1
1343843242 1 /dev/ttyUSB0 1
1343843249 1 /dev/ttyUSB0 1
1343843255 1 /dev/ttyUSB0 1
1343843261 1 /dev/ttyUSB0 1
1343843267 1 /dev/ttyUSB0 1
1343843279 1 /dev/ttyUSB0 1
1343843285 1 /dev/ttyUSB0 1
1343843291 1 /dev/ttyUSB0 1
1343843297 1 /dev/ttyUSB0 1
1343843304 1 /dev/ttyUSB0 1
1343843310 1 /dev/ttyUSB0 1
1343843371 1 /dev/ttyUSB0 1
1343843383 1 /dev/ttyUSB0 1
1343843389 1 /dev/ttyUSB0 1
1343843395 1 /dev/ttyUSB0 1
1343843401 1 /dev/ttyUSB0 1
1343843408 1 /dev/ttyUSB0 1
1343843414 1 /dev/ttyUSB0 1
1343843457 1 /dev/ttyUSB0 1
1343843463 1 /dev/ttyUSB0 1
1343843469 1 /dev/ttyUSB0 1
1343843475 1 /dev/ttyUSB0 1
1343843487 1 /dev/ttyUSB0 1
1343843493 1 /dev/ttyUSB0 1
1343843499 1 /dev/ttyUSB0 1
1343843512 1 /dev/ttyUSB0 1
1343843518 1 /dev/ttyUSB0 1
1343843524 1 /dev/ttyUSB0 1
1343843530 1 /dev/ttyUSB0 1
1343843536 1 /dev/ttyUSB0 1
1343843542 1 /dev/ttyUSB0 1
1343843548 1 /dev/ttyUSB0 1
1343843554 1 /dev/ttyUSB0 1
1343843567 1 /dev/ttyUSB0 1
1343843579 1 /dev/ttyUSB0 1
1343843646 1 /dev/ttyUSB0 1
1343843677 1 /dev/ttyUSB0 1
1343843683 1 /dev/ttyUSB0 1
1343843689 1 /dev/ttyUSB0 1
1343843695 1 /dev/ttyUSB0 1
1343843701 1 /dev/ttyUSB0 1
1343843707 1 /dev/ttyUSB0 1
1343843720 1 /dev/ttyUSB0 1
1343843726 1 /dev/ttyUSB0 1
1343843732 1 /dev/ttyUSB0 1
1343843738 1 /dev/ttyUSB0 1
1343843762 1 /dev/ttyUSB0 1
1343843769 1 /dev/ttyUSB0 1
1343843775 1 /dev/ttyUSB0 1
1343843781 1 /dev/ttyUSB0 1
1343843787 1 /dev/ttyUSB0 1
1343843793 1 /dev/ttyUSB0 1
1343843805 1 /dev/ttyUSB0 1
1343843824 1 /dev/ttyUSB0 1
1343843830 1 /dev/ttyUSB0 1
1343843836 1 /dev/ttyUSB0 1
1343843842 1 /dev/ttyUSB0 1
1343843848 1 /dev/ttyUSB0 1
1343843854 1 /dev/ttyUSB0 1
1343843860 1 /dev/ttyUSB0 1
1343843866 1 /dev/ttyUSB0 1
1343843872 1 /dev/ttyUSB0 1
1343843879 1 /dev/ttyUSB0 1
1343843891 1 /dev/ttyUSB0 1
1343843897 1 /dev/ttyUSB0 1
1343843903 1 /dev/ttyUSB0 1
1343843909 1 /dev/ttyUSB0 1
1343843915 1 /dev/ttyUSB0 1
1343843921 1 /dev/ttyUSB0 1
1343843928 1 /dev/ttyUSB0 1
1343843934 1 /dev/ttyUSB0 1
1343843940 1 /dev/ttyUSB0 1
1343843952 1 /dev/ttyUSB0 1
1343843958 1 /dev/ttyUSB0 1
1343843964 1 /dev/ttyUSB0 1
1343843976 1 /dev/ttyUSB0 1
1343843983 1 /dev/ttyUSB0 1
1343843989 1 /dev/ttyUSB0 1
1343843995 1 /dev/ttyUSB0 1
1343844001 1 /dev/ttyUSB0 1
1343844007 1 /dev/ttyUSB0 1
1343844013 1 /dev/ttyUSB0 1
1343844019 1 /dev/ttyUSB0 1
1343844025 1 /dev/ttyUSB0 1
1343844032 1 /dev/ttyUSB0 1
1343844038 1 /dev/ttyUSB0 1
1343844044 1 /dev/ttyUSB0 1
1343844056 1 /dev/ttyUSB0 1
1343844062 1 /dev/ttyUSB0 1
1343844068 1 /dev/ttyUSB0 1
1343844074 1 /dev/ttyUSB0 1
1343844080 1 /dev/ttyUSB0 1
1343844087 1 /dev/ttyUSB0 1
1343844093 1 /dev/ttyUSB0 1
1343844099 1 /dev/ttyUSB0 1
1343844105 1 /dev/ttyUSB0 1
1343844111 1 /dev/ttyUSB0 1
1343844117 1 /dev/ttyUSB0 1
1343844123 1 /dev/ttyUSB0 1
1343844129 1 /dev/ttyUSB0 1
1343844136 1 /dev/ttyUSB0 1
1343844142 1 /dev/ttyUSB0 1
1343844148 1 /dev/ttyUSB0 1
1343844160 1 /dev/ttyUSB0 1
1343844166 1 /dev/ttyUSB0 1
1343844172 1 /dev/ttyUSB0 1
1343844178 1 /dev/ttyUSB0 1
1343844185 1 /dev/ttyUSB0 1
1343844191 1 /dev/ttyUSB0 1
1343844197 1 /dev/ttyUSB0 1
1343844203 1 /dev/ttyUSB0 1
1343844209 1 /dev/ttyUSB0 1
1343844215 1 /dev/ttyUSB0 1
1343844221 1 /dev/ttyUSB0 1
1343844240 1 /dev/ttyUSB0 1
1343844246 1 /dev/ttyUSB0 1
1343844252 1 /dev/ttyUSB0 1
1343844258 1 /dev/ttyUSB0 1
1343844264 1 /dev/ttyUSB0 1
1343844270 1 /dev/ttyUSB0 1
1343844276 1 /dev/ttyUSB0 1
1343844288 1 /dev/ttyUSB0 1
1343844295 1 /dev/ttyUSB0 1
1343844301 1 /dev/ttyUSB0 1
1343844307 1 /dev/ttyUSB0 1
1343844313 1 /dev/ttyUSB0 1
1343844319 1 /dev/ttyUSB0 1
1343844337 1 /dev/ttyUSB0 1
1343844344 1 /dev/ttyUSB0 1
1343844350 1 /dev/ttyUSB0 1
1343844356 1 /dev/ttyUSB0 1
1343844362 1 /dev/ttyUSB0 1
1343844368 1 /dev/ttyUSB0 1
1343844374 1 /dev/ttyUSB0 1
1343844380 1 /dev/ttyUSB0 1
1343844392 1 /dev/ttyUSB0 1
1343844399 1 /dev/ttyUSB0 1
1343844405 1 /dev/ttyUSB0 1
1343844411 1 /dev/ttyUSB0 1
1343844417 1 /dev/ttyUSB0 1
1343844423 1 /dev/ttyUSB0 1
1343844429 1 /dev/ttyUSB0 1
1343844441 1 /dev/ttyUSB0 1
1343844448 1 /dev/ttyUSB0 1
1343844454 1 /dev/ttyUSB0 1
1343844460 1 /dev/ttyUSB0 1
1343844466 1 /dev/ttyUSB0 1
1343844472 1 /dev/ttyUSB0 1
1343844478 1 /dev/ttyUSB0 1
1343844484 1 /dev/ttyUSB0 1
1343844496 1 /dev/ttyUSB0 1
1343844503 1 /dev/ttyUSB0 1
1343844509 1 /dev/ttyUSB0 1
1343844515 1 /dev/ttyUSB0 1
1343844521 1 /dev/ttyUSB0 1
1343844527 1 /dev/ttyUSB0 1
1343844533 1 /dev/ttyUSB0 1
1343844539 1 /dev/ttyUSB0 1
1343844545 1 /dev/ttyUSB0 1
1343844552 1 /dev/ttyUSB0 1
1343844558 1 /dev/ttyUSB0 1
1343844564 1 /dev/ttyUSB0 1
1343844570 1 /dev/ttyUSB0 1
1343844582 1 /dev/ttyUSB0 1
1343844600 1 /dev/ttyUSB0 1
1343844613 1 /dev/ttyUSB0 1
1343844625 1 /dev/ttyUSB0 1
1343844631 1 /dev/ttyUSB0 1
1343844637 1 /dev/ttyUSB0 1
1343844643 1 /dev/ttyUSB0 1
1343844656 1 /dev/ttyUSB0 1
1343844668 1 /dev/ttyUSB0 1
1343844674 1 /dev/ttyUSB0 1
1343844680 1 /dev/ttyUSB0 1
1343844735 1 /dev/ttyUSB0 1
1343844741 1 /dev/ttyUSB0 1
1343844747 1 /dev/ttyUSB0 1
1343844753 1 /dev/ttyUSB0 1
1343844760 1 /dev/ttyUSB0 1
1343844766 1 /dev/ttyUSB0 1
1343844772 1 /dev/ttyUSB0 1
1343844778 1 /dev/ttyUSB0 1
1343844784 1 /dev/ttyUSB0 1
1343844790 1 /dev/ttyUSB0 1
1343844796 1 /dev/ttyUSB0 1
1343844802 1 /dev/ttyUSB0 1
1343844808 1 /dev/ttyUSB0 1
1343844815 1 /dev/ttyUSB0 1
1343844821 1 /dev/ttyUSB0 1
1343844833 1 /dev/ttyUSB0 1
1343844839 1 /dev/ttyUSB0 1
1343844845 1 /dev/ttyUSB0 1
1343844851 1 /dev/ttyUSB0 1
1343844857 1 /dev/ttyUSB0 1
1343844864 1 /dev/ttyUSB0 1
1343844870 1 /dev/ttyUSB0 1
1343844876 1 /dev/ttyUSB0 1
1343844882 1 /dev/ttyUSB0 1
1343844888 1 /dev/ttyUSB0 1
1343844894 1 /dev/ttyUSB0 1
1343844900 1 /dev/ttyUSB0 1
1343844906 1 /dev/ttyUSB0 1
1343844912 1 /dev/ttyUSB0 1
1343844919 1 /dev/ttyUSB0 1
1343844925 1 /dev/ttyUSB0 1
1343844937 1 /dev/ttyUSB0 1
1343844943 1 /dev/ttyUSB0 1
1343844949 1 /dev/ttyUSB0 1
1343844955 1 /dev/ttyUSB0 1
1343844961 1 /dev/ttyUSB0 1
1343844968 1 /dev/ttyUSB0 1
1343844980 1 /dev/ttyUSB0 1
1343844986 1 /dev/ttyUSB0 1
1343844992 1 /dev/ttyUSB0 1
1343844998 1 /dev/ttyUSB0 1
1343845004 1 /dev/ttyUSB0 1
1343845010 1 /dev/ttyUSB0 1
1343845016 1 /dev/ttyUSB0 1
1343845023 1 /dev/ttyUSB0 1
1343845029 1 /dev/ttyUSB0 1
1343845041 1 /dev/ttyUSB0 1
1343845072 1 /dev/ttyUSB0 1
1343845078 1 /dev/ttyUSB0 1
1343845084 1 /dev/ttyUSB0 1
1343845090 1 /dev/ttyUSB0 1
1343845096 1 /dev/ttyUSB0 1
1343845102 1 /dev/ttyUSB0 1
1343845108 1 /dev/ttyUSB0 1
1343845114 1 /dev/ttyUSB0 1
1343845120 1 /dev/ttyUSB0 1
1343845127 1 /dev/ttyUSB0 1
1343845133 1 /dev/ttyUSB0 1
1343845139 1 /dev/ttyUSB0 1
1343845145 1 /dev/ttyUSB0 1
1343845151 1 /dev/ttyUSB0 1
1343845157 1 /dev/ttyUSB0 1
1343845169 1 /dev/ttyUSB0 1
1343845176 1 /dev/ttyUSB0 1
1343845182 1 /dev/ttyUSB0 1
1343845188 1 /dev/ttyUSB0 1
1343845194 1 /dev/ttyUSB0 1
1343845200 1 /dev/ttyUSB0 1
1343845206 1 /dev/ttyUSB0 1
1343845212 1 /dev/ttyUSB0 1
1343845218 1 /dev/ttyUSB0 1
1343845224 1 /dev/ttyUSB0 1
1343845231 1 /dev/ttyUSB0 1
1343845237 1 /dev/ttyUSB0 1
1343845243 1 /dev/ttyUSB0 1
1343845249 1 /dev/ttyUSB0 1
1343845255 1 /dev/ttyUSB0 1
1343845304 1 /dev/ttyUSB0 1
1343845310 1 /dev/ttyUSB0 1
1343845316 1 /dev/ttyUSB0 1
1343845359 1 /dev/ttyUSB0 1
1343845365 1 /dev/ttyUSB0 1
1343845377 1 /dev/ttyUSB0 1
1343845384 1 /dev/ttyUSB0 1
1343845390 1 /dev/ttyUSB0 1
1343845396 1 /dev/ttyUSB0 1
1343845402 1 /dev/ttyUSB0 1
1343845408 1 /dev/ttyUSB0 1
1343845414 1 /dev/ttyUSB0 1
1343845420 1 /dev/ttyUSB0 1
1343845426 1 /dev/ttyUSB0 1
1343845432 1 /dev/ttyUSB0 1
1343845439 1 /dev/ttyUSB0 1
1343845445 1 /dev/ttyUSB0 1
1343845451 1 /dev/ttyUSB0 1
1343845506 1 /dev/ttyUSB0 1
1343845512 1 /dev/ttyUSB0 1
1343845518 1 /dev/ttyUSB0 1
1343845622 1512 /dev/ttyUSB0 1
1343845628 1496 /dev/ttyUSB0 1
1343845634 1498 /dev/ttyUSB0 1
1343845640 1505 /dev/ttyUSB0 1
1343845647 1492 /dev/ttyUSB0 1
1343845653 1476 /dev/ttyUSB0 1
1343845659 1485 /dev/ttyUSB0 1
1343845665 1487 /dev/ttyUSB0 1
1343845671 1476 /dev/ttyUSB0 1
1343845677 1505 /dev/ttyUSB0 1
1343845683 1503 /dev/ttyUSB0 1
1343845689 1483 /dev/ttyUSB0 1
1343845696 1478 /dev/ttyUSB0 1
1343845726 1469 /dev/ttyUSB0 1
1343845732 1475 /dev/ttyUSB0 1
1343845738 1482 /dev/ttyUSB0 1
1343845744 1482 /dev/ttyUSB0 1
1343845751 1475 /dev/ttyUSB0 1
1343845757 1483 /dev/ttyUSB0 1
1343845763 1494 /dev/ttyUSB0 1
1343845769 1483 /dev/ttyUSB0 1
1343845775 1498 /dev/ttyUSB0 1
1343845787 1 /dev/ttyUSB0 1
1343845799 1 /dev/ttyUSB0 1
1343845806 1 /dev/ttyUSB0 1
1343845818 1 /dev/ttyUSB0 1
1343845830 1 /dev/ttyUSB0 1
1343845836 1 /dev/ttyUSB0 1
1343845842 1 /dev/ttyUSB0 1
1343845855 1 /dev/ttyUSB0 1
1343845861 1 /dev/ttyUSB0 1
1343845867 1 /dev/ttyUSB0 1
1343845873 1 /dev/ttyUSB0 1
1343845879 1 /dev/ttyUSB0 1
1343845885 1 /dev/ttyUSB0 1
1343845891 1 /dev/ttyUSB0 1
1343845897 1 /dev/ttyUSB0 1
1343845903 1 /dev/ttyUSB0 1
1343845910 1 /dev/ttyUSB0 1
1343845922 1 /dev/ttyUSB0 1
1343845928 1 /dev/ttyUSB0 1
1343845934 1 /dev/ttyUSB0 1
1343845940 1 /dev/ttyUSB0 1
1343845946 1 /dev/ttyUSB0 1
1343845952 1 /dev/ttyUSB0 1
1343845983 1 /dev/ttyUSB0 1
1343845989 1 /dev/ttyUSB0 1
1343845995 1 /dev/ttyUSB0 1
1343846001 1 /dev/ttyUSB0 1
1343846007 1 /dev/ttyUSB0 1
1343846014 1 /dev/ttyUSB0 1
1343846026 1 /dev/ttyUSB0 1
1343846032 1 /dev/ttyUSB0 1
1343846038 1 /dev/ttyUSB0 1
1343846044 1 /dev/ttyUSB0 1
1343846050 1 /dev/ttyUSB0 1
1343846056 1 /dev/ttyUSB0 1
1343846063 1 /dev/ttyUSB0 1
1343846069 1 /dev/ttyUSB0 1
1343846075 1 /dev/ttyUSB0 1
1343846081 1 /dev/ttyUSB0 1
1343846087 1 /dev/ttyUSB0 1
1343846093 1 /dev/ttyUSB0 1
1343846099 1 /dev/ttyUSB0 1
1343846105 1 /dev/ttyUSB0 1
1343846111 1 /dev/ttyUSB0 1
1343846118 1 /dev/ttyUSB0 1
1343846130 1 /dev/ttyUSB0 1
1343846136 1 /dev/ttyUSB0 1
1343846142 1 /dev/ttyUSB0 1
1343846148 1 /dev/ttyUSB0 1
1343846154 1 /dev/ttyUSB0 1
1343846160 1 /dev/ttyUSB0 1
1343846173 1 /dev/ttyUSB0 1
1343846179 1 /dev/ttyUSB0 1
1343846185 1 /dev/ttyUSB0 1
1343846191 1 /dev/ttyUSB0 1
1343846197 1 /dev/ttyUSB0 1
1343846203 1 /dev/ttyUSB0 1
1343846209 1 /dev/ttyUSB0 1
1343846215 1 /dev/ttyUSB0 1
1343846222 1 /dev/ttyUSB0 1
1343846234 1 /dev/ttyUSB0 1
1343846240 1 /dev/ttyUSB0 1
1343846246 1 /dev/ttyUSB0 1
1343846252 1 /dev/ttyUSB0 1
1343846258 1 /dev/ttyUSB0 1
1343846264 1 /dev/ttyUSB0 1
1343846271 1 /dev/ttyUSB0 1
1343846277 1 /dev/ttyUSB0 1
1343846283 1 /dev/ttyUSB0 1
1343846289 1 /dev/ttyUSB0 1
1343846295 1 /dev/ttyUSB0 1
1343846301 1 /dev/ttyUSB0 1
1343846307 1 /dev/ttyUSB0 1
1343846313 1 /dev/ttyUSB0 1
1343846319 1 /dev/ttyUSB0 1
1343846326 1 /dev/ttyUSB0 1
1343846393 1 /dev/ttyUSB0 1
1343846399 1 /dev/ttyUSB0 1
1343846405 1 /dev/ttyUSB0 1
1343846411 1 /dev/ttyUSB0 1
1343846417 1 /dev/ttyUSB0 1
1343846423 1 /dev/ttyUSB0 1
1343846564 1 /dev/ttyUSB0 1
1343846613 1 /dev/ttyUSB0 1
1343846619 1 /dev/ttyUSB0 1
1343846625 1 /dev/ttyUSB0 1
1343846631 1 /dev/ttyUSB0 1
1343846638 1 /dev/ttyUSB0 1
1343846650 1 /dev/ttyUSB0 1
1343846656 1 /dev/ttyUSB0 1
1343846662 1 /dev/ttyUSB0 1
1343846668 1 /dev/ttyUSB0 1
1343846674 1 /dev/ttyUSB0 1
1343846680 1 /dev/ttyUSB0 1
1343846717 1 /dev/ttyUSB0 1
1343846723 1 /dev/ttyUSB0 1
1343846729 1 /dev/ttyUSB0 1
1343846735 1 /dev/ttyUSB0 1
1343846742 1 /dev/ttyUSB0 1
1343846754 1 /dev/ttyUSB0 1
1343846760 1 /dev/ttyUSB0 1
1343846766 1 /dev/ttyUSB0 1
1343846778 1 /dev/ttyUSB0 1
1343846784 1 /dev/ttyUSB0 1
1343846790 1 /dev/ttyUSB0 1
1343846797 1 /dev/ttyUSB0 1
1343846803 1 /dev/ttyUSB0 1
1343846809 1 /dev/ttyUSB0 1
1343846815 1 /dev/ttyUSB0 1
1343846821 1 /dev/ttyUSB0 1
1343846827 1 /dev/ttyUSB0 1
1343846833 1 /dev/ttyUSB0 1
1343846839 1 /dev/ttyUSB0 1
1343846846 1 /dev/ttyUSB0 1
1343846858 1 /dev/ttyUSB0 1
1343846864 1 /dev/ttyUSB0 1
1343846870 1 /dev/ttyUSB0 1
1343846876 1 /dev/ttyUSB0 1
1343846882 1 /dev/ttyUSB0 1
1343846888 1 /dev/ttyUSB0 1
1343846901 1 /dev/ttyUSB0 1
1343846907 1 /dev/ttyUSB0 1
1343846913 1 /dev/ttyUSB0 1
1343846919 1 /dev/ttyUSB0 1
1343846925 1 /dev/ttyUSB0 1
1343846931 1 /dev/ttyUSB0 1
1343846937 1 /dev/ttyUSB0 1
1343846943 1 /dev/ttyUSB0 1
1343846949 1 /dev/ttyUSB0 1
1343846962 1 /dev/ttyUSB0 1
1343846968 1 /dev/ttyUSB0 1
1343846974 1 /dev/ttyUSB0 1
1343846980 1 /dev/ttyUSB0 1
1343846986 1 /dev/ttyUSB0 1
1343846992 1 /dev/ttyUSB0 1
1343846998 1 /dev/ttyUSB0 1
1343847005 1 /dev/ttyUSB0 1
1343847011 1 /dev/ttyUSB0 1
1343847017 1 /dev/ttyUSB0 1
1343847023 1 /dev/ttyUSB0 1
1343847029 1 /dev/ttyUSB0 1
1343847035 1 /dev/ttyUSB0 1
1343847041 1 /dev/ttyUSB0 1
1343847047 1 /dev/ttyUSB0 1
1343847053 1 /dev/ttyUSB0 1
1343847066 1 /dev/ttyUSB0 1
1343847115 1 /dev/ttyUSB0 1
1343847121 1 /dev/ttyUSB0 1
1343847127 1 /dev/ttyUSB0 1
1343847133 1 /dev/ttyUSB0 1
1343847139 1 /dev/ttyUSB0 1
1343847145 1 /dev/ttyUSB0 1
1343847151 1 /dev/ttyUSB0 1
1343847157 1 /dev/ttyUSB0 1
1343847170 1 /dev/ttyUSB0 1
1343847176 1 /dev/ttyUSB0 1
1343847182 1 /dev/ttyUSB0 1
1343847188 1 /dev/ttyUSB0 1
1343847194 1 /dev/ttyUSB0 1
1343847200 1 /dev/ttyUSB0 1
1343847206 1 /dev/ttyUSB0 1
1343847213 1 /dev/ttyUSB0 1
1343847219 1 /dev/ttyUSB0 1
1343847225 1 /dev/ttyUSB0 1
1343847231 1 /dev/ttyUSB0 1
1343847237 1 /dev/ttyUSB0 1
1343847243 1 /dev/ttyUSB0 1
1343847249 1 /dev/ttyUSB0 1
1343847255 1 /dev/ttyUSB0 1
1343847261 1 /dev/ttyUSB0 1
1343847274 1 /dev/ttyUSB0 1
1343847280 1 /dev/ttyUSB0 1
1343847286 1 /dev/ttyUSB0 1
1343847292 1 /dev/ttyUSB0 1
1343847298 1 /dev/ttyUSB0 1
1343847304 1 /dev/ttyUSB0 1
1343847310 1 /dev/ttyUSB0 1
1343847316 1 /dev/ttyUSB0 1
1343847323 1 /dev/ttyUSB0 1
1343847329 1 /dev/ttyUSB0 1
1343847335 1 /dev/ttyUSB0 1
1343847341 1 /dev/ttyUSB0 1
1343847347 1 /dev/ttyUSB0 1
1343847353 1 /dev/ttyUSB0 1
1343847359 1 /dev/ttyUSB0 1
1343847365 1 /dev/ttyUSB0 1
1343847378 1 /dev/ttyUSB0 1
1343847384 1 /dev/ttyUSB0 1
1343847390 1 /dev/ttyUSB0 1
1343847396 1 /dev/ttyUSB0 1
1343847402 1 /dev/ttyUSB0 1
1343847408 1 /dev/ttyUSB0 1
1343847414 1 /dev/ttyUSB0 1
1343847420 1 /dev/ttyUSB0 1
1343847427 1 /dev/ttyUSB0 1
1343847433 1 /dev/ttyUSB0 1
1343847439 1 /dev/ttyUSB0 1
1343847445 1 /dev/ttyUSB0 1
1343847451 1 /dev/ttyUSB0 1
1343847463 1 /dev/ttyUSB0 1
1343847469 1 /dev/ttyUSB0 1
1343847482 1 /dev/ttyUSB0 1
1343847488 1 /dev/ttyUSB0 1
1343847494 1 /dev/ttyUSB0 1
1343847500 1 /dev/ttyUSB0 1
1343847506 1 /dev/ttyUSB0 1
1343847512 1 /dev/ttyUSB0 1
1343847518 1 /dev/ttyUSB0 1
1343847524 1 /dev/ttyUSB0 1
1343847531 1 /dev/ttyUSB0 1
1343847537 1 /dev/ttyUSB0 1
1343847543 1 /dev/ttyUSB0 1
1343847622 1 /dev/ttyUSB0 1
1343847628 1 /dev/ttyUSB0 1
1343847635 1 /dev/ttyUSB0 1
1343847641 1 /dev/ttyUSB0 1
1343847647 1 /dev/ttyUSB0 1
1343847653 1 /dev/ttyUSB0 1
1343847665 1 /dev/ttyUSB0 1
1343847671 1 /dev/ttyUSB0 1
1343847690 1 /dev/ttyUSB0 1
1343847714 1 /dev/ttyUSB0 1
1343847720 1 /dev/ttyUSB0 1
1343847726 1 /dev/ttyUSB0 1
1343847732 1 /dev/ttyUSB0 1
1343847739 1 /dev/ttyUSB0 1
1343847745 1 /dev/ttyUSB0 1
1343847751 1 /dev/ttyUSB0 1
1343847757 1 /dev/ttyUSB0 1
1343847800 1 /dev/ttyUSB0 1
1343847830 1 /dev/ttyUSB0 1
1343847836 1 /dev/ttyUSB0 1
1343847843 1 /dev/ttyUSB0 1
1343847849 1 /dev/ttyUSB0 1
1343847855 1 /dev/ttyUSB0 1
1343847861 1 /dev/ttyUSB0 1
1343847873 1 /dev/ttyUSB0 1
1343847879 1 /dev/ttyUSB0 1
1343847885 1 /dev/ttyUSB0 1
1343847891 1 /dev/ttyUSB0 1
1343847898 1 /dev/ttyUSB0 1
1343847904 1 /dev/ttyUSB0 1
1343847910 1 /dev/ttyUSB0 1
1343847916 1 /dev/ttyUSB0 1
1343847922 1 /dev/ttyUSB0 1
1343847928 1 /dev/ttyUSB0 1
1343847934 1 /dev/ttyUSB0 1
1343847940 1 /dev/ttyUSB0 1
1343847947 1 /dev/ttyUSB0 1
1343847953 1 /dev/ttyUSB0 1
1343847959 1 /dev/ttyUSB0 1
1343847965 1 /dev/ttyUSB0 1
1343847983 1 /dev/ttyUSB0 1
1343848026 1 /dev/ttyUSB0 1
1343848032 1 /dev/ttyUSB0 1
1343848038 1 /dev/ttyUSB0 1
1343848044 1 /dev/ttyUSB0 1
1343848051 1 /dev/ttyUSB0 1
1343848057 1 /dev/ttyUSB0 1
1343848063 1 /dev/ttyUSB0 1
1343848069 1 /dev/ttyUSB0 1
1343848087 1 /dev/ttyUSB0 1
1343848093 1 /dev/ttyUSB0 1
1343848099 1 /dev/ttyUSB0 1
1343848106 1 /dev/ttyUSB0 1
1343848118 1 /dev/ttyUSB0 1
1343848124 1 /dev/ttyUSB0 1
1343848130 1 /dev/ttyUSB0 1
1343848136 1 /dev/ttyUSB0 1
1343848142 1 /dev/ttyUSB0 1
1343848148 1 /dev/ttyUSB0 1
1343848155 1 /dev/ttyUSB0 1
1343848161 1 /dev/ttyUSB0 1
1343848167 1 /dev/ttyUSB0 1
1343848173 1 /dev/ttyUSB0 1
1343848191 1 /dev/ttyUSB0 1
1343848197 1 /dev/ttyUSB0 1
1343848203 1 /dev/ttyUSB0 1
1343848210 1 /dev/ttyUSB0 1
1343848216 1 /dev/ttyUSB0 1
1343848222 1 /dev/ttyUSB0 1
1343848228 1 /dev/ttyUSB0 1
1343848234 1 /dev/ttyUSB0 1
1343848240 1 /dev/ttyUSB0 1
1343848246 1 /dev/ttyUSB0 1
1343848344 1 /dev/ttyUSB0 1
1343848350 1 /dev/ttyUSB0 1
1343848356 1 /dev/ttyUSB0 1
1343848362 1 /dev/ttyUSB0 1
1343848393 1 /dev/ttyUSB0 1
1343848399 1 /dev/ttyUSB0 1
1343848405 1 /dev/ttyUSB0 1
1343848411 1 /dev/ttyUSB0 1
1343848418 1 /dev/ttyUSB0 1
1343848424 1 /dev/ttyUSB0 1
1343848430 1 /dev/ttyUSB0 1
1343848436 1 /dev/ttyUSB0 1
1343848442 1 /dev/ttyUSB0 1
1343848454 1 /dev/ttyUSB0 1
1343848552 1 /dev/ttyUSB0 1
1343848558 1 /dev/ttyUSB0 1
1343848564 1 /dev/ttyUSB0 1
1343848570 1 /dev/ttyUSB0 1
1343848577 1 /dev/ttyUSB0 1
1343848583 1 /dev/ttyUSB0 1
1343848589 1 /dev/ttyUSB0 1
1343848601 1 /dev/ttyUSB0 1
1343848644 1 /dev/ttyUSB0 1
1343848650 1 /dev/ttyUSB0 1
1343848656 1 /dev/ttyUSB0 1
1343848662 1 /dev/ttyUSB0 1
1343848674 1 /dev/ttyUSB0 1
1343848681 1 /dev/ttyUSB0 1
1343848687 1 /dev/ttyUSB0 1
1343848693 1 /dev/ttyUSB0 1
1343848705 1 /dev/ttyUSB0 1
1343848711 1 /dev/ttyUSB0 1
1343848717 1 /dev/ttyUSB0 1
1343848723 1 /dev/ttyUSB0 1
1343848730 1 /dev/ttyUSB0 1
1343848736 1 /dev/ttyUSB0 1
1343848821 1 /dev/ttyUSB0 1
1343848827 1 /dev/ttyUSB0 1
1343848833 1 /dev/ttyUSB0 1
1343848840 1 /dev/ttyUSB0 1
1343848846 1 /dev/ttyUSB0 1
1343848852 1 /dev/ttyUSB0 1
1343848858 1 /dev/ttyUSB0 1
1343848864 1 /dev/ttyUSB0 1
1343848870 1 /dev/ttyUSB0 1
1343848876 1 /dev/ttyUSB0 1
1343848882 1 /dev/ttyUSB0 1
1343848913 1 /dev/ttyUSB0 1
1343848919 1 /dev/ttyUSB0 1
1343848925 1 /dev/ttyUSB0 1
1343848937 1 /dev/ttyUSB0 1
1343848944 1 /dev/ttyUSB0 1
1343848950 1 /dev/ttyUSB0 1
1343848956 1 /dev/ttyUSB0 1
1343848962 1 /dev/ttyUSB0 1
1343848968 1 /dev/ttyUSB0 1
1343848974 1 /dev/ttyUSB0 1
1343848980 1 /dev/ttyUSB0 1
1343848986 1 /dev/ttyUSB0 1
1343848993 1 /dev/ttyUSB0 1
1343848999 1 /dev/ttyUSB0 1
1343849005 1 /dev/ttyUSB0 1
1343849011 1 /dev/ttyUSB0 1
1343849017 1 /dev/ttyUSB0 1
1343849023 1 /dev/ttyUSB0 1
1343849029 1 /dev/ttyUSB0 1
1343849041 1 /dev/ttyUSB0 1
1343849048 1 /dev/ttyUSB0 1
1343849054 1 /dev/ttyUSB0 1
1343849060 1 /dev/ttyUSB0 1
1343849066 1 /dev/ttyUSB0 1
1343849072 1 /dev/ttyUSB0 1
1343849078 1 /dev/ttyUSB0 1
1343849084 1 /dev/ttyUSB0 1
1343849090 1 /dev/ttyUSB0 1
1343849097 1 /dev/ttyUSB0 1
1343849103 1 /dev/ttyUSB0 1
1343849133 1 /dev/ttyUSB0 1
1343849145 1 /dev/ttyUSB0 1
1343849152 1 /dev/ttyUSB0 1
1343849158 1 /dev/ttyUSB0 1
1343849164 1 /dev/ttyUSB0 1
1343849170 1 /dev/ttyUSB0 1
1343849182 1 /dev/ttyUSB0 1
1343849188 1 /dev/ttyUSB0 1
1343849194 1 /dev/ttyUSB0 1
1343849201 1 /dev/ttyUSB0 1
1343849207 1 /dev/ttyUSB0 1
1343849213 1 /dev/ttyUSB0 1
1343849219 1 /dev/ttyUSB0 1
1343849225 1 /dev/ttyUSB0 1
1343849231 1 /dev/ttyUSB0 1
1343849237 1 /dev/ttyUSB0 1
1343849249 1 /dev/ttyUSB0 1
1343849256 1 /dev/ttyUSB0 1
1343849262 1 /dev/ttyUSB0 1
1343849268 1 /dev/ttyUSB0 1
1343849280 1 /dev/ttyUSB0 1
1343849286 1 /dev/ttyUSB0 1
1343849292 1 /dev/ttyUSB0 1
1343849298 1 /dev/ttyUSB0 1
1343849305 1 /dev/ttyUSB0 1
1343849311 1 /dev/ttyUSB0 1
1343849317 1 /dev/ttyUSB0 1
1343849323 1 /dev/ttyUSB0 1
1343849329 1 /dev/ttyUSB0 1
1343849335 1 /dev/ttyUSB0 1
1343849341 1 /dev/ttyUSB0 1
1343849353 1 /dev/ttyUSB0 1
1343849360 1 /dev/ttyUSB0 1
1343849366 1 /dev/ttyUSB0 1
1343849372 1 /dev/ttyUSB0 1
1343849378 1 /dev/ttyUSB0 1
1343849384 1 /dev/ttyUSB0 1
1343849390 1 /dev/ttyUSB0 1
1343849396 1 /dev/ttyUSB0 1
1343849402 1 /dev/ttyUSB0 1
1343849409 1 /dev/ttyUSB0 1
1343849415 1 /dev/ttyUSB0 1
1343849421 1 /dev/ttyUSB0 1
1343849427 1 /dev/ttyUSB0 1
1343849433 1 /dev/ttyUSB0 1
1343849439 1 /dev/ttyUSB0 1
1343849445 1 /dev/ttyUSB0 1
1343849457 1 /dev/ttyUSB0 1
1343849464 1 /dev/ttyUSB0 1
1343849470 1 /dev/ttyUSB0 1
1343849476 1 /dev/ttyUSB0 1
1343849482 1 /dev/ttyUSB0 1
1343849488 1 /dev/ttyUSB0 1
1343849494 1 /dev/ttyUSB0 1
1343849500 1 /dev/ttyUSB0 1
1343849512 1 /dev/ttyUSB0 1
1343849519 1 /dev/ttyUSB0 1
1343849525 1 /dev/ttyUSB0 1
1343849531 1 /dev/ttyUSB0 1
1343849537 1 /dev/ttyUSB0 1
1343849543 1 /dev/ttyUSB0 1
1343849549 1 /dev/ttyUSB0 1
1343849568 1 /dev/ttyUSB0 1
1343849574 1 /dev/ttyUSB0 1
1343849580 1 /dev/ttyUSB0 1
1343849586 1 /dev/ttyUSB0 1
1343849592 1 /dev/ttyUSB0 1
1343849598 1 /dev/ttyUSB0 1
1343849604 1 /dev/ttyUSB0 1
1343849610 1 /dev/ttyUSB0 1
1343849616 1 /dev/ttyUSB0 1
1343849623 1 /dev/ttyUSB0 1
1343849629 1 /dev/ttyUSB0 1
1343849635 1 /dev/ttyUSB0 1
1343849641 1 /dev/ttyUSB0 1
1343849647 1 /dev/ttyUSB0 1
1343849672 1 /dev/ttyUSB0 1
1343849678 1 /dev/ttyUSB0 1
1343849684 1 /dev/ttyUSB0 1
1343849690 1 /dev/ttyUSB0 1
1343849696 1 /dev/ttyUSB0 1
1343849702 1 /dev/ttyUSB0 1
1343849708 1 /dev/ttyUSB0 1
1343849714 1 /dev/ttyUSB0 1
1343849720 1 /dev/ttyUSB0 1
1343849727 1 /dev/ttyUSB0 1
1343850069 1 /dev/ttyUSB0 1
1343850075 1 /dev/ttyUSB0 1
1343850081 1 /dev/ttyUSB0 1
1343850088 1 /dev/ttyUSB0 1
1343850094 1 /dev/ttyUSB0 1
1343850106 1 /dev/ttyUSB0 1
1343850112 1 /dev/ttyUSB0 1
1343850118 1 /dev/ttyUSB0 1
1343850124 1 /dev/ttyUSB0 1
1343850130 1 /dev/ttyUSB0 1
1343850136 1 /dev/ttyUSB0 1
1343850143 1 /dev/ttyUSB0 1
1343850149 1 /dev/ttyUSB0 1
1343850155 1 /dev/ttyUSB0 1
1343850161 1 /dev/ttyUSB0 1
1343850167 1 /dev/ttyUSB0 1
1343850173 1 /dev/ttyUSB0 1
1343850179 1 /dev/ttyUSB0 1
1343850185 1 /dev/ttyUSB0 1
1343850192 1 /dev/ttyUSB0 1
1343850198 1 /dev/ttyUSB0 1
1343850210 1 /dev/ttyUSB0 1
1343850216 1 /dev/ttyUSB0 1
1343850234 1 /dev/ttyUSB0 1
1343850240 1 /dev/ttyUSB0 1
1343850247 1 /dev/ttyUSB0 1
1343850253 1 /dev/ttyUSB0 1
1343850259 1 /dev/ttyUSB0 1
1343850265 1 /dev/ttyUSB0 1
1343850271 1 /dev/ttyUSB0 1
1343850277 1 /dev/ttyUSB0 1
1343850283 1 /dev/ttyUSB0 1
1343850289 1 /dev/ttyUSB0 1
1343850296 1 /dev/ttyUSB0 1
1343850302 1 /dev/ttyUSB0 1
1343850314 1 /dev/ttyUSB0 1
1343850320 1 /dev/ttyUSB0 1
1343850326 1 /dev/ttyUSB0 1
1343850332 1 /dev/ttyUSB0 1
1343850338 1 /dev/ttyUSB0 1
1343850344 1 /dev/ttyUSB0 1
1343850351 1 /dev/ttyUSB0 1
1343850357 1 /dev/ttyUSB0 1
1343850363 1 /dev/ttyUSB0 1
1343850369 1 /dev/ttyUSB0 1
1343850375 1 /dev/ttyUSB0 1
1343850381 1 /dev/ttyUSB0 1
1343850387 1 /dev/ttyUSB0 1
1343850393 1 /dev/ttyUSB0 1
1343850399 1 /dev/ttyUSB0 1
1343850406 1 /dev/ttyUSB0 1
1343850418 1 /dev/ttyUSB0 1
1343850424 1 /dev/ttyUSB0 1
1343850430 1 /dev/ttyUSB0 1
1343850436 1 /dev/ttyUSB0 1
1343850442 1 /dev/ttyUSB0 1
1343850448 1 /dev/ttyUSB0 1
1343850455 1 /dev/ttyUSB0 1
1343850461 1 /dev/ttyUSB0 1
1343850467 1 /dev/ttyUSB0 1
1343850473 1 /dev/ttyUSB0 1
1343850479 1 /dev/ttyUSB0 1
1343850485 1 /dev/ttyUSB0 1
1343850491 1 /dev/ttyUSB0 1
1343850497 1 /dev/ttyUSB0 1
1343850503 1 /dev/ttyUSB0 1
1343850510 1 /dev/ttyUSB0 1
1343850516 1 /dev/ttyUSB0 1
1343850534 1 /dev/ttyUSB0 1
1343850546 1 /dev/ttyUSB0 1
1343850552 1 /dev/ttyUSB0 1
1343850559 1 /dev/ttyUSB0 1
1343850565 1 /dev/ttyUSB0 1
1343850571 1 /dev/ttyUSB0 1
1343850577 1 /dev/ttyUSB0 1
1343850583 1 /dev/ttyUSB0 1
1343850589 1 /dev/ttyUSB0 1
1343850595 1 /dev/ttyUSB0 1
1343850601 1 /dev/ttyUSB0 1
1343850607 1 /dev/ttyUSB0 1
1343850614 1 /dev/ttyUSB0 1
1343850620 1 /dev/ttyUSB0 1
1343850626 1 /dev/ttyUSB0 1
1343850632 1 /dev/ttyUSB0 1
1343850638 1 /dev/ttyUSB0 1
1343850650 1 /dev/ttyUSB0 1
1343850656 1 /dev/ttyUSB0 1
1343850699 1 /dev/ttyUSB0 1
1343850705 1 /dev/ttyUSB0 1
1343850711 1 /dev/ttyUSB0 1
1343850718 1 /dev/ttyUSB0 1
1343850724 1 /dev/ttyUSB0 1
1343850730 1 /dev/ttyUSB0 1
1343850736 1 /dev/ttyUSB0 1
1343850742 1 /dev/ttyUSB0 1
1343850754 1 /dev/ttyUSB0 1
1343850760 1 /dev/ttyUSB0 1
1343850767 1 /dev/ttyUSB0 1
1343850773 1 /dev/ttyUSB0 1
1343850779 1 /dev/ttyUSB0 1
1343850785 1 /dev/ttyUSB0 1
1343850791 1 /dev/ttyUSB0 1
1343850797 1 /dev/ttyUSB0 1
1343850803 1 /dev/ttyUSB0 1
1343850809 1 /dev/ttyUSB0 1
1343850815 1 /dev/ttyUSB0 1
1343850822 1 /dev/ttyUSB0 1
1343850828 1 /dev/ttyUSB0 1
1343850834 1 /dev/ttyUSB0 1
1343850840 1 /dev/ttyUSB0 1
1343850846 1 /dev/ttyUSB0 1
1343850864 1 /dev/ttyUSB0 1
1343850871 1 /dev/ttyUSB0 1
1343850877 1 /dev/ttyUSB0 1
1343850889 1 /dev/ttyUSB0 1
1343850895 1 /dev/ttyUSB0 1
1343850901 1 /dev/ttyUSB0 1
1343850907 1 /dev/ttyUSB0 1
1343850913 1 /dev/ttyUSB0 1
1343850919 1 /dev/ttyUSB0 1
1343850926 1 /dev/ttyUSB0 1
1343850932 1 /dev/ttyUSB0 1
1343850938 1 /dev/ttyUSB0 1
1343850944 1 /dev/ttyUSB0 1
1343850950 1 /dev/ttyUSB0 1
1343850956 1 /dev/ttyUSB0 1
1343850962 1 /dev/ttyUSB0 1
1343850975 1 /dev/ttyUSB0 1
1343850987 1 /dev/ttyUSB0 1
1343850993 1 /dev/ttyUSB0 1
1343850999 1 /dev/ttyUSB0 1
1343851005 1 /dev/ttyUSB0 1
1343851011 1 /dev/ttyUSB0 1
1343851017 1 /dev/ttyUSB0 1
1343851023 1 /dev/ttyUSB0 1
1343851030 1 /dev/ttyUSB0 1
1343851036 1 /dev/ttyUSB0 1
1343851042 1 /dev/ttyUSB0 1
1343851048 1 /dev/ttyUSB0 1
1343851054 1 /dev/ttyUSB0 1
1343851060 1 /dev/ttyUSB0 1
1343851066 1 /dev/ttyUSB0 1
1343851072 1 /dev/ttyUSB0 1
1343851079 1 /dev/ttyUSB0 1
1343851097 1 /dev/ttyUSB0 1
1343851103 1 /dev/ttyUSB0 1
1343851109 1 /dev/ttyUSB0 1
1343851115 1 /dev/ttyUSB0 1
1343851121 1 /dev/ttyUSB0 1
1343851127 1 /dev/ttyUSB0 1
1343851134 1 /dev/ttyUSB0 1
1343851140 1 /dev/ttyUSB0 1
1343851146 1 /dev/ttyUSB0 1
1343851152 1 /dev/ttyUSB0 1
1343851158 1 /dev/ttyUSB0 1
1343851170 1 /dev/ttyUSB0 1
1343851176 1 /dev/ttyUSB0 1
1343851183 1 /dev/ttyUSB0 1
1343851195 1 /dev/ttyUSB0 1
1343851201 1 /dev/ttyUSB0 1
1343851207 1 /dev/ttyUSB0 1
1343851213 1 /dev/ttyUSB0 1
1343851219 1 /dev/ttyUSB0 1
1343851225 1 /dev/ttyUSB0 1
1343851231 1 /dev/ttyUSB0 1
1343851238 1 /dev/ttyUSB0 1
1343851250 1 /dev/ttyUSB0 1
1343851256 1 /dev/ttyUSB0 1
1343851262 1 /dev/ttyUSB0 1
1343851268 1 /dev/ttyUSB0 1
1343851274 1 /dev/ttyUSB0 1
1343851280 1 /dev/ttyUSB0 1
1343851287 1 /dev/ttyUSB0 1
1343851293 1 /dev/ttyUSB0 1
1343851299 1 /dev/ttyUSB0 1
1343851305 1 /dev/ttyUSB0 1
1343851311 1 /dev/ttyUSB0 1
1343851323 1 /dev/ttyUSB0 1
1343851329 1 /dev/ttyUSB0 1
1343851335 1 /dev/ttyUSB0 1
1343851342 1 /dev/ttyUSB0 1
1343851348 1 /dev/ttyUSB0 1
1343851354 1 /dev/ttyUSB0 1
1343851360 1 /dev/ttyUSB0 1
1343851366 1 /dev/ttyUSB0 1
1343851372 1 /dev/ttyUSB0 1
1343851378 1 /dev/ttyUSB0 1
1343851384 1 /dev/ttyUSB0 1
1343851391 1 /dev/ttyUSB0 1
1343851397 1 /dev/ttyUSB0 1
1343851403 1 /dev/ttyUSB0 1
1343851409 1 /dev/ttyUSB0 1
1343851415 1 /dev/ttyUSB0 1
1343851427 1 /dev/ttyUSB0 1
1343851433 1 /dev/ttyUSB0 1
1343851439 1 /dev/ttyUSB0 1
1343851446 1 /dev/ttyUSB0 1
1343851452 1 /dev/ttyUSB0 1
1343851580 1 /dev/ttyUSB0 1
1343851586 1 /dev/ttyUSB0 1
1343851592 1 /dev/ttyUSB0 1
1343851598 1 /dev/ttyUSB0 1
1343851605 1 /dev/ttyUSB0 1
1343851611 1 /dev/ttyUSB0 1
1343851617 1 /dev/ttyUSB0 1
1343851623 1 /dev/ttyUSB0 1
1343851635 1 /dev/ttyUSB0 1
1343851641 1 /dev/ttyUSB0 1
1343851647 1 /dev/ttyUSB0 1
1343851654 1 /dev/ttyUSB0 1
1343851660 1 /dev/ttyUSB0 1
1343851666 1 /dev/ttyUSB0 1
1343851672 1 /dev/ttyUSB0 1
1343851678 1 /dev/ttyUSB0 1
1343851684 1 /dev/ttyUSB0 1
1343851690 1 /dev/ttyUSB0 1
1343851696 1 /dev/ttyUSB0 1
1343851702 1 /dev/ttyUSB0 1
