1343836220 79 /dev/ttyUSB1 3
1343836226 79 /dev/ttyUSB1 3
1343836232 79 /dev/ttyUSB1 3
1343836245 78 /dev/ttyUSB1 3
1343836251 79 /dev/ttyUSB1 3
1343836257 78 /dev/ttyUSB1 3
1343836269 79 /dev/ttyUSB1 3
1343836275 79 /dev/ttyUSB1 3
1343836287 79 /dev/ttyUSB1 3
1343836294 79 /dev/ttyUSB1 3
1343836300 78 /dev/ttyUSB1 3
1343836312 79 /dev/ttyUSB1 3
1343836318 79 /dev/ttyUSB1 3
1343836324 79 /dev/ttyUSB1 3
1343836330 79 /dev/ttyUSB1 3
1343836336 79 /dev/ttyUSB1 3
1343836422 79 /dev/ttyUSB1 3
1343836428 79 /dev/ttyUSB1 3
1343836434 79 /dev/ttyUSB1 3
1343836441 79 /dev/ttyUSB1 3
1343836447 79 /dev/ttyUSB1 3
1343836453 78 /dev/ttyUSB1 3
1343836459 78 /dev/ttyUSB1 3
1343836465 79 /dev/ttyUSB1 3
1343836471 79 /dev/ttyUSB1 3
1343836477 79 /dev/ttyUSB1 3
1343836483 79 /dev/ttyUSB1 3
1343836490 79 /dev/ttyUSB1 3
1343836496 79 /dev/ttyUSB1 3
1343836502 79 /dev/ttyUSB1 3
1343836508 79 /dev/ttyUSB1 3
1343836514 79 /dev/ttyUSB1 3
1343836520 79 /dev/ttyUSB1 3
1343836526 79 /dev/ttyUSB1 3
1343836532 79 /dev/ttyUSB1 3
1343836539 78 /dev/ttyUSB1 3
1343836545 79 /dev/ttyUSB1 3
1343836551 79 /dev/ttyUSB1 3
1343836557 79 /dev/ttyUSB1 3
1343836563 79 /dev/ttyUSB1 3
1343836569 79 /dev/ttyUSB1 3
1343836575 79 /dev/ttyUSB1 3
1343836581 79 /dev/ttyUSB1 3
1343836588 79 /dev/ttyUSB1 3
1343836594 79 /dev/ttyUSB1 3
1343836600 79 /dev/ttyUSB1 3
1343836606 79 /dev/ttyUSB1 3
1343836618 79 /dev/ttyUSB1 3
1343836624 79 /dev/ttyUSB1 3
1343836630 79 /dev/ttyUSB1 3
1343836643 78 /dev/ttyUSB1 3
1343836649 79 /dev/ttyUSB1 3
1343836655 79 /dev/ttyUSB1 3
1343836668 77 /dev/ttyUSB1 3
1343836673 77 /dev/ttyUSB1 3
1343836679 77 /dev/ttyUSB1 3
1343836692 79 /dev/ttyUSB1 3
1343836698 78 /dev/ttyUSB1 3
1343836704 78 /dev/ttyUSB1 3
1343836716 78 /dev/ttyUSB1 3
1343836722 78 /dev/ttyUSB1 3
1343836728 78 /dev/ttyUSB1 3
1343836734 79 /dev/ttyUSB1 3
1343836741 79 /dev/ttyUSB1 3
1343836759 79 /dev/ttyUSB1 3
1343836765 78 /dev/ttyUSB1 3
1343836771 79 /dev/ttyUSB1 3
1343836777 79 /dev/ttyUSB1 3
1343836783 79 /dev/ttyUSB1 3
1343836790 79 /dev/ttyUSB1 3
1343836796 79 /dev/ttyUSB1 3
1343836802 79 /dev/ttyUSB1 3
1343836836 77 /dev/ttyUSB1 3
1343836839 77 /dev/ttyUSB1 3
1343836845 77 /dev/ttyUSB1 3
1343836851 77 /dev/ttyUSB1 3
1343836857 76 /dev/ttyUSB1 3
1343836863 77 /dev/ttyUSB1 3
1343836869 79 /dev/ttyUSB1 3
1343836888 79 /dev/ttyUSB1 3
1343836894 79 /dev/ttyUSB1 3
1343836900 79 /dev/ttyUSB1 3
1343836906 79 /dev/ttyUSB1 3
1343836912 78 /dev/ttyUSB1 3
1343836924 79 /dev/ttyUSB1 3
1343836930 79 /dev/ttyUSB1 3
1343836943 78 /dev/ttyUSB1 3
1343836961 78 /dev/ttyUSB1 3
1343836967 79 /dev/ttyUSB1 3
1343836973 79 /dev/ttyUSB1 3
1343836979 78 /dev/ttyUSB1 3
1343836985 79 /dev/ttyUSB1 3
1343836992 79 /dev/ttyUSB1 3
1343836998 79 /dev/ttyUSB1 3
1343837004 79 /dev/ttyUSB1 3
1343837010 79 /dev/ttyUSB1 3
1343837016 79 /dev/ttyUSB1 3
1343837022 79 /dev/ttyUSB1 3
1343837090 79 /dev/ttyUSB1 3
1343837096 79 /dev/ttyUSB1 3
1343837102 79 /dev/ttyUSB1 3
1343837114 79 /dev/ttyUSB1 3
1343837120 79 /dev/ttyUSB1 3
1343837126 79 /dev/ttyUSB1 3
1343837139 79 /dev/ttyUSB1 3
1343837145 79 /dev/ttyUSB1 3
1343837151 79 /dev/ttyUSB1 3
1343837157 79 /dev/ttyUSB1 3
1343837175 79 /dev/ttyUSB1 3
1343837181 79 /dev/ttyUSB1 3
1343837188 79 /dev/ttyUSB1 3
1343837194 78 /dev/ttyUSB1 3
1343837200 79 /dev/ttyUSB1 3
1343837206 80 /dev/ttyUSB1 3
1343837212 79 /dev/ttyUSB1 3
1343837218 79 /dev/ttyUSB1 3
1343837224 79 /dev/ttyUSB1 3
1343837230 79 /dev/ttyUSB1 3
1343837236 79 /dev/ttyUSB1 3
1343837243 78 /dev/ttyUSB1 3
1343837249 79 /dev/ttyUSB1 3
1343837255 79 /dev/ttyUSB1 3
1343837261 79 /dev/ttyUSB1 3
1343837267 79 /dev/ttyUSB1 3
1343837273 79 /dev/ttyUSB1 3
1343837279 79 /dev/ttyUSB1 3
1343837285 79 /dev/ttyUSB1 3
1343837292 79 /dev/ttyUSB1 3
1343837298 79 /dev/ttyUSB1 3
1343837304 79 /dev/ttyUSB1 3
1343837316 79 /dev/ttyUSB1 3
1343837322 79 /dev/ttyUSB1 3
1343837328 79 /dev/ttyUSB1 3
1343837334 79 /dev/ttyUSB1 3
1343837347 78 /dev/ttyUSB1 3
1343837353 79 /dev/ttyUSB1 3
1343837359 78 /dev/ttyUSB1 3
1343837365 79 /dev/ttyUSB1 3
1343837371 78 /dev/ttyUSB1 3
1343837377 79 /dev/ttyUSB1 3
1343837383 78 /dev/ttyUSB1 3
1343837390 78 /dev/ttyUSB1 3
1343837396 79 /dev/ttyUSB1 3
1343837402 79 /dev/ttyUSB1 3
1343837408 79 /dev/ttyUSB1 3
1343837414 79 /dev/ttyUSB1 3
1343837420 79 /dev/ttyUSB1 3
1343837426 79 /dev/ttyUSB1 3
1343837432 79 /dev/ttyUSB1 3
1343837439 79 /dev/ttyUSB1 3
1343837445 79 /dev/ttyUSB1 3
1343837451 79 /dev/ttyUSB1 3
1343837457 79 /dev/ttyUSB1 3
1343837463 79 /dev/ttyUSB1 3
1343837469 79 /dev/ttyUSB1 3
1343837475 79 /dev/ttyUSB1 3
1343837488 79 /dev/ttyUSB1 3
1343837494 79 /dev/ttyUSB1 3
1343837500 79 /dev/ttyUSB1 3
1343837512 78 /dev/ttyUSB1 3
1343837518 79 /dev/ttyUSB1 3
1343837524 78 /dev/ttyUSB1 3
1343837536 79 /dev/ttyUSB1 3
1343837543 79 /dev/ttyUSB1 3
1343837549 78 /dev/ttyUSB1 3
1343837555 79 /dev/ttyUSB1 3
1343837561 78 /dev/ttyUSB1 3
1343837567 79 /dev/ttyUSB1 3
1343837573 79 /dev/ttyUSB1 3
1343837585 79 /dev/ttyUSB1 3
1343837592 79 /dev/ttyUSB1 3
1343837598 79 /dev/ttyUSB1 3
1343837604 79 /dev/ttyUSB1 3
1343837610 79 /dev/ttyUSB1 3
1343837616 79 /dev/ttyUSB1 3
1343837622 79 /dev/ttyUSB1 3
1343837628 79 /dev/ttyUSB1 3
1343837634 79 /dev/ttyUSB1 3
1343837641 77 /dev/ttyUSB1 3
1343837653 76 /dev/ttyUSB1 3
1343837659 77 /dev/ttyUSB1 3
1343837665 77 /dev/ttyUSB1 3
1343837671 77 /dev/ttyUSB1 3
1343837677 77 /dev/ttyUSB1 3
1343837683 77 /dev/ttyUSB1 3
1343837690 77 /dev/ttyUSB1 3
1343837696 77 /dev/ttyUSB1 3
1343837702 77 /dev/ttyUSB1 3
1343837708 77 /dev/ttyUSB1 3
1343837714 76 /dev/ttyUSB1 3
1343837720 77 /dev/ttyUSB1 3
1343837726 76 /dev/ttyUSB1 3
1343838173 77 /dev/ttyUSB1 3
1343838179 77 /dev/ttyUSB1 3
1343838185 76 /dev/ttyUSB1 3
1343838192 77 /dev/ttyUSB1 3
1343838198 77 /dev/ttyUSB1 3
1343838204 76 /dev/ttyUSB1 3
1343838210 76 /dev/ttyUSB1 3
1343838216 76 /dev/ttyUSB1 3
1343838222 76 /dev/ttyUSB1 3
1343838228 77 /dev/ttyUSB1 3
1343838253 77 /dev/ttyUSB1 3
1343838259 77 /dev/ttyUSB1 3
1343838265 77 /dev/ttyUSB1 3
1343838271 76 /dev/ttyUSB1 3
1343838277 76 /dev/ttyUSB1 3
1343838283 76 /dev/ttyUSB1 3
1343838290 76 /dev/ttyUSB1 3
1343838296 77 /dev/ttyUSB1 3
1343838302 77 /dev/ttyUSB1 3
1343838308 78 /dev/ttyUSB1 3
1343838314 78 /dev/ttyUSB1 3
1343838320 77 /dev/ttyUSB1 3
1343838444 77 /dev/ttyUSB1 3
1343838445 77 /dev/ttyUSB1 3
1343838449 79 /dev/ttyUSB1 3
1343838455 77 /dev/ttyUSB1 3
1343838461 77 /dev/ttyUSB1 3
1343838467 77 /dev/ttyUSB1 3
1343838473 76 /dev/ttyUSB1 3
1343838479 77 /dev/ttyUSB1 3
1343838486 77 /dev/ttyUSB1 3
1343838492 77 /dev/ttyUSB1 3
1343838498 76 /dev/ttyUSB1 3
1343838504 77 /dev/ttyUSB1 3
1343838510 76 /dev/ttyUSB1 3
1343838516 77 /dev/ttyUSB1 3
1343838522 76 /dev/ttyUSB1 3
1343838975 77 /dev/ttyUSB1 3
1343838988 77 /dev/ttyUSB1 3
1343838994 77 /dev/ttyUSB1 3
1343839000 77 /dev/ttyUSB1 3
1343839006 77 /dev/ttyUSB1 3
1343839012 77 /dev/ttyUSB1 3
1343839030 76 /dev/ttyUSB1 3
1343839037 77 /dev/ttyUSB1 3
1343839043 77 /dev/ttyUSB1 3
1343839049 77 /dev/ttyUSB1 3
1343839055 77 /dev/ttyUSB1 3
1343839061 77 /dev/ttyUSB1 3
1343839067 79 /dev/ttyUSB1 3
1343839073 79 /dev/ttyUSB1 3
1343839079 78 /dev/ttyUSB1 3
1343839086 79 /dev/ttyUSB1 3
1343839092 78 /dev/ttyUSB1 3
1343839098 79 /dev/ttyUSB1 3
1343839110 79 /dev/ttyUSB1 3
1343839116 79 /dev/ttyUSB1 3
1343839122 79 /dev/ttyUSB1 3
1343839128 79 /dev/ttyUSB1 3
1343839306 77 /dev/ttyUSB1 3
1343839312 77 /dev/ttyUSB1 3
1343839318 77 /dev/ttyUSB1 3
1343839324 77 /dev/ttyUSB1 3
1343839330 77 /dev/ttyUSB1 3
1343839435 76 /dev/ttyUSB1 3
1343839441 76 /dev/ttyUSB1 3
1343839447 77 /dev/ttyUSB1 3
1343839453 76 /dev/ttyUSB1 3
1343839459 77 /dev/ttyUSB1 3
1343839465 77 /dev/ttyUSB1 3
1343839471 77 /dev/ttyUSB1 3
1343839477 76 /dev/ttyUSB1 3
1343839483 77 /dev/ttyUSB1 3
1343839490 77 /dev/ttyUSB1 3
1343839496 76 /dev/ttyUSB1 3
1343839508 77 /dev/ttyUSB1 3
1343839514 77 /dev/ttyUSB1 3
1343839520 79 /dev/ttyUSB1 3
1343839526 79 /dev/ttyUSB1 3
1343839532 79 /dev/ttyUSB1 3
1343839539 78 /dev/ttyUSB1 3
1343839545 79 /dev/ttyUSB1 3
1343839551 79 /dev/ttyUSB1 3
1343839557 79 /dev/ttyUSB1 3
1343839569 77 /dev/ttyUSB1 3
1343839649 77 /dev/ttyUSB1 3
1343839655 76 /dev/ttyUSB1 3
1343839661 76 /dev/ttyUSB1 3
1343839673 77 /dev/ttyUSB1 3
1343839679 77 /dev/ttyUSB1 3
1343839686 77 /dev/ttyUSB1 3
1343839698 76 /dev/ttyUSB1 3
1343839704 76 /dev/ttyUSB1 3
1343839802 77 /dev/ttyUSB1 3
1343839808 76 /dev/ttyUSB1 3
1343839814 76 /dev/ttyUSB1 3
1343839820 76 /dev/ttyUSB1 3
1343839826 76 /dev/ttyUSB1 3
1343839832 77 /dev/ttyUSB1 3
1343840494 77 /dev/ttyUSB1 3
1343840500 76 /dev/ttyUSB1 3
1343840506 76 /dev/ttyUSB1 3
1343840518 76 /dev/ttyUSB1 3
1343840524 76 /dev/ttyUSB1 3
1343840530 76 /dev/ttyUSB1 3
1343840543 76 /dev/ttyUSB1 3
1343840549 76 /dev/ttyUSB1 3
1343840555 76 /dev/ttyUSB1 3
1343840567 79 /dev/ttyUSB1 3
1343840573 78 /dev/ttyUSB1 3
1343840579 78 /dev/ttyUSB1 3
1343840592 78 /dev/ttyUSB1 3
1343840598 79 /dev/ttyUSB1 3
1343840604 78 /dev/ttyUSB1 3
1343840616 76 /dev/ttyUSB1 3
1343840781 76 /dev/ttyUSB1 3
1343840788 76 /dev/ttyUSB1 3
1343840794 76 /dev/ttyUSB1 3
1343840800 76 /dev/ttyUSB1 3
1343840935 76 /dev/ttyUSB1 3
1343840941 76 /dev/ttyUSB1 3
1343840947 76 /dev/ttyUSB1 3
1343840953 76 /dev/ttyUSB1 3
1343840959 76 /dev/ttyUSB1 3
1343840965 76 /dev/ttyUSB1 3
1343840971 76 /dev/ttyUSB1 3
1343840977 76 /dev/ttyUSB1 3
1343840990 76 /dev/ttyUSB1 3
1343840996 76 /dev/ttyUSB1 3
1343841002 76 /dev/ttyUSB1 3
1343841014 76 /dev/ttyUSB1 3
1343841026 76 /dev/ttyUSB1 3
1343841039 76 /dev/ttyUSB1 3
1343841045 76 /dev/ttyUSB1 3
1343841051 76 /dev/ttyUSB1 3
1343841063 76 /dev/ttyUSB1 3
1343841069 76 /dev/ttyUSB1 3
1343841075 76 /dev/ttyUSB1 3
1343841088 77 /dev/ttyUSB1 3
1343841094 76 /dev/ttyUSB1 3
1343841100 76 /dev/ttyUSB1 3
1343841106 76 /dev/ttyUSB1 3
1343841112 76 /dev/ttyUSB1 3
1343841118 76 /dev/ttyUSB1 3
1343841124 76 /dev/ttyUSB1 3
1343841130 76 /dev/ttyUSB1 3
1343841137 77 /dev/ttyUSB1 3
1343841143 76 /dev/ttyUSB1 3
1343841149 76 /dev/ttyUSB1 3
1343841155 76 /dev/ttyUSB1 3
1343841161 76 /dev/ttyUSB1 3
1343841167 76 /dev/ttyUSB1 3
1343841173 76 /dev/ttyUSB1 3
1343841179 76 /dev/ttyUSB1 3
1343841186 76 /dev/ttyUSB1 3
1343841192 76 /dev/ttyUSB1 3
1343841198 76 /dev/ttyUSB1 3
1343841204 76 /dev/ttyUSB1 3
1343841210 76 /dev/ttyUSB1 3
1343841216 76 /dev/ttyUSB1 3
1343841222 76 /dev/ttyUSB1 3
1343841228 76 /dev/ttyUSB1 3
1343841235 76 /dev/ttyUSB1 3
1343841241 76 /dev/ttyUSB1 3
1343841247 75 /dev/ttyUSB1 3
1343841253 76 /dev/ttyUSB1 3
1343841259 76 /dev/ttyUSB1 3
1343841265 75 /dev/ttyUSB1 3
1343841271 23 /dev/ttyUSB1 3
1343841277 23 /dev/ttyUSB1 3
1343841284 0 /dev/ttyUSB1 3
1343841290 0 /dev/ttyUSB1 3
1343841296 0 /dev/ttyUSB1 3
1343841302 0 /dev/ttyUSB1 3
1343841308 0 /dev/ttyUSB1 3
1343841314 0 /dev/ttyUSB1 3
1343841320 0 /dev/ttyUSB1 3
1343841326 0 /dev/ttyUSB1 3
1343841333 0 /dev/ttyUSB1 3
1343841339 0 /dev/ttyUSB1 3
1343841345 0 /dev/ttyUSB1 3
1343841351 0 /dev/ttyUSB1 3
1343841357 0 /dev/ttyUSB1 3
1343841363 0 /dev/ttyUSB1 3
1343841369 0 /dev/ttyUSB1 3
1343841375 0 /dev/ttyUSB1 3
1343841382 0 /dev/ttyUSB1 3
1343841388 0 /dev/ttyUSB1 3
1343841394 0 /dev/ttyUSB1 3
1343841400 0 /dev/ttyUSB1 3
1343841406 0 /dev/ttyUSB1 3
1343841412 0 /dev/ttyUSB1 3
1343841418 0 /dev/ttyUSB1 3
1343841424 0 /dev/ttyUSB1 3
1343841431 0 /dev/ttyUSB1 3
1343841437 0 /dev/ttyUSB1 3
1343841443 0 /dev/ttyUSB1 3
1343841449 0 /dev/ttyUSB1 3
1343841455 0 /dev/ttyUSB1 3
1343841461 0 /dev/ttyUSB1 3
1343841473 0 /dev/ttyUSB1 3
1343841479 0 /dev/ttyUSB1 3
1343841486 0 /dev/ttyUSB1 3
1343841492 0 /dev/ttyUSB1 3
1343841498 0 /dev/ttyUSB1 3
1343841510 0 /dev/ttyUSB1 3
1343841516 0 /dev/ttyUSB1 3
1343841522 0 /dev/ttyUSB1 3
1343841535 0 /dev/ttyUSB1 3
1343841541 0 /dev/ttyUSB1 3
1343841547 0 /dev/ttyUSB1 3
1343841565 0 /dev/ttyUSB1 3
1343841571 0 /dev/ttyUSB1 3
1343841584 0 /dev/ttyUSB1 3
1343841590 0 /dev/ttyUSB1 3
1343841596 0 /dev/ttyUSB1 3
1343841608 0 /dev/ttyUSB1 3
1343841614 0 /dev/ttyUSB1 3
1343841620 0 /dev/ttyUSB1 3
1343841626 0 /dev/ttyUSB1 3
1343841633 0 /dev/ttyUSB1 3
1343841639 0 /dev/ttyUSB1 3
1343841645 0 /dev/ttyUSB1 3
1343841651 0 /dev/ttyUSB1 3
1343841657 0 /dev/ttyUSB1 3
1343841663 0 /dev/ttyUSB1 3
1343841675 0 /dev/ttyUSB1 3
1343841682 0 /dev/ttyUSB1 3
1343841688 0 /dev/ttyUSB1 3
1343841694 0 /dev/ttyUSB1 3
1343841706 0 /dev/ttyUSB1 3
1343841712 0 /dev/ttyUSB1 3
1343841718 0 /dev/ttyUSB1 3
1343841724 0 /dev/ttyUSB1 3
1343841731 0 /dev/ttyUSB1 3
1343841737 0 /dev/ttyUSB1 3
1343841743 0 /dev/ttyUSB1 3
1343841749 0 /dev/ttyUSB1 3
1343841755 0 /dev/ttyUSB1 3
1343841761 0 /dev/ttyUSB1 3
1343841767 0 /dev/ttyUSB1 3
1343841773 0 /dev/ttyUSB1 3
1343841780 0 /dev/ttyUSB1 3
1343841786 0 /dev/ttyUSB1 3
1343841792 0 /dev/ttyUSB1 3
1343841798 0 /dev/ttyUSB1 3
1343841804 0 /dev/ttyUSB1 3
1343841810 0 /dev/ttyUSB1 3
1343841816 0 /dev/ttyUSB1 3
1343841822 0 /dev/ttyUSB1 3
1343841829 0 /dev/ttyUSB1 3
1343841835 0 /dev/ttyUSB1 3
1343841841 0 /dev/ttyUSB1 3
1343841847 0 /dev/ttyUSB1 3
1343841853 0 /dev/ttyUSB1 3
1343841859 0 /dev/ttyUSB1 3
1343841865 0 /dev/ttyUSB1 3
1343841871 0 /dev/ttyUSB1 3
1343841877 0 /dev/ttyUSB1 3
1343841884 0 /dev/ttyUSB1 3
1343841890 0 /dev/ttyUSB1 3
1343841896 0 /dev/ttyUSB1 3
1343841902 0 /dev/ttyUSB1 3
1343841908 0 /dev/ttyUSB1 3
1343841914 0 /dev/ttyUSB1 3
1343841920 0 /dev/ttyUSB1 3
1343841926 0 /dev/ttyUSB1 3
1343841933 0 /dev/ttyUSB1 3
1343841939 0 /dev/ttyUSB1 3
1343841945 0 /dev/ttyUSB1 3
1343841951 0 /dev/ttyUSB1 3
1343841969 0 /dev/ttyUSB1 3
1343841975 0 /dev/ttyUSB1 3
1343841988 0 /dev/ttyUSB1 3
1343841994 0 /dev/ttyUSB1 3
1343842000 0 /dev/ttyUSB1 3
1343842006 0 /dev/ttyUSB1 3
1343842012 0 /dev/ttyUSB1 3
1343842024 0 /dev/ttyUSB1 3
1343842031 0 /dev/ttyUSB1 3
1343842037 0 /dev/ttyUSB1 3
1343842043 0 /dev/ttyUSB1 3
1343842055 0 /dev/ttyUSB1 3
1343842061 0 /dev/ttyUSB1 3
1343842067 0 /dev/ttyUSB1 3
1343842080 0 /dev/ttyUSB1 3
1343842086 0 /dev/ttyUSB1 3
1343842092 0 /dev/ttyUSB1 3
1343842104 0 /dev/ttyUSB1 3
1343842110 0 /dev/ttyUSB1 3
1343842116 0 /dev/ttyUSB1 3
1343842129 0 /dev/ttyUSB1 3
1343842135 0 /dev/ttyUSB1 3
1343842141 0 /dev/ttyUSB1 3
1343842153 0 /dev/ttyUSB1 3
1343842178 0 /dev/ttyUSB1 3
1343842190 0 /dev/ttyUSB1 3
1343842196 0 /dev/ttyUSB1 3
1343842208 0 /dev/ttyUSB1 3
1343842226 0 /dev/ttyUSB1 3
1343842233 0 /dev/ttyUSB1 3
1343842239 0 /dev/ttyUSB1 3
1343842245 0 /dev/ttyUSB1 3
1343842251 0 /dev/ttyUSB1 3
1343842257 0 /dev/ttyUSB1 3
1343842263 0 /dev/ttyUSB1 3
1343842269 0 /dev/ttyUSB1 3
1343842275 0 /dev/ttyUSB1 3
1343842282 0 /dev/ttyUSB1 3
1343842288 0 /dev/ttyUSB1 3
1343842294 0 /dev/ttyUSB1 3
1343842300 0 /dev/ttyUSB1 3
1343842306 0 /dev/ttyUSB1 3
1343842312 0 /dev/ttyUSB1 3
1343842318 0 /dev/ttyUSB1 3
1343842324 0 /dev/ttyUSB1 3
1343842355 0 /dev/ttyUSB1 3
1343842361 0 /dev/ttyUSB1 3
1343842367 0 /dev/ttyUSB1 3
1343842380 0 /dev/ttyUSB1 3
1343842386 0 /dev/ttyUSB1 3
1343842392 0 /dev/ttyUSB1 3
1343842398 0 /dev/ttyUSB1 3
1343842404 0 /dev/ttyUSB1 3
1343842410 0 /dev/ttyUSB1 3
1343842416 0 /dev/ttyUSB1 3
1343842422 0 /dev/ttyUSB1 3
1343842429 0 /dev/ttyUSB1 3
1343842435 0 /dev/ttyUSB1 3
1343842441 0 /dev/ttyUSB1 3
1343842447 0 /dev/ttyUSB1 3
1343842453 0 /dev/ttyUSB1 3
1343842459 0 /dev/ttyUSB1 3
1343842465 0 /dev/ttyUSB1 3
1343842471 0 /dev/ttyUSB1 3
1343842478 0 /dev/ttyUSB1 3
1343842484 0 /dev/ttyUSB1 3
1343842490 0 /dev/ttyUSB1 3
1343842496 0 /dev/ttyUSB1 3
1343842502 0 /dev/ttyUSB1 3
1343842508 0 /dev/ttyUSB1 3
1343842514 0 /dev/ttyUSB1 3
1343842520 0 /dev/ttyUSB1 3
1343842527 0 /dev/ttyUSB1 3
1343842533 0 /dev/ttyUSB1 3
1343842539 0 /dev/ttyUSB1 3
1343842545 0 /dev/ttyUSB1 3
1343842551 0 /dev/ttyUSB1 3
1343842557 0 /dev/ttyUSB1 3
1343842569 0 /dev/ttyUSB1 3
1343842576 0 /dev/ttyUSB1 3
1343842582 0 /dev/ttyUSB1 3
1343842588 0 /dev/ttyUSB1 3
1343842600 0 /dev/ttyUSB1 3
1343842606 0 /dev/ttyUSB1 3
1343842612 0 /dev/ttyUSB1 3
1343842618 0 /dev/ttyUSB1 3
1343842625 0 /dev/ttyUSB1 3
1343842631 0 /dev/ttyUSB1 3
1343842637 0 /dev/ttyUSB1 3
1343842643 0 /dev/ttyUSB1 3
1343842649 0 /dev/ttyUSB1 3
1343842655 0 /dev/ttyUSB1 3
1343842661 0 /dev/ttyUSB1 3
1343842667 0 /dev/ttyUSB1 3
1343842674 0 /dev/ttyUSB1 3
1343842680 0 /dev/ttyUSB1 3
1343842686 0 /dev/ttyUSB1 3
1343842735 0 /dev/ttyUSB1 3
1343842747 0 /dev/ttyUSB1 3
1343842753 0 /dev/ttyUSB1 3
1343842759 0 /dev/ttyUSB1 3
1343842771 0 /dev/ttyUSB1 3
1343842778 0 /dev/ttyUSB1 3
1343842784 0 /dev/ttyUSB1 3
1343842796 0 /dev/ttyUSB1 3
1343842802 0 /dev/ttyUSB1 3
1343842808 0 /dev/ttyUSB1 3
1343842820 0 /dev/ttyUSB1 3
1343842827 0 /dev/ttyUSB1 3
1343842833 0 /dev/ttyUSB1 3
1343842845 0 /dev/ttyUSB1 3
1343842851 0 /dev/ttyUSB1 3
1343842857 0 /dev/ttyUSB1 3
1343842869 0 /dev/ttyUSB1 3
1343842876 0 /dev/ttyUSB1 3
1343842882 0 /dev/ttyUSB1 3
1343842888 0 /dev/ttyUSB1 3
1343842894 0 /dev/ttyUSB1 3
1343842900 0 /dev/ttyUSB1 3
1343842906 0 /dev/ttyUSB1 3
1343842912 0 /dev/ttyUSB1 3
1343842918 0 /dev/ttyUSB1 3
1343842925 0 /dev/ttyUSB1 3
1343842931 0 /dev/ttyUSB1 3
1343842937 0 /dev/ttyUSB1 3
1343842943 0 /dev/ttyUSB1 3
1343842949 0 /dev/ttyUSB1 3
1343842955 0 /dev/ttyUSB1 3
1343842961 0 /dev/ttyUSB1 3
1343842967 0 /dev/ttyUSB1 3
1343842974 0 /dev/ttyUSB1 3
1343842980 0 /dev/ttyUSB1 3
1343842986 0 /dev/ttyUSB1 3
1343842998 0 /dev/ttyUSB1 3
1343843004 0 /dev/ttyUSB1 3
1343843010 0 /dev/ttyUSB1 3
1343843035 0 /dev/ttyUSB1 3
1343843041 0 /dev/ttyUSB1 3
1343843047 0 /dev/ttyUSB1 3
1343843053 0 /dev/ttyUSB1 3
1343843059 0 /dev/ttyUSB1 3
1343843065 0 /dev/ttyUSB1 3
1343843072 0 /dev/ttyUSB1 3
1343843078 0 /dev/ttyUSB1 3
1343843084 0 /dev/ttyUSB1 3
1343843090 0 /dev/ttyUSB1 3
1343843096 0 /dev/ttyUSB1 3
1343843102 0 /dev/ttyUSB1 3
1343843108 0 /dev/ttyUSB1 3
1343843114 0 /dev/ttyUSB1 3
1343843127 0 /dev/ttyUSB1 3
1343843133 0 /dev/ttyUSB1 3
1343843139 0 /dev/ttyUSB1 3
1343843145 0 /dev/ttyUSB1 3
1343843151 0 /dev/ttyUSB1 3
1343843157 0 /dev/ttyUSB1 3
1343843163 0 /dev/ttyUSB1 3
1343843169 0 /dev/ttyUSB1 3
1343843176 0 /dev/ttyUSB1 3
1343843182 0 /dev/ttyUSB1 3
1343843188 0 /dev/ttyUSB1 3
1343843194 0 /dev/ttyUSB1 3
1343843200 0 /dev/ttyUSB1 3
1343843206 0 /dev/ttyUSB1 3
1343843212 0 /dev/ttyUSB1 3
1343843218 0 /dev/ttyUSB1 3
1343843225 0 /dev/ttyUSB1 3
1343843231 0 /dev/ttyUSB1 3
1343843237 0 /dev/ttyUSB1 3
1343843243 0 /dev/ttyUSB1 3
1343843249 0 /dev/ttyUSB1 3
1343843255 0 /dev/ttyUSB1 3
1343843261 0 /dev/ttyUSB1 3
1343843267 0 /dev/ttyUSB1 3
1343843286 0 /dev/ttyUSB1 3
1343843292 0 /dev/ttyUSB1 3
1343843298 0 /dev/ttyUSB1 3
1343843304 0 /dev/ttyUSB1 3
1343843310 0 /dev/ttyUSB1 3
1343843316 0 /dev/ttyUSB1 3
1343843323 0 /dev/ttyUSB1 3
1343843329 0 /dev/ttyUSB1 3
1343843335 0 /dev/ttyUSB1 3
1343843341 0 /dev/ttyUSB1 3
1343843347 0 /dev/ttyUSB1 3
1343843353 0 /dev/ttyUSB1 3
1343843359 0 /dev/ttyUSB1 3
1343843365 0 /dev/ttyUSB1 3
1343843372 0 /dev/ttyUSB1 3
1343843378 0 /dev/ttyUSB1 3
1343843384 0 /dev/ttyUSB1 3
1343843390 0 /dev/ttyUSB1 3
1343843396 0 /dev/ttyUSB1 3
1343843402 0 /dev/ttyUSB1 3
1343843408 0 /dev/ttyUSB1 3
1343843414 0 /dev/ttyUSB1 3
1343843421 0 /dev/ttyUSB1 3
1343843427 0 /dev/ttyUSB1 3
1343843439 0 /dev/ttyUSB1 3
1343843445 0 /dev/ttyUSB1 3
1343843451 0 /dev/ttyUSB1 3
1343843463 0 /dev/ttyUSB1 3
1343843470 0 /dev/ttyUSB1 3
1343843476 0 /dev/ttyUSB1 3
1343843488 0 /dev/ttyUSB1 3
1343843494 0 /dev/ttyUSB1 3
1343843500 0 /dev/ttyUSB1 3
1343843512 0 /dev/ttyUSB1 3
1343843519 0 /dev/ttyUSB1 3
1343843525 0 /dev/ttyUSB1 3
1343843537 0 /dev/ttyUSB1 3
1343843543 0 /dev/ttyUSB1 3
1343843549 0 /dev/ttyUSB1 3
1343843561 0 /dev/ttyUSB1 3
1343843568 0 /dev/ttyUSB1 3
1343843574 0 /dev/ttyUSB1 3
1343843586 0 /dev/ttyUSB1 3
1343843592 0 /dev/ttyUSB1 3
1343843598 0 /dev/ttyUSB1 3
1343843610 0 /dev/ttyUSB1 3
1343843616 0 /dev/ttyUSB1 3
1343843623 0 /dev/ttyUSB1 3
1343843629 0 /dev/ttyUSB1 3
1343843635 0 /dev/ttyUSB1 3
1343843641 0 /dev/ttyUSB1 3
1343843647 0 /dev/ttyUSB1 3
1343843653 0 /dev/ttyUSB1 3
1343843659 0 /dev/ttyUSB1 3
1343843665 0 /dev/ttyUSB1 3
1343843672 0 /dev/ttyUSB1 3
1343843684 0 /dev/ttyUSB1 3
1343843690 0 /dev/ttyUSB1 3
1343843696 0 /dev/ttyUSB1 3
1343843702 0 /dev/ttyUSB1 3
1343843708 0 /dev/ttyUSB1 3
1343843714 0 /dev/ttyUSB1 3
1343843733 0 /dev/ttyUSB1 3
1343843739 0 /dev/ttyUSB1 3
1343843745 0 /dev/ttyUSB1 3
1343843751 0 /dev/ttyUSB1 3
1343843757 0 /dev/ttyUSB1 3
1343843763 0 /dev/ttyUSB1 3
1343843770 0 /dev/ttyUSB1 3
1343843776 0 /dev/ttyUSB1 3
1343843782 0 /dev/ttyUSB1 3
1343843788 0 /dev/ttyUSB1 3
1343843794 0 /dev/ttyUSB1 3
1343843800 0 /dev/ttyUSB1 3
1343843806 0 /dev/ttyUSB1 3
1343843812 0 /dev/ttyUSB1 3
1343843819 0 /dev/ttyUSB1 3
1343843825 0 /dev/ttyUSB1 3
1343843831 0 /dev/ttyUSB1 3
1343843837 0 /dev/ttyUSB1 3
1343843843 0 /dev/ttyUSB1 3
1343843849 0 /dev/ttyUSB1 3
1343843855 0 /dev/ttyUSB1 3
1343843861 0 /dev/ttyUSB1 3
1343843868 0 /dev/ttyUSB1 3
1343843874 0 /dev/ttyUSB1 3
1343843892 0 /dev/ttyUSB1 3
1343843898 0 /dev/ttyUSB1 3
1343843904 0 /dev/ttyUSB1 3
1343843910 0 /dev/ttyUSB1 3
1343843917 0 /dev/ttyUSB1 3
1343843923 0 /dev/ttyUSB1 3
1343843929 0 /dev/ttyUSB1 3
1343843984 0 /dev/ttyUSB1 3
1343844002 0 /dev/ttyUSB1 3
1343844008 0 /dev/ttyUSB1 3
1343844015 0 /dev/ttyUSB1 3
1343844021 0 /dev/ttyUSB1 3
1343844027 0 /dev/ttyUSB1 3
1343844033 0 /dev/ttyUSB1 3
1343844039 0 /dev/ttyUSB1 3
1343844045 0 /dev/ttyUSB1 3
1343844051 0 /dev/ttyUSB1 3
1343844057 0 /dev/ttyUSB1 3
1343844063 0 /dev/ttyUSB1 3
1343844070 0 /dev/ttyUSB1 3
1343844076 0 /dev/ttyUSB1 3
1343844082 0 /dev/ttyUSB1 3
1343844088 0 /dev/ttyUSB1 3
1343844094 0 /dev/ttyUSB1 3
1343844100 0 /dev/ttyUSB1 3
1343844106 0 /dev/ttyUSB1 3
1343844112 0 /dev/ttyUSB1 3
1343844119 0 /dev/ttyUSB1 3
1343844125 0 /dev/ttyUSB1 3
1343844131 0 /dev/ttyUSB1 3
1343844155 0 /dev/ttyUSB1 3
1343844161 0 /dev/ttyUSB1 3
1343844168 0 /dev/ttyUSB1 3
1343844180 0 /dev/ttyUSB1 3
1343844186 0 /dev/ttyUSB1 3
1343844192 0 /dev/ttyUSB1 3
1343844204 0 /dev/ttyUSB1 3
1343844210 0 /dev/ttyUSB1 3
1343844217 0 /dev/ttyUSB1 3
1343844235 0 /dev/ttyUSB1 3
1343844241 0 /dev/ttyUSB1 3
1343844253 0 /dev/ttyUSB1 3
1343844259 0 /dev/ttyUSB1 3
1343844266 0 /dev/ttyUSB1 3
1343844278 0 /dev/ttyUSB1 3
1343844284 0 /dev/ttyUSB1 3
1343844290 0 /dev/ttyUSB1 3
1343844302 0 /dev/ttyUSB1 3
1343844308 0 /dev/ttyUSB1 3
1343844315 0 /dev/ttyUSB1 3
1343844327 0 /dev/ttyUSB1 3
1343844333 0 /dev/ttyUSB1 3
1343844339 0 /dev/ttyUSB1 3
1343844345 0 /dev/ttyUSB1 3
1343844351 0 /dev/ttyUSB1 3
1343844357 0 /dev/ttyUSB1 3
1343844364 0 /dev/ttyUSB1 3
1343844370 0 /dev/ttyUSB1 3
1343844376 0 /dev/ttyUSB1 3
1343844382 0 /dev/ttyUSB1 3
1343844388 0 /dev/ttyUSB1 3
1343844394 0 /dev/ttyUSB1 3
1343844400 0 /dev/ttyUSB1 3
1343844406 0 /dev/ttyUSB1 3
1343844413 0 /dev/ttyUSB1 3
1343844419 0 /dev/ttyUSB1 3
1343844425 0 /dev/ttyUSB1 3
1343844431 0 /dev/ttyUSB1 3
1343844437 0 /dev/ttyUSB1 3
1343844443 0 /dev/ttyUSB1 3
1343844449 0 /dev/ttyUSB1 3
1343844455 0 /dev/ttyUSB1 3
1343844462 0 /dev/ttyUSB1 3
1343844468 0 /dev/ttyUSB1 3
1343844474 0 /dev/ttyUSB1 3
1343844480 0 /dev/ttyUSB1 3
1343844486 0 /dev/ttyUSB1 3
1343844492 0 /dev/ttyUSB1 3
1343844498 0 /dev/ttyUSB1 3
1343844504 0 /dev/ttyUSB1 3
1343844510 0 /dev/ttyUSB1 3
1343844517 0 /dev/ttyUSB1 3
1343844523 0 /dev/ttyUSB1 3
1343844535 0 /dev/ttyUSB1 3
1343844541 0 /dev/ttyUSB1 3
1343844547 0 /dev/ttyUSB1 3
1343844566 0 /dev/ttyUSB1 3
1343844572 0 /dev/ttyUSB1 3
1343844596 0 /dev/ttyUSB1 3
1343844602 0 /dev/ttyUSB1 3
1343844608 0 /dev/ttyUSB1 3
1343844615 0 /dev/ttyUSB1 3
1343844621 0 /dev/ttyUSB1 3
1343844627 0 /dev/ttyUSB1 3
1343844633 0 /dev/ttyUSB1 3
1343844639 0 /dev/ttyUSB1 3
1343844645 0 /dev/ttyUSB1 3
1343844651 0 /dev/ttyUSB1 3
1343844657 0 /dev/ttyUSB1 3
1343844664 0 /dev/ttyUSB1 3
1343844670 0 /dev/ttyUSB1 3
1343844676 0 /dev/ttyUSB1 3
1343844682 0 /dev/ttyUSB1 3
1343844688 0 /dev/ttyUSB1 3
1343844694 0 /dev/ttyUSB1 3
1343844700 0 /dev/ttyUSB1 3
1343844706 0 /dev/ttyUSB1 3
1343844713 0 /dev/ttyUSB1 3
1343844719 0 /dev/ttyUSB1 3
1343844725 0 /dev/ttyUSB1 3
1343844731 0 /dev/ttyUSB1 3
1343844737 0 /dev/ttyUSB1 3
1343844743 0 /dev/ttyUSB1 3
1343844749 0 /dev/ttyUSB1 3
1343844755 0 /dev/ttyUSB1 3
1343844762 0 /dev/ttyUSB1 3
1343844768 0 /dev/ttyUSB1 3
1343844774 0 /dev/ttyUSB1 3
1343844780 0 /dev/ttyUSB1 3
1343844786 0 /dev/ttyUSB1 3
1343844792 0 /dev/ttyUSB1 3
1343844798 0 /dev/ttyUSB1 3
1343844804 0 /dev/ttyUSB1 3
1343844811 0 /dev/ttyUSB1 3
1343844817 0 /dev/ttyUSB1 3
1343844823 0 /dev/ttyUSB1 3
1343844829 0 /dev/ttyUSB1 3
1343844835 0 /dev/ttyUSB1 3
1343844841 0 /dev/ttyUSB1 3
1343844860 0 /dev/ttyUSB1 3
1343844872 0 /dev/ttyUSB1 3
1343844878 0 /dev/ttyUSB1 3
1343844884 0 /dev/ttyUSB1 3
1343844896 0 /dev/ttyUSB1 3
1343844902 0 /dev/ttyUSB1 3
1343844909 0 /dev/ttyUSB1 3
1343844921 0 /dev/ttyUSB1 3
1343844927 0 /dev/ttyUSB1 3
1343844957 0 /dev/ttyUSB1 3
1343844970 0 /dev/ttyUSB1 3
1343844994 0 /dev/ttyUSB1 3
1343845000 0 /dev/ttyUSB1 3
1343845006 0 /dev/ttyUSB1 3
1343845019 0 /dev/ttyUSB1 3
1343845025 0 /dev/ttyUSB1 3
1343845031 0 /dev/ttyUSB1 3
1343845049 0 /dev/ttyUSB1 3
1343845055 0 /dev/ttyUSB1 3
1343845062 0 /dev/ttyUSB1 3
1343845068 0 /dev/ttyUSB1 3
1343845074 0 /dev/ttyUSB1 3
1343845080 0 /dev/ttyUSB1 3
1343845086 0 /dev/ttyUSB1 3
1343845092 0 /dev/ttyUSB1 3
1343845098 0 /dev/ttyUSB1 3
1343845104 0 /dev/ttyUSB1 3
1343845111 0 /dev/ttyUSB1 3
1343845117 0 /dev/ttyUSB1 3
1343845123 0 /dev/ttyUSB1 3
1343845129 0 /dev/ttyUSB1 3
1343845135 0 /dev/ttyUSB1 3
1343845141 0 /dev/ttyUSB1 3
1343845147 0 /dev/ttyUSB1 3
1343845153 0 /dev/ttyUSB1 3
1343845160 0 /dev/ttyUSB1 3
1343845166 0 /dev/ttyUSB1 3
1343845184 0 /dev/ttyUSB1 3
1343845190 0 /dev/ttyUSB1 3
1343845196 0 /dev/ttyUSB1 3
1343845202 0 /dev/ttyUSB1 3
1343845209 0 /dev/ttyUSB1 3
1343845215 0 /dev/ttyUSB1 3
1343845221 0 /dev/ttyUSB1 3
1343845233 0 /dev/ttyUSB1 3
1343845239 0 /dev/ttyUSB1 3
1343845245 0 /dev/ttyUSB1 3
1343845251 0 /dev/ttyUSB1 3
1343845258 0 /dev/ttyUSB1 3
1343845264 0 /dev/ttyUSB1 3
1343845270 0 /dev/ttyUSB1 3
1343845276 0 /dev/ttyUSB1 3
1343845282 0 /dev/ttyUSB1 3
1343845288 0 /dev/ttyUSB1 3
1343845294 0 /dev/ttyUSB1 3
1343845300 0 /dev/ttyUSB1 3
1343845307 0 /dev/ttyUSB1 3
1343845349 0 /dev/ttyUSB1 3
1343845368 0 /dev/ttyUSB1 3
1343845374 0 /dev/ttyUSB1 3
1343845380 0 /dev/ttyUSB1 3
1343845386 0 /dev/ttyUSB1 3
1343845392 0 /dev/ttyUSB1 3
1343845398 0 /dev/ttyUSB1 3
1343845404 0 /dev/ttyUSB1 3
1343845411 0 /dev/ttyUSB1 3
1343845417 0 /dev/ttyUSB1 3
1343845423 0 /dev/ttyUSB1 3
1343845429 0 /dev/ttyUSB1 3
1343845435 0 /dev/ttyUSB1 3
1343845441 0 /dev/ttyUSB1 3
1343845447 0 /dev/ttyUSB1 3
1343845453 0 /dev/ttyUSB1 3
1343845460 0 /dev/ttyUSB1 3
1343845466 0 /dev/ttyUSB1 3
1343845472 0 /dev/ttyUSB1 3
1343845478 0 /dev/ttyUSB1 3
1343845484 0 /dev/ttyUSB1 3
1343845490 0 /dev/ttyUSB1 3
1343845496 0 /dev/ttyUSB1 3
1343845502 0 /dev/ttyUSB1 3
1343845509 0 /dev/ttyUSB1 3
1343845515 0 /dev/ttyUSB1 3
1343845521 0 /dev/ttyUSB1 3
1343845527 0 /dev/ttyUSB1 3
1343845533 0 /dev/ttyUSB1 3
1343845539 0 /dev/ttyUSB1 3
1343845545 0 /dev/ttyUSB1 3
1343845551 0 /dev/ttyUSB1 3
1343845558 0 /dev/ttyUSB1 3
1343845564 0 /dev/ttyUSB1 3
1343845570 0 /dev/ttyUSB1 3
1343845576 0 /dev/ttyUSB1 3
1343845588 0 /dev/ttyUSB1 3
1343845594 0 /dev/ttyUSB1 3
1343845600 0 /dev/ttyUSB1 3
1343845613 0 /dev/ttyUSB1 3
1343845619 0 /dev/ttyUSB1 3
1343845625 0 /dev/ttyUSB1 3
1343845637 0 /dev/ttyUSB1 3
1343845643 0 /dev/ttyUSB1 3
1343845649 0 /dev/ttyUSB1 3
1343845662 0 /dev/ttyUSB1 3
1343845668 0 /dev/ttyUSB1 3
1343845674 0 /dev/ttyUSB1 3
1343845686 0 /dev/ttyUSB1 3
1343845692 0 /dev/ttyUSB1 3
1343845698 0 /dev/ttyUSB1 3
1343845711 0 /dev/ttyUSB1 3
1343845717 0 /dev/ttyUSB1 3
1343845723 0 /dev/ttyUSB1 3
1343845735 0 /dev/ttyUSB1 3
1343845741 0 /dev/ttyUSB1 3
1343845747 0 /dev/ttyUSB1 3
1343845760 0 /dev/ttyUSB1 3
1343845766 0 /dev/ttyUSB1 3
1343845772 0 /dev/ttyUSB1 3
1343845778 0 /dev/ttyUSB1 3
1343845784 0 /dev/ttyUSB1 3
1343845790 0 /dev/ttyUSB1 3
1343845796 0 /dev/ttyUSB1 3
1343845803 0 /dev/ttyUSB1 3
1343845809 0 /dev/ttyUSB1 3
1343845815 0 /dev/ttyUSB1 3
1343845821 0 /dev/ttyUSB1 3
1343845827 0 /dev/ttyUSB1 3
1343845833 0 /dev/ttyUSB1 3
1343845839 0 /dev/ttyUSB1 3
1343845845 0 /dev/ttyUSB1 3
1343845851 0 /dev/ttyUSB1 3
1343845858 0 /dev/ttyUSB1 3
1343845876 0 /dev/ttyUSB1 3
1343845888 0 /dev/ttyUSB1 3
1343845900 0 /dev/ttyUSB1 3
1343845907 0 /dev/ttyUSB1 3
1343845913 0 /dev/ttyUSB1 3
1343845919 0 /dev/ttyUSB1 3
1343845925 0 /dev/ttyUSB1 3
1343845931 0 /dev/ttyUSB1 3
1343845937 0 /dev/ttyUSB1 3
1343845943 0 /dev/ttyUSB1 3
1343845949 0 /dev/ttyUSB1 3
1343845956 0 /dev/ttyUSB1 3
1343845962 0 /dev/ttyUSB1 3
1343845968 0 /dev/ttyUSB1 3
1343845974 0 /dev/ttyUSB1 3
1343845980 0 /dev/ttyUSB1 3
1343845986 0 /dev/ttyUSB1 3
1343845992 0 /dev/ttyUSB1 3
1343845998 0 /dev/ttyUSB1 3
1343846005 0 /dev/ttyUSB1 3
1343846011 0 /dev/ttyUSB1 3
1343846017 0 /dev/ttyUSB1 3
1343846023 0 /dev/ttyUSB1 3
1343846029 0 /dev/ttyUSB1 3
1343846035 0 /dev/ttyUSB1 3
1343846041 0 /dev/ttyUSB1 3
1343846047 0 /dev/ttyUSB1 3
1343846054 0 /dev/ttyUSB1 3
1343846060 0 /dev/ttyUSB1 3
1343846066 0 /dev/ttyUSB1 3
1343846072 0 /dev/ttyUSB1 3
1343846078 0 /dev/ttyUSB1 3
1343846084 0 /dev/ttyUSB1 3
1343846090 0 /dev/ttyUSB1 3
1343846096 0 /dev/ttyUSB1 3
1343846103 0 /dev/ttyUSB1 3
1343846109 0 /dev/ttyUSB1 3
1343846115 0 /dev/ttyUSB1 3
1343846121 0 /dev/ttyUSB1 3
1343846127 0 /dev/ttyUSB1 3
1343846133 0 /dev/ttyUSB1 3
1343846139 0 /dev/ttyUSB1 3
1343846145 0 /dev/ttyUSB1 3
1343846152 0 /dev/ttyUSB1 3
1343846158 0 /dev/ttyUSB1 3
1343846170 0 /dev/ttyUSB1 3
1343846176 0 /dev/ttyUSB1 3
1343846182 0 /dev/ttyUSB1 3
1343846188 0 /dev/ttyUSB1 3
1343846201 0 /dev/ttyUSB1 3
1343846207 0 /dev/ttyUSB1 3
1343846213 0 /dev/ttyUSB1 3
1343846219 0 /dev/ttyUSB1 3
1343846225 0 /dev/ttyUSB1 3
1343846231 0 /dev/ttyUSB1 3
1343846237 0 /dev/ttyUSB1 3
1343846243 0 /dev/ttyUSB1 3
1343846250 0 /dev/ttyUSB1 3
1343846256 0 /dev/ttyUSB1 3
1343846262 0 /dev/ttyUSB1 3
1343846268 0 /dev/ttyUSB1 3
1343846274 0 /dev/ttyUSB1 3
1343846280 0 /dev/ttyUSB1 3
1343846292 0 /dev/ttyUSB1 3
1343846299 0 /dev/ttyUSB1 3
1343846305 0 /dev/ttyUSB1 3
1343846311 0 /dev/ttyUSB1 3
1343846317 0 /dev/ttyUSB1 3
1343846329 0 /dev/ttyUSB1 3
1343846335 0 /dev/ttyUSB1 3
1343846341 0 /dev/ttyUSB1 3
1343846354 0 /dev/ttyUSB1 3
1343846360 0 /dev/ttyUSB1 3
1343846366 0 /dev/ttyUSB1 3
1343846378 0 /dev/ttyUSB1 3
1343846384 0 /dev/ttyUSB1 3
1343846390 0 /dev/ttyUSB1 3
1343846415 0 /dev/ttyUSB1 3
1343846427 0 /dev/ttyUSB1 3
1343846433 0 /dev/ttyUSB1 3
1343846439 0 /dev/ttyUSB1 3
1343846452 0 /dev/ttyUSB1 3
1343846458 0 /dev/ttyUSB1 3
1343846464 0 /dev/ttyUSB1 3
1343846476 0 /dev/ttyUSB1 3
1343846482 0 /dev/ttyUSB1 3
1343846488 0 /dev/ttyUSB1 3
1343846494 0 /dev/ttyUSB1 3
1343846501 0 /dev/ttyUSB1 3
1343846507 0 /dev/ttyUSB1 3
1343846513 0 /dev/ttyUSB1 3
1343846519 0 /dev/ttyUSB1 3
1343846525 0 /dev/ttyUSB1 3
1343846531 0 /dev/ttyUSB1 3
1343846537 0 /dev/ttyUSB1 3
1343846543 0 /dev/ttyUSB1 3
1343846550 0 /dev/ttyUSB1 3
1343846556 0 /dev/ttyUSB1 3
1343846562 0 /dev/ttyUSB1 3
1343846568 0 /dev/ttyUSB1 3
1343846574 0 /dev/ttyUSB1 3
1343846580 0 /dev/ttyUSB1 3
1343846586 0 /dev/ttyUSB1 3
1343846592 0 /dev/ttyUSB1 3
1343846599 0 /dev/ttyUSB1 3
1343846605 0 /dev/ttyUSB1 3
1343846611 0 /dev/ttyUSB1 3
1343846617 0 /dev/ttyUSB1 3
1343846623 0 /dev/ttyUSB1 3
1343846629 0 /dev/ttyUSB1 3
1343846635 0 /dev/ttyUSB1 3
1343846641 0 /dev/ttyUSB1 3
1343846648 0 /dev/ttyUSB1 3
1343846654 0 /dev/ttyUSB1 3
1343846660 0 /dev/ttyUSB1 3
1343846666 0 /dev/ttyUSB1 3
1343846672 0 /dev/ttyUSB1 3
1343846678 0 /dev/ttyUSB1 3
1343846684 0 /dev/ttyUSB1 3
1343846697 0 /dev/ttyUSB1 3
1343846703 0 /dev/ttyUSB1 3
1343846709 0 /dev/ttyUSB1 3
1343846715 0 /dev/ttyUSB1 3
1343846721 0 /dev/ttyUSB1 3
1343846727 0 /dev/ttyUSB1 3
1343846733 0 /dev/ttyUSB1 3
1343846739 0 /dev/ttyUSB1 3
1343846746 0 /dev/ttyUSB1 3
1343846752 0 /dev/ttyUSB1 3
1343846758 0 /dev/ttyUSB1 3
1343846764 0 /dev/ttyUSB1 3
1343846770 0 /dev/ttyUSB1 3
1343846776 0 /dev/ttyUSB1 3
1343846782 0 /dev/ttyUSB1 3
1343846788 0 /dev/ttyUSB1 3
1343846794 0 /dev/ttyUSB1 3
1343846801 0 /dev/ttyUSB1 3
1343846807 0 /dev/ttyUSB1 3
1343846813 0 /dev/ttyUSB1 3
1343846819 0 /dev/ttyUSB1 3
1343846825 0 /dev/ttyUSB1 3
1343846831 0 /dev/ttyUSB1 3
1343846837 0 /dev/ttyUSB1 3
1343846843 0 /dev/ttyUSB1 3
1343846850 0 /dev/ttyUSB1 3
1343846856 0 /dev/ttyUSB1 3
1343846862 0 /dev/ttyUSB1 3
1343846868 0 /dev/ttyUSB1 3
1343846874 0 /dev/ttyUSB1 3
1343846880 0 /dev/ttyUSB1 3
1343846886 0 /dev/ttyUSB1 3
1343846892 0 /dev/ttyUSB1 3
1343846899 0 /dev/ttyUSB1 3
1343846905 0 /dev/ttyUSB1 3
1343846911 0 /dev/ttyUSB1 3
1343846917 0 /dev/ttyUSB1 3
1343846941 0 /dev/ttyUSB1 3
1343846954 0 /dev/ttyUSB1 3
1343846960 0 /dev/ttyUSB1 3
1343846966 0 /dev/ttyUSB1 3
1343846972 0 /dev/ttyUSB1 3
1343846978 0 /dev/ttyUSB1 3
1343846984 0 /dev/ttyUSB1 3
1343846997 0 /dev/ttyUSB1 3
1343847003 0 /dev/ttyUSB1 3
1343847009 0 /dev/ttyUSB1 3
1343847021 0 /dev/ttyUSB1 3
1343847027 0 /dev/ttyUSB1 3
1343847046 0 /dev/ttyUSB1 3
1343847052 0 /dev/ttyUSB1 3
1343847058 0 /dev/ttyUSB1 3
1343847070 0 /dev/ttyUSB1 3
1343847076 0 /dev/ttyUSB1 3
1343847082 0 /dev/ttyUSB1 3
1343847095 0 /dev/ttyUSB1 3
1343847101 0 /dev/ttyUSB1 3
1343847107 0 /dev/ttyUSB1 3
1343847119 0 /dev/ttyUSB1 3
1343847125 0 /dev/ttyUSB1 3
1343847131 0 /dev/ttyUSB1 3
1343847144 0 /dev/ttyUSB1 3
1343847150 0 /dev/ttyUSB1 3
1343847156 0 /dev/ttyUSB1 3
1343847162 0 /dev/ttyUSB1 3
1343847180 0 /dev/ttyUSB1 3
1343847186 0 /dev/ttyUSB1 3
1343847192 0 /dev/ttyUSB1 3
1343847199 0 /dev/ttyUSB1 3
1343847205 0 /dev/ttyUSB1 3
1343847211 0 /dev/ttyUSB1 3
1343847217 0 /dev/ttyUSB1 3
1343847223 0 /dev/ttyUSB1 3
1343847229 0 /dev/ttyUSB1 3
1343847235 0 /dev/ttyUSB1 3
1343847241 0 /dev/ttyUSB1 3
1343847248 0 /dev/ttyUSB1 3
1343847254 0 /dev/ttyUSB1 3
1343847260 0 /dev/ttyUSB1 3
1343847266 0 /dev/ttyUSB1 3
1343847272 0 /dev/ttyUSB1 3
1343847278 0 /dev/ttyUSB1 3
1343847284 0 /dev/ttyUSB1 3
1343847290 0 /dev/ttyUSB1 3
1343847297 0 /dev/ttyUSB1 3
1343847303 0 /dev/ttyUSB1 3
1343847309 0 /dev/ttyUSB1 3
1343847327 0 /dev/ttyUSB1 3
1343847333 0 /dev/ttyUSB1 3
1343847339 0 /dev/ttyUSB1 3
1343847346 0 /dev/ttyUSB1 3
1343847352 0 /dev/ttyUSB1 3
1343847358 0 /dev/ttyUSB1 3
1343847364 0 /dev/ttyUSB1 3
1343847376 0 /dev/ttyUSB1 3
1343847382 0 /dev/ttyUSB1 3
1343847388 0 /dev/ttyUSB1 3
1343847395 0 /dev/ttyUSB1 3
1343847401 0 /dev/ttyUSB1 3
1343847407 0 /dev/ttyUSB1 3
1343847413 0 /dev/ttyUSB1 3
1343847419 0 /dev/ttyUSB1 3
1343847425 0 /dev/ttyUSB1 3
1343847431 0 /dev/ttyUSB1 3
1343847437 0 /dev/ttyUSB1 3
1343847444 0 /dev/ttyUSB1 3
1343847450 0 /dev/ttyUSB1 3
1343847456 0 /dev/ttyUSB1 3
1343847462 0 /dev/ttyUSB1 3
1343847468 0 /dev/ttyUSB1 3
1343847474 0 /dev/ttyUSB1 3
1343847480 0 /dev/ttyUSB1 3
1343847486 0 /dev/ttyUSB1 3
1343847493 0 /dev/ttyUSB1 3
1343847499 0 /dev/ttyUSB1 3
1343847505 0 /dev/ttyUSB1 3
1343847511 0 /dev/ttyUSB1 3
1343847517 0 /dev/ttyUSB1 3
1343847523 0 /dev/ttyUSB1 3
1343847529 0 /dev/ttyUSB1 3
1343847535 0 /dev/ttyUSB1 3
1343847542 0 /dev/ttyUSB1 3
1343847548 0 /dev/ttyUSB1 3
1343847554 0 /dev/ttyUSB1 3
1343847560 0 /dev/ttyUSB1 3
1343847566 0 /dev/ttyUSB1 3
1343847572 0 /dev/ttyUSB1 3
1343847578 0 /dev/ttyUSB1 3
1343847584 0 /dev/ttyUSB1 3
1343847591 0 /dev/ttyUSB1 3
1343847597 0 /dev/ttyUSB1 3
1343847603 0 /dev/ttyUSB1 3
1343847609 0 /dev/ttyUSB1 3
1343847615 0 /dev/ttyUSB1 3
1343847640 0 /dev/ttyUSB1 3
1343847646 0 /dev/ttyUSB1 3
1343847652 0 /dev/ttyUSB1 3
1343847658 0 /dev/ttyUSB1 3
1343847664 0 /dev/ttyUSB1 3
1343847670 0 /dev/ttyUSB1 3
1343847676 0 /dev/ttyUSB1 3
1343847688 0 /dev/ttyUSB1 3
1343847695 0 /dev/ttyUSB1 3
1343847701 0 /dev/ttyUSB1 3
1343847713 0 /dev/ttyUSB1 3
1343847719 82 /dev/ttyUSB1 3
1343847725 86 /dev/ttyUSB1 3
1343847737 87 /dev/ttyUSB1 3
1343847744 88 /dev/ttyUSB1 3
1343847750 88 /dev/ttyUSB1 3
1343847762 89 /dev/ttyUSB1 3
1343847768 89 /dev/ttyUSB1 3
1343847774 89 /dev/ttyUSB1 3
1343847786 89 /dev/ttyUSB1 3
1343847799 89 /dev/ttyUSB1 3
1343847811 89 /dev/ttyUSB1 3
1343847817 90 /dev/ttyUSB1 3
1343847823 89 /dev/ttyUSB1 3
1343847835 89 /dev/ttyUSB1 3
1343847842 89 /dev/ttyUSB1 3
1343847848 89 /dev/ttyUSB1 3
1343847860 89 /dev/ttyUSB1 3
1343847866 89 /dev/ttyUSB1 3
1343847872 89 /dev/ttyUSB1 3
1343847878 88 /dev/ttyUSB1 3
1343847884 88 /dev/ttyUSB1 3
1343847891 89 /dev/ttyUSB1 3
1343847897 88 /dev/ttyUSB1 3
1343847903 88 /dev/ttyUSB1 3
1343847909 89 /dev/ttyUSB1 3
1343847915 88 /dev/ttyUSB1 3
1343847921 88 /dev/ttyUSB1 3
1343847927 88 /dev/ttyUSB1 3
1343847933 87 /dev/ttyUSB1 3
1343847946 88 /dev/ttyUSB1 3
1343847952 88 /dev/ttyUSB1 3
1343847958 88 /dev/ttyUSB1 3
1343847964 87 /dev/ttyUSB1 3
1343847976 87 /dev/ttyUSB1 3
1343847982 87 /dev/ttyUSB1 3
1343847989 87 /dev/ttyUSB1 3
1343847995 89 /dev/ttyUSB1 3
1343848001 43 /dev/ttyUSB1 3
1343848007 44 /dev/ttyUSB1 3
1343848013 43 /dev/ttyUSB1 3
1343848019 44 /dev/ttyUSB1 3
1343848025 44 /dev/ttyUSB1 3
1343848031 44 /dev/ttyUSB1 3
1343848038 44 /dev/ttyUSB1 3
1343848044 44 /dev/ttyUSB1 3
1343848050 43 /dev/ttyUSB1 3
1343848056 44 /dev/ttyUSB1 3
1343848062 44 /dev/ttyUSB1 3
1343848068 44 /dev/ttyUSB1 3
1343848074 44 /dev/ttyUSB1 3
1343848080 44 /dev/ttyUSB1 3
1343848087 43 /dev/ttyUSB1 3
1343848093 44 /dev/ttyUSB1 3
1343848099 44 /dev/ttyUSB1 3
1343848105 43 /dev/ttyUSB1 3
1343848111 44 /dev/ttyUSB1 3
1343848117 43 /dev/ttyUSB1 3
1343848123 44 /dev/ttyUSB1 3
1343848129 43 /dev/ttyUSB1 3
1343848135 43 /dev/ttyUSB1 3
1343848142 43 /dev/ttyUSB1 3
1343848148 43 /dev/ttyUSB1 3
1343848154 43 /dev/ttyUSB1 3
1343848160 43 /dev/ttyUSB1 3
1343848166 43 /dev/ttyUSB1 3
1343848172 42 /dev/ttyUSB1 3
1343848178 43 /dev/ttyUSB1 3
1343848184 42 /dev/ttyUSB1 3
1343848191 43 /dev/ttyUSB1 3
1343848197 43 /dev/ttyUSB1 3
1343848203 43 /dev/ttyUSB1 3
1343848209 43 /dev/ttyUSB1 3
1343848215 43 /dev/ttyUSB1 3
1343848221 43 /dev/ttyUSB1 3
1343848227 43 /dev/ttyUSB1 3
1343848233 43 /dev/ttyUSB1 3
1343848240 42 /dev/ttyUSB1 3
1343848246 43 /dev/ttyUSB1 3
1343848252 42 /dev/ttyUSB1 3
1343848276 43 /dev/ttyUSB1 3
1343848282 43 /dev/ttyUSB1 3
1343848289 43 /dev/ttyUSB1 3
1343848295 42 /dev/ttyUSB1 3
1343848301 43 /dev/ttyUSB1 3
1343848307 42 /dev/ttyUSB1 3
1343848313 42 /dev/ttyUSB1 3
1343848325 43 /dev/ttyUSB1 3
1343848331 42 /dev/ttyUSB1 3
1343848338 43 /dev/ttyUSB1 3
1343848344 42 /dev/ttyUSB1 3
1343848350 43 /dev/ttyUSB1 3
1343848356 42 /dev/ttyUSB1 3
1343848362 42 /dev/ttyUSB1 3
1343848368 42 /dev/ttyUSB1 3
1343848374 43 /dev/ttyUSB1 3
1343848380 43 /dev/ttyUSB1 3
1343848387 43 /dev/ttyUSB1 3
1343848393 43 /dev/ttyUSB1 3
1343848399 42 /dev/ttyUSB1 3
1343848405 43 /dev/ttyUSB1 3
1343848411 42 /dev/ttyUSB1 3
1343848417 43 /dev/ttyUSB1 3
1343848423 43 /dev/ttyUSB1 3
1343848429 42 /dev/ttyUSB1 3
1343848436 42 /dev/ttyUSB1 3
1343848442 43 /dev/ttyUSB1 3
1343848454 43 /dev/ttyUSB1 3
1343848460 43 /dev/ttyUSB1 3
1343848466 43 /dev/ttyUSB1 3
1343848478 43 /dev/ttyUSB1 3
1343848485 43 /dev/ttyUSB1 3
1343848491 42 /dev/ttyUSB1 3
1343848503 43 /dev/ttyUSB1 3
1343848509 43 /dev/ttyUSB1 3
1343848515 43 /dev/ttyUSB1 3
1343848527 43 /dev/ttyUSB1 3
1343848534 43 /dev/ttyUSB1 3
1343848540 42 /dev/ttyUSB1 3
1343848576 42 /dev/ttyUSB1 3
1343848582 43 /dev/ttyUSB1 3
1343848589 42 /dev/ttyUSB1 3
1343848601 43 /dev/ttyUSB1 3
1343848613 43 /dev/ttyUSB1 3
1343848625 43 /dev/ttyUSB1 3
1343848631 42 /dev/ttyUSB1 3
1343848638 43 /dev/ttyUSB1 3
1343848644 43 /dev/ttyUSB1 3
1343848650 42 /dev/ttyUSB1 3
1343848656 42 /dev/ttyUSB1 3
1343848662 43 /dev/ttyUSB1 3
1343848680 42 /dev/ttyUSB1 3
1343848687 43 /dev/ttyUSB1 3
1343848693 42 /dev/ttyUSB1 3
1343848699 42 /dev/ttyUSB1 3
1343848705 43 /dev/ttyUSB1 3
1343848711 43 /dev/ttyUSB1 3
1343848717 43 /dev/ttyUSB1 3
1343848723 43 /dev/ttyUSB1 3
1343848729 42 /dev/ttyUSB1 3
1343848736 42 /dev/ttyUSB1 3
1343848742 43 /dev/ttyUSB1 3
1343848748 43 /dev/ttyUSB1 3
1343848754 42 /dev/ttyUSB1 3
1343848760 42 /dev/ttyUSB1 3
1343848766 43 /dev/ttyUSB1 3
1343848772 42 /dev/ttyUSB1 3
1343848778 43 /dev/ttyUSB1 3
1343848785 43 /dev/ttyUSB1 3
1343848809 43 /dev/ttyUSB1 3
1343848815 43 /dev/ttyUSB1 3
1343848821 43 /dev/ttyUSB1 3
1343848827 43 /dev/ttyUSB1 3
1343848834 42 /dev/ttyUSB1 3
1343848840 43 /dev/ttyUSB1 3
1343848846 42 /dev/ttyUSB1 3
1343848858 43 /dev/ttyUSB1 3
1343848864 42 /dev/ttyUSB1 3
1343848870 42 /dev/ttyUSB1 3
1343848876 43 /dev/ttyUSB1 3
1343848883 43 /dev/ttyUSB1 3
1343848889 43 /dev/ttyUSB1 3
1343848895 42 /dev/ttyUSB1 3
1343848901 43 /dev/ttyUSB1 3
1343848907 42 /dev/ttyUSB1 3
1343848913 43 /dev/ttyUSB1 3
1343848919 42 /dev/ttyUSB1 3
1343848925 42 /dev/ttyUSB1 3
1343848932 43 /dev/ttyUSB1 3
1343848938 43 /dev/ttyUSB1 3
1343848944 42 /dev/ttyUSB1 3
1343848950 43 /dev/ttyUSB1 3
1343848956 43 /dev/ttyUSB1 3
1343848962 43 /dev/ttyUSB1 3
1343848968 43 /dev/ttyUSB1 3
1343848974 42 /dev/ttyUSB1 3
1343848981 42 /dev/ttyUSB1 3
1343848987 42 /dev/ttyUSB1 3
1343848993 42 /dev/ttyUSB1 3
1343848999 43 /dev/ttyUSB1 3
1343849005 43 /dev/ttyUSB1 3
1343849011 43 /dev/ttyUSB1 3
1343849017 43 /dev/ttyUSB1 3
1343849023 42 /dev/ttyUSB1 3
1343849030 43 /dev/ttyUSB1 3
1343849036 43 /dev/ttyUSB1 3
1343849042 43 /dev/ttyUSB1 3
1343849066 42 /dev/ttyUSB1 3
1343849072 43 /dev/ttyUSB1 3
1343849078 42 /dev/ttyUSB1 3
1343849085 43 /dev/ttyUSB1 3
1343849091 42 /dev/ttyUSB1 3
1343849097 43 /dev/ttyUSB1 3
1343849103 43 /dev/ttyUSB1 3
1343849109 42 /dev/ttyUSB1 3
1343849115 42 /dev/ttyUSB1 3
1343849121 43 /dev/ttyUSB1 3
1343849127 43 /dev/ttyUSB1 3
1343849134 42 /dev/ttyUSB1 3
1343849140 43 /dev/ttyUSB1 3
1343849146 43 /dev/ttyUSB1 3
1343849152 43 /dev/ttyUSB1 3
1343849158 43 /dev/ttyUSB1 3
1343849164 42 /dev/ttyUSB1 3
1343849170 42 /dev/ttyUSB1 3
1343849176 43 /dev/ttyUSB1 3
1343849183 42 /dev/ttyUSB1 3
1343849189 42 /dev/ttyUSB1 3
1343849195 43 /dev/ttyUSB1 3
1343849201 42 /dev/ttyUSB1 3
1343849207 43 /dev/ttyUSB1 3
1343849213 43 /dev/ttyUSB1 3
1343849219 43 /dev/ttyUSB1 3
1343849225 43 /dev/ttyUSB1 3
1343849232 43 /dev/ttyUSB1 3
1343849238 43 /dev/ttyUSB1 3
1343849244 42 /dev/ttyUSB1 3
1343849256 42 /dev/ttyUSB1 3
1343849268 43 /dev/ttyUSB1 3
1343849274 43 /dev/ttyUSB1 3
1343849281 43 /dev/ttyUSB1 3
1343849293 43 /dev/ttyUSB1 3
1343849299 42 /dev/ttyUSB1 3
1343849305 43 /dev/ttyUSB1 3
1343849317 42 /dev/ttyUSB1 3
1343849323 42 /dev/ttyUSB1 3
1343849330 42 /dev/ttyUSB1 3
1343849342 42 /dev/ttyUSB1 3
1343849348 42 /dev/ttyUSB1 3
1343849354 42 /dev/ttyUSB1 3
1343849366 42 /dev/ttyUSB1 3
1343849372 42 /dev/ttyUSB1 3
1343849379 42 /dev/ttyUSB1 3
1343849391 42 /dev/ttyUSB1 3
1343849397 42 /dev/ttyUSB1 3
1343849403 42 /dev/ttyUSB1 3
1343849428 42 /dev/ttyUSB1 3
1343849434 42 /dev/ttyUSB1 3
1343849440 43 /dev/ttyUSB1 3
1343849446 42 /dev/ttyUSB1 3
1343849452 42 /dev/ttyUSB1 3
1343849458 42 /dev/ttyUSB1 3
1343849464 42 /dev/ttyUSB1 3
1343849470 42 /dev/ttyUSB1 3
1343849477 43 /dev/ttyUSB1 3
1343849483 43 /dev/ttyUSB1 3
1343849489 43 /dev/ttyUSB1 3
1343849495 43 /dev/ttyUSB1 3
1343849501 43 /dev/ttyUSB1 3
1343849507 43 /dev/ttyUSB1 3
1343849513 43 /dev/ttyUSB1 3
1343849519 43 /dev/ttyUSB1 3
1343849526 43 /dev/ttyUSB1 3
1343849532 43 /dev/ttyUSB1 3
1343849538 42 /dev/ttyUSB1 3
1343849544 43 /dev/ttyUSB1 3
1343849550 43 /dev/ttyUSB1 3
1343849556 42 /dev/ttyUSB1 3
1343849562 43 /dev/ttyUSB1 3
1343849581 43 /dev/ttyUSB1 3
1343849587 43 /dev/ttyUSB1 3
1343849593 43 /dev/ttyUSB1 3
1343849599 43 /dev/ttyUSB1 3
1343849605 42 /dev/ttyUSB1 3
1343849611 43 /dev/ttyUSB1 3
1343849617 43 /dev/ttyUSB1 3
1343849623 43 /dev/ttyUSB1 3
1343849630 43 /dev/ttyUSB1 3
1343849636 43 /dev/ttyUSB1 3
1343849642 43 /dev/ttyUSB1 3
1343849648 43 /dev/ttyUSB1 3
1343849654 43 /dev/ttyUSB1 3
1343849660 42 /dev/ttyUSB1 3
1343849666 42 /dev/ttyUSB1 3
1343849672 43 /dev/ttyUSB1 3
1343849679 43 /dev/ttyUSB1 3
1343849685 43 /dev/ttyUSB1 3
1343849691 43 /dev/ttyUSB1 3
1343849697 43 /dev/ttyUSB1 3
1343849703 43 /dev/ttyUSB1 3
1343849709 43 /dev/ttyUSB1 3
1343849715 42 /dev/ttyUSB1 3
1343849721 43 /dev/ttyUSB1 3
1343849728 43 /dev/ttyUSB1 3
1343849734 43 /dev/ttyUSB1 3
1343849740 43 /dev/ttyUSB1 3
1343849746 43 /dev/ttyUSB1 3
1343849752 43 /dev/ttyUSB1 3
1343849758 43 /dev/ttyUSB1 3
1343849764 42 /dev/ttyUSB1 3
1343849770 43 /dev/ttyUSB1 3
1343849783 43 /dev/ttyUSB1 3
1343849789 42 /dev/ttyUSB1 3
1343849795 42 /dev/ttyUSB1 3
1343849801 43 /dev/ttyUSB1 3
1343849807 43 /dev/ttyUSB1 3
1343849813 43 /dev/ttyUSB1 3
1343849819 43 /dev/ttyUSB1 3
1343849826 43 /dev/ttyUSB1 3
1343849832 43 /dev/ttyUSB1 3
1343849838 42 /dev/ttyUSB1 3
1343849844 43 /dev/ttyUSB1 3
1343849862 42 /dev/ttyUSB1 3
1343849868 43 /dev/ttyUSB1 3
1343849875 43 /dev/ttyUSB1 3
1343849881 43 /dev/ttyUSB1 3
1343849887 42 /dev/ttyUSB1 3
1343849893 43 /dev/ttyUSB1 3
1343849899 43 /dev/ttyUSB1 3
1343849905 43 /dev/ttyUSB1 3
1343849911 43 /dev/ttyUSB1 3
1343849917 43 /dev/ttyUSB1 3
1343849924 43 /dev/ttyUSB1 3
1343849930 43 /dev/ttyUSB1 3
1343849936 43 /dev/ttyUSB1 3
1343849942 42 /dev/ttyUSB1 3
1343849948 42 /dev/ttyUSB1 3
1343849954 43 /dev/ttyUSB1 3
1343849960 43 /dev/ttyUSB1 3
1343849966 43 /dev/ttyUSB1 3
1343849973 42 /dev/ttyUSB1 3
1343849985 42 /dev/ttyUSB1 3
1343849991 43 /dev/ttyUSB1 3
1343849997 43 /dev/ttyUSB1 3
1343850009 42 /dev/ttyUSB1 3
1343850015 43 /dev/ttyUSB1 3
1343850021 43 /dev/ttyUSB1 3
1343850034 43 /dev/ttyUSB1 3
1343850040 43 /dev/ttyUSB1 3
1343850046 43 /dev/ttyUSB1 3
1343850058 43 /dev/ttyUSB1 3
1343850064 43 /dev/ttyUSB1 3
1343850070 43 /dev/ttyUSB1 3
1343850083 43 /dev/ttyUSB1 3
1343850089 43 /dev/ttyUSB1 3
1343850095 42 /dev/ttyUSB1 3
1343850107 42 /dev/ttyUSB1 3
1343850113 42 /dev/ttyUSB1 3
1343850119 43 /dev/ttyUSB1 3
1343850132 43 /dev/ttyUSB1 3
1343850138 42 /dev/ttyUSB1 3
1343850144 43 /dev/ttyUSB1 3
1343850150 42 /dev/ttyUSB1 3
1343850156 43 /dev/ttyUSB1 3
1343850162 42 /dev/ttyUSB1 3
1343850168 42 /dev/ttyUSB1 3
1343850175 42 /dev/ttyUSB1 3
1343850181 43 /dev/ttyUSB1 3
1343850193 43 /dev/ttyUSB1 3
1343850199 43 /dev/ttyUSB1 3
1343850211 43 /dev/ttyUSB1 3
1343850217 42 /dev/ttyUSB1 3
1343850224 42 /dev/ttyUSB1 3
1343850230 42 /dev/ttyUSB1 3
1343850236 42 /dev/ttyUSB1 3
1343850242 42 /dev/ttyUSB1 3
1343850248 43 /dev/ttyUSB1 3
1343850254 42 /dev/ttyUSB1 3
1343850260 42 /dev/ttyUSB1 3
1343850266 43 /dev/ttyUSB1 3
1343850273 43 /dev/ttyUSB1 3
1343850279 42 /dev/ttyUSB1 3
1343850285 43 /dev/ttyUSB1 3
1343850291 43 /dev/ttyUSB1 3
1343850297 43 /dev/ttyUSB1 3
1343850303 43 /dev/ttyUSB1 3
1343850309 43 /dev/ttyUSB1 3
1343850315 43 /dev/ttyUSB1 3
1343850322 43 /dev/ttyUSB1 3
1343850334 43 /dev/ttyUSB1 3
1343850340 43 /dev/ttyUSB1 3
1343850346 42 /dev/ttyUSB1 3
1343850352 43 /dev/ttyUSB1 3
1343850358 42 /dev/ttyUSB1 3
1343850364 43 /dev/ttyUSB1 3
1343850371 42 /dev/ttyUSB1 3
1343850377 43 /dev/ttyUSB1 3
1343850383 43 /dev/ttyUSB1 3
1343850389 42 /dev/ttyUSB1 3
1343850395 42 /dev/ttyUSB1 3
1343850401 40 /dev/ttyUSB1 3
1343850407 40 /dev/ttyUSB1 3
1343850413 40 /dev/ttyUSB1 3
1343850420 40 /dev/ttyUSB1 3
1343850426 40 /dev/ttyUSB1 3
1343850432 40 /dev/ttyUSB1 3
1343850438 40 /dev/ttyUSB1 3
1343850444 40 /dev/ttyUSB1 3
1343850450 40 /dev/ttyUSB1 3
1343850456 40 /dev/ttyUSB1 3
1343850462 40 /dev/ttyUSB1 3
1343850468 40 /dev/ttyUSB1 3
1343850475 40 /dev/ttyUSB1 3
1343850481 40 /dev/ttyUSB1 3
1343850487 40 /dev/ttyUSB1 3
1343850493 40 /dev/ttyUSB1 3
1343850499 40 /dev/ttyUSB1 3
1343850505 40 /dev/ttyUSB1 3
1343850511 40 /dev/ttyUSB1 3
1343850517 40 /dev/ttyUSB1 3
1343850524 40 /dev/ttyUSB1 3
1343850530 40 /dev/ttyUSB1 3
1343850536 40 /dev/ttyUSB1 3
1343850542 40 /dev/ttyUSB1 3
1343850548 40 /dev/ttyUSB1 3
1343850554 40 /dev/ttyUSB1 3
1343850560 40 /dev/ttyUSB1 3
1343850566 40 /dev/ttyUSB1 3
1343850573 40 /dev/ttyUSB1 3
1343850579 40 /dev/ttyUSB1 3
1343850585 40 /dev/ttyUSB1 3
1343850591 40 /dev/ttyUSB1 3
1343850597 40 /dev/ttyUSB1 3
1343850603 40 /dev/ttyUSB1 3
1343850609 40 /dev/ttyUSB1 3
1343850615 40 /dev/ttyUSB1 3
1343850628 40 /dev/ttyUSB1 3
1343850634 40 /dev/ttyUSB1 3
1343850640 40 /dev/ttyUSB1 3
1343850646 40 /dev/ttyUSB1 3
1343850652 40 /dev/ttyUSB1 3
1343850658 40 /dev/ttyUSB1 3
1343850664 40 /dev/ttyUSB1 3
1343850671 39 /dev/ttyUSB1 3
1343850677 40 /dev/ttyUSB1 3
1343850683 40 /dev/ttyUSB1 3
1343850701 40 /dev/ttyUSB1 3
1343850707 40 /dev/ttyUSB1 3
1343850713 40 /dev/ttyUSB1 3
1343850726 43 /dev/ttyUSB1 3
1343850732 43 /dev/ttyUSB1 3
1343850738 43 /dev/ttyUSB1 3
1343850750 43 /dev/ttyUSB1 3
1343850756 43 /dev/ttyUSB1 3
1343850762 42 /dev/ttyUSB1 3
1343850775 43 /dev/ttyUSB1 3
1343850781 43 /dev/ttyUSB1 3
1343850787 42 /dev/ttyUSB1 3
1343850799 43 /dev/ttyUSB1 3
1343850805 43 /dev/ttyUSB1 3
1343850811 43 /dev/ttyUSB1 3
1343850824 43 /dev/ttyUSB1 3
1343850830 42 /dev/ttyUSB1 3
1343850836 43 /dev/ttyUSB1 3
1343850848 42 /dev/ttyUSB1 3
1343850854 42 /dev/ttyUSB1 3
1343850879 43 /dev/ttyUSB1 3
1343850885 43 /dev/ttyUSB1 3
1343850891 43 /dev/ttyUSB1 3
1343850897 42 /dev/ttyUSB1 3
1343850903 43 /dev/ttyUSB1 3
1343850909 43 /dev/ttyUSB1 3
1343850915 42 /dev/ttyUSB1 3
1343850922 42 /dev/ttyUSB1 3
1343850928 42 /dev/ttyUSB1 3
1343850934 43 /dev/ttyUSB1 3
1343850940 43 /dev/ttyUSB1 3
1343850946 43 /dev/ttyUSB1 3
1343850958 43 /dev/ttyUSB1 3
1343850964 43 /dev/ttyUSB1 3
1343850971 43 /dev/ttyUSB1 3
1343851001 42 /dev/ttyUSB1 3
1343851007 42 /dev/ttyUSB1 3
1343851013 42 /dev/ttyUSB1 3
1343851020 43 /dev/ttyUSB1 3
1343851032 43 /dev/ttyUSB1 3
1343851038 43 /dev/ttyUSB1 3
1343851044 42 /dev/ttyUSB1 3
1343851050 43 /dev/ttyUSB1 3
1343851056 43 /dev/ttyUSB1 3
1343851062 43 /dev/ttyUSB1 3
1343851069 42 /dev/ttyUSB1 3
1343851075 42 /dev/ttyUSB1 3
1343851081 42 /dev/ttyUSB1 3
1343851087 43 /dev/ttyUSB1 3
1343851099 43 /dev/ttyUSB1 3
1343851105 42 /dev/ttyUSB1 3
1343851111 42 /dev/ttyUSB1 3
1343851118 42 /dev/ttyUSB1 3
1343851124 43 /dev/ttyUSB1 3
1343851130 43 /dev/ttyUSB1 3
1343851136 43 /dev/ttyUSB1 3
1343851142 43 /dev/ttyUSB1 3
1343851148 43 /dev/ttyUSB1 3
1343851154 43 /dev/ttyUSB1 3
1343851160 42 /dev/ttyUSB1 3
1343851167 42 /dev/ttyUSB1 3
1343851173 43 /dev/ttyUSB1 3
1343851179 42 /dev/ttyUSB1 3
1343851185 43 /dev/ttyUSB1 3
1343851191 43 /dev/ttyUSB1 3
1343851197 43 /dev/ttyUSB1 3
1343851203 42 /dev/ttyUSB1 3
1343851209 42 /dev/ttyUSB1 3
1343851216 42 /dev/ttyUSB1 3
1343851222 43 /dev/ttyUSB1 3
1343851228 42 /dev/ttyUSB1 3
1343851234 42 /dev/ttyUSB1 3
1343851240 43 /dev/ttyUSB1 3
1343851246 43 /dev/ttyUSB1 3
1343851252 42 /dev/ttyUSB1 3
1343851258 43 /dev/ttyUSB1 3
1343851265 42 /dev/ttyUSB1 3
1343851271 43 /dev/ttyUSB1 3
1343851277 42 /dev/ttyUSB1 3
1343851283 42 /dev/ttyUSB1 3
1343851289 43 /dev/ttyUSB1 3
1343851295 42 /dev/ttyUSB1 3
1343851301 43 /dev/ttyUSB1 3
1343851307 42 /dev/ttyUSB1 3
1343851314 43 /dev/ttyUSB1 3
1343851320 43 /dev/ttyUSB1 3
1343851326 43 /dev/ttyUSB1 3
1343851332 43 /dev/ttyUSB1 3
1343851338 43 /dev/ttyUSB1 3
1343851344 43 /dev/ttyUSB1 3
1343851350 42 /dev/ttyUSB1 3
1343851356 43 /dev/ttyUSB1 3
1343851363 43 /dev/ttyUSB1 3
1343851369 42 /dev/ttyUSB1 3
1343851375 43 /dev/ttyUSB1 3
1343851381 43 /dev/ttyUSB1 3
1343851387 43 /dev/ttyUSB1 3
1343851393 43 /dev/ttyUSB1 3
1343851399 43 /dev/ttyUSB1 3
1343851405 43 /dev/ttyUSB1 3
1343851411 43 /dev/ttyUSB1 3
1343851418 42 /dev/ttyUSB1 3
1343851424 43 /dev/ttyUSB1 3
1343851430 43 /dev/ttyUSB1 3
1343851442 43 /dev/ttyUSB1 3
1343851448 43 /dev/ttyUSB1 3
1343851454 42 /dev/ttyUSB1 3
1343851467 42 /dev/ttyUSB1 3
1343851473 42 /dev/ttyUSB1 3
1343851479 42 /dev/ttyUSB1 3
1343851491 42 /dev/ttyUSB1 3
1343851497 42 /dev/ttyUSB1 3
1343851516 42 /dev/ttyUSB1 3
1343851522 42 /dev/ttyUSB1 3
1343851528 43 /dev/ttyUSB1 3
1343851540 42 /dev/ttyUSB1 3
1343851546 42 /dev/ttyUSB1 3
1343851552 42 /dev/ttyUSB1 3
1343851565 42 /dev/ttyUSB1 3
1343851571 42 /dev/ttyUSB1 3
1343851577 42 /dev/ttyUSB1 3
1343851595 42 /dev/ttyUSB1 3
1343851601 42 /dev/ttyUSB1 3
1343851607 42 /dev/ttyUSB1 3
1343851614 42 /dev/ttyUSB1 3
1343851620 42 /dev/ttyUSB1 3
1343851626 42 /dev/ttyUSB1 3
1343851632 43 /dev/ttyUSB1 3
1343851638 42 /dev/ttyUSB1 3
1343851644 42 /dev/ttyUSB1 3
1343851650 42 /dev/ttyUSB1 3
1343851656 42 /dev/ttyUSB1 3
1343851663 42 /dev/ttyUSB1 3
1343851669 42 /dev/ttyUSB1 3
1343851675 42 /dev/ttyUSB1 3
1343851681 42 /dev/ttyUSB1 3
1343851687 42 /dev/ttyUSB1 3
1343851693 43 /dev/ttyUSB1 3
1343851699 42 /dev/ttyUSB1 3
1343851705 42 /dev/ttyUSB1 3
1343851712 42 /dev/ttyUSB1 3
1343851718 42 /dev/ttyUSB1 3
1343851724 42 /dev/ttyUSB1 3
1343851730 42 /dev/ttyUSB1 3
1343851736 42 /dev/ttyUSB1 3
1343851742 42 /dev/ttyUSB1 3
1343851748 42 /dev/ttyUSB1 3
1343851754 42 /dev/ttyUSB1 3
1343851767 42 /dev/ttyUSB1 3
1343851803 42 /dev/ttyUSB1 3
1343851840 42 /dev/ttyUSB1 3
1343851846 43 /dev/ttyUSB1 3
1343851852 42 /dev/ttyUSB1 3
1343851858 42 /dev/ttyUSB1 3
1343851865 42 /dev/ttyUSB1 3
1343851871 42 /dev/ttyUSB1 3
1343851877 42 /dev/ttyUSB1 3
1343851883 42 /dev/ttyUSB1 3
1343851889 42 /dev/ttyUSB1 3
1343851895 42 /dev/ttyUSB1 3
1343851901 42 /dev/ttyUSB1 3
1343851907 42 /dev/ttyUSB1 3
1343851914 42 /dev/ttyUSB1 3
1343851920 42 /dev/ttyUSB1 3
1343851926 42 /dev/ttyUSB1 3
1343851932 42 /dev/ttyUSB1 3
1343851938 42 /dev/ttyUSB1 3
1343851944 42 /dev/ttyUSB1 3
1343851950 42 /dev/ttyUSB1 3
1343851981 42 /dev/ttyUSB1 3
1343851987 42 /dev/ttyUSB1 3
1343851993 42 /dev/ttyUSB1 3
1343852005 41 /dev/ttyUSB1 3
1343852012 42 /dev/ttyUSB1 3
1343852018 42 /dev/ttyUSB1 3
1343852024 42 /dev/ttyUSB1 3
1343852030 42 /dev/ttyUSB1 3
1343852036 42 /dev/ttyUSB1 3
1343852042 42 /dev/ttyUSB1 3
1343852048 42 /dev/ttyUSB1 3
1343852061 42 /dev/ttyUSB1 3
1343852067 42 /dev/ttyUSB1 3
1343852073 42 /dev/ttyUSB1 3
1343852085 42 /dev/ttyUSB1 3
1343852091 42 /dev/ttyUSB1 3
1343852097 42 /dev/ttyUSB1 3
1343852110 42 /dev/ttyUSB1 3
1343852116 42 /dev/ttyUSB1 3
1343852122 42 /dev/ttyUSB1 3
1343852134 42 /dev/ttyUSB1 3
1343852140 42 /dev/ttyUSB1 3
1343852146 41 /dev/ttyUSB1 3
1343852159 42 /dev/ttyUSB1 3
1343852165 42 /dev/ttyUSB1 3
1343852171 42 /dev/ttyUSB1 3
1343852183 42 /dev/ttyUSB1 3
1343852189 42 /dev/ttyUSB1 3
1343852195 42 /dev/ttyUSB1 3
1343852201 42 /dev/ttyUSB1 3
1343852207 42 /dev/ttyUSB1 3
1343852214 42 /dev/ttyUSB1 3
1343852220 42 /dev/ttyUSB1 3
1343852226 42 /dev/ttyUSB1 3
1343852232 42 /dev/ttyUSB1 3
1343852238 42 /dev/ttyUSB1 3
1343852244 42 /dev/ttyUSB1 3
1343852250 42 /dev/ttyUSB1 3
1343852256 42 /dev/ttyUSB1 3
1343852263 41 /dev/ttyUSB1 3
1343852269 42 /dev/ttyUSB1 3
1343852275 42 /dev/ttyUSB1 3
1343852281 42 /dev/ttyUSB1 3
1343852287 42 /dev/ttyUSB1 3
1343852293 42 /dev/ttyUSB1 3
1343852299 42 /dev/ttyUSB1 3
1343852305 42 /dev/ttyUSB1 3
1343852312 42 /dev/ttyUSB1 3
1343852318 42 /dev/ttyUSB1 3
1343852324 42 /dev/ttyUSB1 3
1343852330 42 /dev/ttyUSB1 3
1343852336 42 /dev/ttyUSB1 3
1343852342 42 /dev/ttyUSB1 3
1343852348 42 /dev/ttyUSB1 3
1343852354 42 /dev/ttyUSB1 3
1343852361 42 /dev/ttyUSB1 3
1343852367 42 /dev/ttyUSB1 3
1343852373 42 /dev/ttyUSB1 3
1343852379 42 /dev/ttyUSB1 3
1343852385 42 /dev/ttyUSB1 3
1343852391 42 /dev/ttyUSB1 3
1343852397 42 /dev/ttyUSB1 3
1343852403 42 /dev/ttyUSB1 3
1343852410 42 /dev/ttyUSB1 3
1343852422 42 /dev/ttyUSB1 3
1343852428 42 /dev/ttyUSB1 3
1343852434 42 /dev/ttyUSB1 3
1343852440 42 /dev/ttyUSB1 3
1343852446 42 /dev/ttyUSB1 3
1343852452 42 /dev/ttyUSB1 3
1343852459 42 /dev/ttyUSB1 3
1343852465 42 /dev/ttyUSB1 3
1343852477 42 /dev/ttyUSB1 3
1343852483 42 /dev/ttyUSB1 3
1343852489 42 /dev/ttyUSB1 3
1343852495 42 /dev/ttyUSB1 3
1343852501 42 /dev/ttyUSB1 3
1343852508 41 /dev/ttyUSB1 3
1343852514 42 /dev/ttyUSB1 3
1343852520 42 /dev/ttyUSB1 3
1343852526 42 /dev/ttyUSB1 3
1343852532 42 /dev/ttyUSB1 3
1343852538 42 /dev/ttyUSB1 3
1343852544 42 /dev/ttyUSB1 3
1343852550 42 /dev/ttyUSB1 3
1343852557 42 /dev/ttyUSB1 3
1343852563 42 /dev/ttyUSB1 3
1343852569 42 /dev/ttyUSB1 3
1343852575 42 /dev/ttyUSB1 3
1343852581 42 /dev/ttyUSB1 3
1343852587 41 /dev/ttyUSB1 3
1343852593 42 /dev/ttyUSB1 3
1343852599 42 /dev/ttyUSB1 3
1343852605 42 /dev/ttyUSB1 3
1343852612 42 /dev/ttyUSB1 3
1343852618 42 /dev/ttyUSB1 3
1343852624 42 /dev/ttyUSB1 3
1343852630 42 /dev/ttyUSB1 3
1343852636 42 /dev/ttyUSB1 3
1343852642 42 /dev/ttyUSB1 3
1343852661 42 /dev/ttyUSB1 3
1343852667 42 /dev/ttyUSB1 3
1343852679 42 /dev/ttyUSB1 3
1343852685 42 /dev/ttyUSB1 3
1343852691 42 /dev/ttyUSB1 3
1343852703 42 /dev/ttyUSB1 3
1343852710 41 /dev/ttyUSB1 3
1343852716 42 /dev/ttyUSB1 3
1343852728 42 /dev/ttyUSB1 3
1343852734 42 /dev/ttyUSB1 3
1343852740 42 /dev/ttyUSB1 3
1343852752 42 /dev/ttyUSB1 3
1343852759 42 /dev/ttyUSB1 3
1343852765 42 /dev/ttyUSB1 3
1343852777 42 /dev/ttyUSB1 3
1343852783 42 /dev/ttyUSB1 3
1343852795 42 /dev/ttyUSB1 3
1343852801 42 /dev/ttyUSB1 3
1343852808 42 /dev/ttyUSB1 3
1343852814 42 /dev/ttyUSB1 3
1343852826 41 /dev/ttyUSB1 3
1343852832 42 /dev/ttyUSB1 3
1343852838 42 /dev/ttyUSB1 3
1343852844 42 /dev/ttyUSB1 3
1343852850 42 /dev/ttyUSB1 3
1343852857 41 /dev/ttyUSB1 3
1343852863 43 /dev/ttyUSB1 3
1343852869 42 /dev/ttyUSB1 3
1343852875 42 /dev/ttyUSB1 3
1343852881 41 /dev/ttyUSB1 3
1343852887 42 /dev/ttyUSB1 3
1343852893 42 /dev/ttyUSB1 3
1343852899 42 /dev/ttyUSB1 3
1343852906 43 /dev/ttyUSB1 3
1343852912 42 /dev/ttyUSB1 3
1343852918 42 /dev/ttyUSB1 3
1343852924 41 /dev/ttyUSB1 3
1343852930 42 /dev/ttyUSB1 3
1343852936 42 /dev/ttyUSB1 3
1343852942 42 /dev/ttyUSB1 3
1343852948 42 /dev/ttyUSB1 3
1343852955 42 /dev/ttyUSB1 3
1343852961 42 /dev/ttyUSB1 3
1343852967 42 /dev/ttyUSB1 3
1343852973 41 /dev/ttyUSB1 3
1343852979 42 /dev/ttyUSB1 3
1343852985 42 /dev/ttyUSB1 3
1343852991 42 /dev/ttyUSB1 3
1343852997 41 /dev/ttyUSB1 3
1343853003 42 /dev/ttyUSB1 3
1343853010 42 /dev/ttyUSB1 3
1343853016 42 /dev/ttyUSB1 3
1343853022 42 /dev/ttyUSB1 3
1343853028 42 /dev/ttyUSB1 3
1343853034 41 /dev/ttyUSB1 3
1343853040 42 /dev/ttyUSB1 3
1343853046 42 /dev/ttyUSB1 3
1343853052 42 /dev/ttyUSB1 3
1343853059 42 /dev/ttyUSB1 3
1343853065 42 /dev/ttyUSB1 3
1343853071 42 /dev/ttyUSB1 3
1343853083 42 /dev/ttyUSB1 3
1343853089 42 /dev/ttyUSB1 3
1343853095 42 /dev/ttyUSB1 3
1343853101 42 /dev/ttyUSB1 3
1343853114 42 /dev/ttyUSB1 3
1343853120 42 /dev/ttyUSB1 3
1343853126 42 /dev/ttyUSB1 3
1343853132 42 /dev/ttyUSB1 3
1343853138 42 /dev/ttyUSB1 3
1343853144 42 /dev/ttyUSB1 3
1343853150 41 /dev/ttyUSB1 3
1343853157 42 /dev/ttyUSB1 3
1343853169 42 /dev/ttyUSB1 3
1343853193 42 /dev/ttyUSB1 3
1343853212 42 /dev/ttyUSB1 3
1343853218 42 /dev/ttyUSB1 3
1343853230 42 /dev/ttyUSB1 3
1343853236 42 /dev/ttyUSB1 3
1343853248 42 /dev/ttyUSB1 3
1343853255 41 /dev/ttyUSB1 3
1343853261 42 /dev/ttyUSB1 3
1343853273 42 /dev/ttyUSB1 3
1343853279 42 /dev/ttyUSB1 3
1343853285 42 /dev/ttyUSB1 3
1343853297 41 /dev/ttyUSB1 3
1343853304 42 /dev/ttyUSB1 3
1343853310 42 /dev/ttyUSB1 3
1343853322 42 /dev/ttyUSB1 3
1343853328 42 /dev/ttyUSB1 3
1343853334 42 /dev/ttyUSB1 3
1343853346 42 /dev/ttyUSB1 3
1343853353 42 /dev/ttyUSB1 3
1343853359 42 /dev/ttyUSB1 3
1343853371 42 /dev/ttyUSB1 3
1343853377 42 /dev/ttyUSB1 3
1343853383 42 /dev/ttyUSB1 3
1343853395 42 /dev/ttyUSB1 3
1343853401 42 /dev/ttyUSB1 3
1343853408 42 /dev/ttyUSB1 3
1343853414 42 /dev/ttyUSB1 3
1343853420 42 /dev/ttyUSB1 3
1343853426 42 /dev/ttyUSB1 3
1343853432 42 /dev/ttyUSB1 3
1343853438 42 /dev/ttyUSB1 3
1343853444 42 /dev/ttyUSB1 3
1343853450 42 /dev/ttyUSB1 3
1343853457 42 /dev/ttyUSB1 3
1343853512 41 /dev/ttyUSB1 3
1343853518 42 /dev/ttyUSB1 3
1343853524 42 /dev/ttyUSB1 3
1343853530 42 /dev/ttyUSB1 3
1343853536 42 /dev/ttyUSB1 3
1343853542 42 /dev/ttyUSB1 3
1343853548 42 /dev/ttyUSB1 3
1343853555 42 /dev/ttyUSB1 3
1343853561 42 /dev/ttyUSB1 3
1343853567 42 /dev/ttyUSB1 3
1343853573 42 /dev/ttyUSB1 3
1343853579 42 /dev/ttyUSB1 3
1343853585 42 /dev/ttyUSB1 3
1343853591 42 /dev/ttyUSB1 3
1343853597 42 /dev/ttyUSB1 3
1343853604 42 /dev/ttyUSB1 3
1343853610 42 /dev/ttyUSB1 3
1343853616 42 /dev/ttyUSB1 3
1343853622 42 /dev/ttyUSB1 3
1343853628 42 /dev/ttyUSB1 3
1343853634 42 /dev/ttyUSB1 3
1343853646 42 /dev/ttyUSB1 3
1343853653 42 /dev/ttyUSB1 3
1343853659 42 /dev/ttyUSB1 3
1343853665 42 /dev/ttyUSB1 3
1343853671 42 /dev/ttyUSB1 3
1343853677 41 /dev/ttyUSB1 3
1343853683 42 /dev/ttyUSB1 3
1343853689 42 /dev/ttyUSB1 3
1343853695 42 /dev/ttyUSB1 3
1343853702 42 /dev/ttyUSB1 3
1343853708 42 /dev/ttyUSB1 3
1343853714 42 /dev/ttyUSB1 3
1343853720 42 /dev/ttyUSB1 3
1343853726 42 /dev/ttyUSB1 3
1343853732 42 /dev/ttyUSB1 3
1343853751 42 /dev/ttyUSB1 3
1343853757 42 /dev/ttyUSB1 3
1343853763 42 /dev/ttyUSB1 3
1343853769 42 /dev/ttyUSB1 3
1343853775 42 /dev/ttyUSB1 3
1343853787 42 /dev/ttyUSB1 3
1343853793 42 /dev/ttyUSB1 3
1343853800 42 /dev/ttyUSB1 3
1343853806 42 /dev/ttyUSB1 3
1343853812 42 /dev/ttyUSB1 3
1343853818 42 /dev/ttyUSB1 3
1343853830 42 /dev/ttyUSB1 3
1343853836 42 /dev/ttyUSB1 3
1343853842 41 /dev/ttyUSB1 3
1343853867 42 /dev/ttyUSB1 3
1343853873 42 /dev/ttyUSB1 3
1343853879 42 /dev/ttyUSB1 3
1343853891 42 /dev/ttyUSB1 3
1343853897 42 /dev/ttyUSB1 3
1343853904 42 /dev/ttyUSB1 3
1343853922 42 /dev/ttyUSB1 3
1343853928 42 /dev/ttyUSB1 3
1343853940 42 /dev/ttyUSB1 3
1343853946 42 /dev/ttyUSB1 3
1343853953 42 /dev/ttyUSB1 3
1343853965 42 /dev/ttyUSB1 3
1343853971 42 /dev/ttyUSB1 3
1343853977 42 /dev/ttyUSB1 3
1343853989 42 /dev/ttyUSB1 3
1343853995 42 /dev/ttyUSB1 3
1343854002 42 /dev/ttyUSB1 3
1343854008 42 /dev/ttyUSB1 3
1343854014 42 /dev/ttyUSB1 3
1343854020 42 /dev/ttyUSB1 3
1343854026 42 /dev/ttyUSB1 3
1343854038 42 /dev/ttyUSB1 3
1343854044 42 /dev/ttyUSB1 3
1343854051 42 /dev/ttyUSB1 3
1343854081 42 /dev/ttyUSB1 3
1343854087 42 /dev/ttyUSB1 3
1343854124 42 /dev/ttyUSB1 3
1343854130 42 /dev/ttyUSB1 3
1343854136 42 /dev/ttyUSB1 3
1343854142 42 /dev/ttyUSB1 3
1343854149 42 /dev/ttyUSB1 3
1343854155 42 /dev/ttyUSB1 3
1343854161 42 /dev/ttyUSB1 3
1343854167 42 /dev/ttyUSB1 3
1343854173 42 /dev/ttyUSB1 3
1343854179 40 /dev/ttyUSB1 3
1343854185 40 /dev/ttyUSB1 3
1343854191 40 /dev/ttyUSB1 3
1343854198 40 /dev/ttyUSB1 3
1343854204 42 /dev/ttyUSB1 3
1343854210 42 /dev/ttyUSB1 3
1343854222 42 /dev/ttyUSB1 3
1343854228 42 /dev/ttyUSB1 3
1343854234 42 /dev/ttyUSB1 3
1343854240 42 /dev/ttyUSB1 3
1343854246 40 /dev/ttyUSB1 3
1343854253 40 /dev/ttyUSB1 3
1343854259 40 /dev/ttyUSB1 3
1343854265 40 /dev/ttyUSB1 3
1343854271 40 /dev/ttyUSB1 3
1343854277 40 /dev/ttyUSB1 3
1343854283 40 /dev/ttyUSB1 3
1343854289 40 /dev/ttyUSB1 3
1343854295 40 /dev/ttyUSB1 3
1343854302 40 /dev/ttyUSB1 3
1343854308 40 /dev/ttyUSB1 3
1343854314 39 /dev/ttyUSB1 3
1343854320 39 /dev/ttyUSB1 3
1343854326 40 /dev/ttyUSB1 3
1343854332 40 /dev/ttyUSB1 3
1343854338 40 /dev/ttyUSB1 3
1343854344 40 /dev/ttyUSB1 3
1343854351 40 /dev/ttyUSB1 3
1343854357 40 /dev/ttyUSB1 3
1343854363 40 /dev/ttyUSB1 3
1343854369 40 /dev/ttyUSB1 3
1343854375 40 /dev/ttyUSB1 3
1343854381 40 /dev/ttyUSB1 3
1343854387 40 /dev/ttyUSB1 3
1343854393 40 /dev/ttyUSB1 3
1343854400 40 /dev/ttyUSB1 3
1343854406 40 /dev/ttyUSB1 3
1343854412 40 /dev/ttyUSB1 3
1343854418 40 /dev/ttyUSB1 3
1343854424 40 /dev/ttyUSB1 3
1343854430 40 /dev/ttyUSB1 3
1343854436 40 /dev/ttyUSB1 3
1343854442 40 /dev/ttyUSB1 3
1343854449 40 /dev/ttyUSB1 3
1343854455 40 /dev/ttyUSB1 3
1343854461 40 /dev/ttyUSB1 3
1343854467 40 /dev/ttyUSB1 3
1343854473 40 /dev/ttyUSB1 3
1343854485 40 /dev/ttyUSB1 3
1343854491 40 /dev/ttyUSB1 3
1343854498 40 /dev/ttyUSB1 3
1343854510 40 /dev/ttyUSB1 3
1343854516 40 /dev/ttyUSB1 3
1343854522 40 /dev/ttyUSB1 3
1343854534 40 /dev/ttyUSB1 3
1343854540 39 /dev/ttyUSB1 3
1343854559 40 /dev/ttyUSB1 3
1343854565 40 /dev/ttyUSB1 3
1343854571 39 /dev/ttyUSB1 3
1343854583 39 /dev/ttyUSB1 3
1343854589 38 /dev/ttyUSB1 3
1343854596 23 /dev/ttyUSB1 3
1343854608 0 /dev/ttyUSB1 3
1343854614 0 /dev/ttyUSB1 3
1343854620 0 /dev/ttyUSB1 3
1343854632 0 /dev/ttyUSB1 3
1343854638 0 /dev/ttyUSB1 3
1343854644 0 /dev/ttyUSB1 3
1343854657 0 /dev/ttyUSB1 3
1343854663 0 /dev/ttyUSB1 3
1343854669 0 /dev/ttyUSB1 3
1343854675 0 /dev/ttyUSB1 3
1343854681 0 /dev/ttyUSB1 3
1343854687 0 /dev/ttyUSB1 3
1343854693 0 /dev/ttyUSB1 3
1343854700 0 /dev/ttyUSB1 3
1343854706 0 /dev/ttyUSB1 3
1343854712 0 /dev/ttyUSB1 3
1343854718 0 /dev/ttyUSB1 3
1343854724 0 /dev/ttyUSB1 3
1343854730 0 /dev/ttyUSB1 3
1343854736 0 /dev/ttyUSB1 3
1343854742 0 /dev/ttyUSB1 3
1343854749 0 /dev/ttyUSB1 3
1343854755 0 /dev/ttyUSB1 3
1343854761 0 /dev/ttyUSB1 3
1343854767 0 /dev/ttyUSB1 3
1343854773 0 /dev/ttyUSB1 3
1343854779 0 /dev/ttyUSB1 3
1343854785 0 /dev/ttyUSB1 3
1343854791 0 /dev/ttyUSB1 3
1343854810 0 /dev/ttyUSB1 3
1343854816 0 /dev/ttyUSB1 3
1343854822 0 /dev/ttyUSB1 3
1343854853 0 /dev/ttyUSB1 3
1343854859 0 /dev/ttyUSB1 3
1343854865 0 /dev/ttyUSB1 3
1343854871 0 /dev/ttyUSB1 3
1343854877 0 /dev/ttyUSB1 3
1343854883 0 /dev/ttyUSB1 3
1343854889 0 /dev/ttyUSB1 3
1343854896 0 /dev/ttyUSB1 3
1343854902 0 /dev/ttyUSB1 3
1343854908 0 /dev/ttyUSB1 3
1343854914 0 /dev/ttyUSB1 3
1343854920 0 /dev/ttyUSB1 3
1343854926 0 /dev/ttyUSB1 3
1343854932 0 /dev/ttyUSB1 3
1343854938 0 /dev/ttyUSB1 3
1343854945 0 /dev/ttyUSB1 3
1343854951 0 /dev/ttyUSB1 3
1343854987 0 /dev/ttyUSB1 3
1343854994 0 /dev/ttyUSB1 3
1343855000 0 /dev/ttyUSB1 3
1343855006 0 /dev/ttyUSB1 3
1343855012 0 /dev/ttyUSB1 3
1343855018 0 /dev/ttyUSB1 3
1343855024 0 /dev/ttyUSB1 3
1343855030 0 /dev/ttyUSB1 3
1343855036 0 /dev/ttyUSB1 3
1343855043 0 /dev/ttyUSB1 3
1343855049 0 /dev/ttyUSB1 3
1343855067 0 /dev/ttyUSB1 3
1343855073 0 /dev/ttyUSB1 3
1343855079 0 /dev/ttyUSB1 3
1343855085 0 /dev/ttyUSB1 3
1343855091 0 /dev/ttyUSB1 3
1343855098 0 /dev/ttyUSB1 3
1343855116 0 /dev/ttyUSB1 3
1343855122 0 /dev/ttyUSB1 3
1343855128 0 /dev/ttyUSB1 3
1343855134 0 /dev/ttyUSB1 3
1343855140 0 /dev/ttyUSB1 3
1343855147 0 /dev/ttyUSB1 3
1343855177 0 /dev/ttyUSB1 3
1343855183 0 /dev/ttyUSB1 3
1343855214 0 /dev/ttyUSB1 3
1343855226 0 /dev/ttyUSB1 3
1343855232 0 /dev/ttyUSB1 3
1343855238 0 /dev/ttyUSB1 3
1343855251 0 /dev/ttyUSB1 3
1343855257 0 /dev/ttyUSB1 3
1343855263 0 /dev/ttyUSB1 3
1343855275 0 /dev/ttyUSB1 3
1343855281 0 /dev/ttyUSB1 3
1343855287 0 /dev/ttyUSB1 3
1343855300 0 /dev/ttyUSB1 3
1343855306 0 /dev/ttyUSB1 3
1343855312 0 /dev/ttyUSB1 3
1343855324 0 /dev/ttyUSB1 3
1343855330 0 /dev/ttyUSB1 3
1343855336 0 /dev/ttyUSB1 3
1343855349 0 /dev/ttyUSB1 3
1343855355 0 /dev/ttyUSB1 3
1343855361 0 /dev/ttyUSB1 3
1343855373 0 /dev/ttyUSB1 3
1343855379 0 /dev/ttyUSB1 3
1343855385 0 /dev/ttyUSB1 3
1343855392 0 /dev/ttyUSB1 3
1343855398 0 /dev/ttyUSB1 3
1343855404 0 /dev/ttyUSB1 3
1343855416 0 /dev/ttyUSB1 3
1343855422 0 /dev/ttyUSB1 3
1343855428 0 /dev/ttyUSB1 3
1343855441 0 /dev/ttyUSB1 3
1343855447 0 /dev/ttyUSB1 3
1343855453 0 /dev/ttyUSB1 3
1343855459 0 /dev/ttyUSB1 3
1343855465 0 /dev/ttyUSB1 3
1343855471 0 /dev/ttyUSB1 3
1343855477 0 /dev/ttyUSB1 3
1343855483 0 /dev/ttyUSB1 3
1343855502 0 /dev/ttyUSB1 3
1343855508 0 /dev/ttyUSB1 3
1343855514 0 /dev/ttyUSB1 3
1343855520 0 /dev/ttyUSB1 3
1343855526 0 /dev/ttyUSB1 3
1343855532 0 /dev/ttyUSB1 3
1343855539 0 /dev/ttyUSB1 3
1343855545 0 /dev/ttyUSB1 3
1343855551 0 /dev/ttyUSB1 3
1343855557 0 /dev/ttyUSB1 3
1343855563 0 /dev/ttyUSB1 3
1343855569 0 /dev/ttyUSB1 3
1343855575 0 /dev/ttyUSB1 3
1343855581 0 /dev/ttyUSB1 3
1343855587 0 /dev/ttyUSB1 3
1343855594 0 /dev/ttyUSB1 3
1343855600 0 /dev/ttyUSB1 3
1343855606 0 /dev/ttyUSB1 3
1343855612 0 /dev/ttyUSB1 3
1343855618 0 /dev/ttyUSB1 3
1343855624 0 /dev/ttyUSB1 3
1343855630 0 /dev/ttyUSB1 3
1343855636 0 /dev/ttyUSB1 3
1343855643 0 /dev/ttyUSB1 3
1343855649 0 /dev/ttyUSB1 3
1343855655 0 /dev/ttyUSB1 3
1343855661 0 /dev/ttyUSB1 3
1343855667 0 /dev/ttyUSB1 3
1343855673 0 /dev/ttyUSB1 3
1343855692 0 /dev/ttyUSB1 3
1343855698 0 /dev/ttyUSB1 3
1343855704 0 /dev/ttyUSB1 3
1343855722 0 /dev/ttyUSB1 3
1343855728 0 /dev/ttyUSB1 3
1343855734 0 /dev/ttyUSB1 3
1343855747 0 /dev/ttyUSB1 3
1343855753 0 /dev/ttyUSB1 3
1343855759 0 /dev/ttyUSB1 3
1343855765 0 /dev/ttyUSB1 3
1343855771 0 /dev/ttyUSB1 3
1343855777 0 /dev/ttyUSB1 3
1343855783 0 /dev/ttyUSB1 3
1343855790 0 /dev/ttyUSB1 3
1343855796 0 /dev/ttyUSB1 3
1343855802 0 /dev/ttyUSB1 3
1343855820 0 /dev/ttyUSB1 3
1343855826 0 /dev/ttyUSB1 3
1343855832 0 /dev/ttyUSB1 3
1343855839 0 /dev/ttyUSB1 3
1343855845 0 /dev/ttyUSB1 3
1343855851 0 /dev/ttyUSB1 3
1343855857 0 /dev/ttyUSB1 3
1343855863 0 /dev/ttyUSB1 3
1343855869 0 /dev/ttyUSB1 3
1343855875 0 /dev/ttyUSB1 3
1343855881 0 /dev/ttyUSB1 3
1343855888 0 /dev/ttyUSB1 3
1343855894 0 /dev/ttyUSB1 3
1343855900 0 /dev/ttyUSB1 3
1343855906 0 /dev/ttyUSB1 3
1343855912 0 /dev/ttyUSB1 3
1343855918 0 /dev/ttyUSB1 3
1343855924 0 /dev/ttyUSB1 3
1343855930 0 /dev/ttyUSB1 3
1343855937 0 /dev/ttyUSB1 3
1343855943 0 /dev/ttyUSB1 3
1343855949 0 /dev/ttyUSB1 3
1343855955 0 /dev/ttyUSB1 3
1343855967 0 /dev/ttyUSB1 3
1343855973 0 /dev/ttyUSB1 3
1343855979 0 /dev/ttyUSB1 3
1343855986 0 /dev/ttyUSB1 3
1343855992 0 /dev/ttyUSB1 3
1343855998 0 /dev/ttyUSB1 3
1343856004 0 /dev/ttyUSB1 3
1343856010 0 /dev/ttyUSB1 3
1343856016 0 /dev/ttyUSB1 3
1343856022 0 /dev/ttyUSB1 3
1343856028 0 /dev/ttyUSB1 3
1343856035 0 /dev/ttyUSB1 3
1343856041 0 /dev/ttyUSB1 3
1343856047 0 /dev/ttyUSB1 3
1343856053 0 /dev/ttyUSB1 3
1343856065 0 /dev/ttyUSB1 3
1343856071 0 /dev/ttyUSB1 3
1343856077 0 /dev/ttyUSB1 3
1343856090 0 /dev/ttyUSB1 3
1343856096 0 /dev/ttyUSB1 3
1343856102 0 /dev/ttyUSB1 3
1343856114 0 /dev/ttyUSB1 3
1343856120 0 /dev/ttyUSB1 3
1343856126 0 /dev/ttyUSB1 3
1343856139 0 /dev/ttyUSB1 3
1343856151 0 /dev/ttyUSB1 3
1343856200 0 /dev/ttyUSB1 3
1343856212 0 /dev/ttyUSB1 3
1343856218 0 /dev/ttyUSB1 3
1343856224 0 /dev/ttyUSB1 3
1343856237 0 /dev/ttyUSB1 3
1343856243 0 /dev/ttyUSB1 3
1343856249 0 /dev/ttyUSB1 3
1343856267 0 /dev/ttyUSB1 3
1343856273 0 /dev/ttyUSB1 3
1343856279 0 /dev/ttyUSB1 3
1343856286 0 /dev/ttyUSB1 3
1343856292 0 /dev/ttyUSB1 3
1343856298 0 /dev/ttyUSB1 3
1343856304 0 /dev/ttyUSB1 3
1343856310 0 /dev/ttyUSB1 3
1343856316 0 /dev/ttyUSB1 3
1343856322 0 /dev/ttyUSB1 3
1343856328 0 /dev/ttyUSB1 3
1343856335 0 /dev/ttyUSB1 3
1343856341 0 /dev/ttyUSB1 3
1343856347 0 /dev/ttyUSB1 3
1343856353 0 /dev/ttyUSB1 3
1343856359 0 /dev/ttyUSB1 3
1343856377 0 /dev/ttyUSB1 3
1343856384 0 /dev/ttyUSB1 3
1343856390 0 /dev/ttyUSB1 3
1343856396 0 /dev/ttyUSB1 3
1343856402 0 /dev/ttyUSB1 3
1343856408 0 /dev/ttyUSB1 3
1343856414 0 /dev/ttyUSB1 3
1343856420 0 /dev/ttyUSB1 3
1343856426 0 /dev/ttyUSB1 3
1343856433 0 /dev/ttyUSB1 3
1343856439 0 /dev/ttyUSB1 3
1343856445 0 /dev/ttyUSB1 3
1343856451 0 /dev/ttyUSB1 3
1343856457 0 /dev/ttyUSB1 3
1343856463 0 /dev/ttyUSB1 3
1343856469 0 /dev/ttyUSB1 3
1343856475 0 /dev/ttyUSB1 3
1343856482 0 /dev/ttyUSB1 3
1343856488 0 /dev/ttyUSB1 3
1343856494 0 /dev/ttyUSB1 3
1343856500 0 /dev/ttyUSB1 3
1343856506 0 /dev/ttyUSB1 3
1343856512 0 /dev/ttyUSB1 3
1343856518 0 /dev/ttyUSB1 3
1343856524 0 /dev/ttyUSB1 3
1343856531 0 /dev/ttyUSB1 3
1343856537 0 /dev/ttyUSB1 3
1343856543 0 /dev/ttyUSB1 3
1343856549 0 /dev/ttyUSB1 3
1343856555 0 /dev/ttyUSB1 3
1343856561 0 /dev/ttyUSB1 3
1343856567 0 /dev/ttyUSB1 3
1343856573 0 /dev/ttyUSB1 3
1343856580 0 /dev/ttyUSB1 3
1343856586 0 /dev/ttyUSB1 3
1343856592 0 /dev/ttyUSB1 3
1343856598 0 /dev/ttyUSB1 3
1343856604 0 /dev/ttyUSB1 3
1343856610 0 /dev/ttyUSB1 3
1343856616 0 /dev/ttyUSB1 3
1343856622 0 /dev/ttyUSB1 3
1343856629 0 /dev/ttyUSB1 3
1343856635 0 /dev/ttyUSB1 3
1343856641 0 /dev/ttyUSB1 3
1343856647 0 /dev/ttyUSB1 3
1343856653 0 /dev/ttyUSB1 3
1343856659 0 /dev/ttyUSB1 3
1343856665 0 /dev/ttyUSB1 3
1343856671 0 /dev/ttyUSB1 3
1343856677 0 /dev/ttyUSB1 3
1343856684 0 /dev/ttyUSB1 3
1343856690 0 /dev/ttyUSB1 3
1343856696 0 /dev/ttyUSB1 3
1343856702 0 /dev/ttyUSB1 3
1343856708 0 /dev/ttyUSB1 3
1343856714 0 /dev/ttyUSB1 3
1343856720 0 /dev/ttyUSB1 3
1343856726 0 /dev/ttyUSB1 3
1343856733 0 /dev/ttyUSB1 3
1343856757 0 /dev/ttyUSB1 3
1343856763 0 /dev/ttyUSB1 3
1343856769 0 /dev/ttyUSB1 3
1343856775 0 /dev/ttyUSB1 3
1343856782 0 /dev/ttyUSB1 3
1343856788 0 /dev/ttyUSB1 3
1343856794 0 /dev/ttyUSB1 3
1343856800 0 /dev/ttyUSB1 3
1343856806 0 /dev/ttyUSB1 3
1343856812 0 /dev/ttyUSB1 3
1343856818 0 /dev/ttyUSB1 3
1343856824 0 /dev/ttyUSB1 3
1343856831 0 /dev/ttyUSB1 3
1343856837 0 /dev/ttyUSB1 3
1343856843 0 /dev/ttyUSB1 3
1343856861 0 /dev/ttyUSB1 3
1343856867 0 /dev/ttyUSB1 3
1343856873 0 /dev/ttyUSB1 3
1343856880 0 /dev/ttyUSB1 3
1343856892 0 /dev/ttyUSB1 3
1343856898 0 /dev/ttyUSB1 3
1343856904 0 /dev/ttyUSB1 3
1343856910 0 /dev/ttyUSB1 3
1343856916 0 /dev/ttyUSB1 3
1343856922 0 /dev/ttyUSB1 3
1343856929 0 /dev/ttyUSB1 3
1343856935 0 /dev/ttyUSB1 3
1343856941 0 /dev/ttyUSB1 3
1343856947 0 /dev/ttyUSB1 3
1343856953 0 /dev/ttyUSB1 3
1343856959 0 /dev/ttyUSB1 3
1343856965 0 /dev/ttyUSB1 3
1343856971 0 /dev/ttyUSB1 3
1343856984 0 /dev/ttyUSB1 3
1343856990 0 /dev/ttyUSB1 3
1343856996 0 /dev/ttyUSB1 3
1343857002 0 /dev/ttyUSB1 3
1343857014 0 /dev/ttyUSB1 3
1343857020 0 /dev/ttyUSB1 3
1343857027 0 /dev/ttyUSB1 3
1343857033 0 /dev/ttyUSB1 3
1343857039 0 /dev/ttyUSB1 3
1343857045 0 /dev/ttyUSB1 3
1343857051 0 /dev/ttyUSB1 3
1343857057 0 /dev/ttyUSB1 3
1343857063 0 /dev/ttyUSB1 3
1343857069 0 /dev/ttyUSB1 3
1343857076 0 /dev/ttyUSB1 3
1343857082 0 /dev/ttyUSB1 3
1343857088 0 /dev/ttyUSB1 3
1343857094 0 /dev/ttyUSB1 3
1343857100 0 /dev/ttyUSB1 3
1343857106 0 /dev/ttyUSB1 3
1343857112 0 /dev/ttyUSB1 3
1343857118 0 /dev/ttyUSB1 3
1343857125 0 /dev/ttyUSB1 3
1343857131 0 /dev/ttyUSB1 3
1343857137 0 /dev/ttyUSB1 3
1343857143 0 /dev/ttyUSB1 3
1343857149 0 /dev/ttyUSB1 3
1343857155 0 /dev/ttyUSB1 3
1343857161 0 /dev/ttyUSB1 3
1343857167 0 /dev/ttyUSB1 3
1343857174 0 /dev/ttyUSB1 3
1343857180 0 /dev/ttyUSB1 3
1343857186 0 /dev/ttyUSB1 3
1343857198 0 /dev/ttyUSB1 3
1343857204 0 /dev/ttyUSB1 3
1343857210 0 /dev/ttyUSB1 3
1343857223 0 /dev/ttyUSB1 3
1343857229 0 /dev/ttyUSB1 3
1343857235 0 /dev/ttyUSB1 3
1343857247 0 /dev/ttyUSB1 3
1343857253 0 /dev/ttyUSB1 3
1343857259 0 /dev/ttyUSB1 3
1343857272 0 /dev/ttyUSB1 3
1343857278 0 /dev/ttyUSB1 3
1343857284 0 /dev/ttyUSB1 3
1343857296 0 /dev/ttyUSB1 3
1343857308 0 /dev/ttyUSB1 3
1343857320 0 /dev/ttyUSB1 3
1343857327 0 /dev/ttyUSB1 3
1343857333 0 /dev/ttyUSB1 3
1343857345 0 /dev/ttyUSB1 3
1343857351 0 /dev/ttyUSB1 3
1343857357 0 /dev/ttyUSB1 3
1343857369 0 /dev/ttyUSB1 3
1343857376 0 /dev/ttyUSB1 3
1343857382 0 /dev/ttyUSB1 3
1343857394 0 /dev/ttyUSB1 3
1343857400 0 /dev/ttyUSB1 3
1343857406 0 /dev/ttyUSB1 3
1343857418 0 /dev/ttyUSB1 3
1343857425 0 /dev/ttyUSB1 3
1343857431 0 /dev/ttyUSB1 3
1343857443 0 /dev/ttyUSB1 3
1343857449 0 /dev/ttyUSB1 3
1343857455 0 /dev/ttyUSB1 3
1343857467 0 /dev/ttyUSB1 3
1343857474 0 /dev/ttyUSB1 3
1343857480 0 /dev/ttyUSB1 3
1343857492 0 /dev/ttyUSB1 3
1343857498 0 /dev/ttyUSB1 3
1343857504 0 /dev/ttyUSB1 3
1343857516 0 /dev/ttyUSB1 3
1343857523 0 /dev/ttyUSB1 3
1343857529 0 /dev/ttyUSB1 3
1343857541 0 /dev/ttyUSB1 3
1343857547 0 /dev/ttyUSB1 3
1343857572 0 /dev/ttyUSB1 3
1343857578 0 /dev/ttyUSB1 3
1343857590 0 /dev/ttyUSB1 3
1343857602 0 /dev/ttyUSB1 3
1343857614 0 /dev/ttyUSB1 3
1343857621 0 /dev/ttyUSB1 3
1343857627 0 /dev/ttyUSB1 3
1343857633 0 /dev/ttyUSB1 3
1343857639 0 /dev/ttyUSB1 3
1343857645 0 /dev/ttyUSB1 3
1343857651 0 /dev/ttyUSB1 3
1343857657 0 /dev/ttyUSB1 3
1343857663 0 /dev/ttyUSB1 3
1343857670 0 /dev/ttyUSB1 3
1343857682 0 /dev/ttyUSB1 3
1343857688 0 /dev/ttyUSB1 3
1343857694 0 /dev/ttyUSB1 3
1343857700 0 /dev/ttyUSB1 3
1343857706 0 /dev/ttyUSB1 3
1343857712 0 /dev/ttyUSB1 3
1343857719 0 /dev/ttyUSB1 3
1343857725 0 /dev/ttyUSB1 3
1343857731 0 /dev/ttyUSB1 3
1343857737 0 /dev/ttyUSB1 3
1343857743 0 /dev/ttyUSB1 3
1343857749 0 /dev/ttyUSB1 3
1343857755 0 /dev/ttyUSB1 3
1343857761 0 /dev/ttyUSB1 3
1343857768 0 /dev/ttyUSB1 3
1343857774 0 /dev/ttyUSB1 3
1343857780 0 /dev/ttyUSB1 3
1343857786 0 /dev/ttyUSB1 3
1343857792 0 /dev/ttyUSB1 3
1343857798 0 /dev/ttyUSB1 3
1343857804 0 /dev/ttyUSB1 3
1343857817 0 /dev/ttyUSB1 3
1343857823 0 /dev/ttyUSB1 3
1343857829 0 /dev/ttyUSB1 3
1343857835 0 /dev/ttyUSB1 3
1343857841 0 /dev/ttyUSB1 3
1343857847 0 /dev/ttyUSB1 3
1343857853 0 /dev/ttyUSB1 3
1343857859 0 /dev/ttyUSB1 3
1343857866 0 /dev/ttyUSB1 3
1343857872 0 /dev/ttyUSB1 3
1343857878 0 /dev/ttyUSB1 3
1343857884 0 /dev/ttyUSB1 3
1343857890 0 /dev/ttyUSB1 3
1343857896 0 /dev/ttyUSB1 3
1343857902 0 /dev/ttyUSB1 3
1343857908 0 /dev/ttyUSB1 3
1343857915 0 /dev/ttyUSB1 3
1343857921 0 /dev/ttyUSB1 3
1343857927 0 /dev/ttyUSB1 3
1343857933 0 /dev/ttyUSB1 3
1343857939 0 /dev/ttyUSB1 3
1343857945 0 /dev/ttyUSB1 3
1343857951 0 /dev/ttyUSB1 3
1343857957 0 /dev/ttyUSB1 3
1343857964 0 /dev/ttyUSB1 3
1343857970 0 /dev/ttyUSB1 3
1343857976 0 /dev/ttyUSB1 3
1343857988 0 /dev/ttyUSB1 3
1343857994 0 /dev/ttyUSB1 3
1343858000 0 /dev/ttyUSB1 3
1343858006 0 /dev/ttyUSB1 3
1343858013 0 /dev/ttyUSB1 3
1343858019 0 /dev/ttyUSB1 3
1343858031 0 /dev/ttyUSB1 3
1343858037 0 /dev/ttyUSB1 3
1343858043 0 /dev/ttyUSB1 3
1343858049 0 /dev/ttyUSB1 3
1343858055 0 /dev/ttyUSB1 3
1343858062 0 /dev/ttyUSB1 3
1343858068 0 /dev/ttyUSB1 3
1343858074 0 /dev/ttyUSB1 3
1343858080 0 /dev/ttyUSB1 3
1343858086 0 /dev/ttyUSB1 3
1343858092 0 /dev/ttyUSB1 3
1343858098 0 /dev/ttyUSB1 3
1343858104 0 /dev/ttyUSB1 3
1343858110 0 /dev/ttyUSB1 3
1343858117 0 /dev/ttyUSB1 3
1343858123 0 /dev/ttyUSB1 3
1343858129 0 /dev/ttyUSB1 3
1343858135 0 /dev/ttyUSB1 3
1343858141 0 /dev/ttyUSB1 3
1343858147 0 /dev/ttyUSB1 3
1343858153 0 /dev/ttyUSB1 3
1343858159 0 /dev/ttyUSB1 3
1343858166 0 /dev/ttyUSB1 3
1343858172 0 /dev/ttyUSB1 3
1343858178 0 /dev/ttyUSB1 3
1343858184 0 /dev/ttyUSB1 3
1343858190 0 /dev/ttyUSB1 3
1343858196 0 /dev/ttyUSB1 3
1343858202 0 /dev/ttyUSB1 3
1343858208 0 /dev/ttyUSB1 3
1343858215 0 /dev/ttyUSB1 3
1343858221 0 /dev/ttyUSB1 3
1343858227 0 /dev/ttyUSB1 3
1343858233 0 /dev/ttyUSB1 3
1343858239 0 /dev/ttyUSB1 3
1343858245 0 /dev/ttyUSB1 3
1343858251 0 /dev/ttyUSB1 3
1343858257 0 /dev/ttyUSB1 3
1343858264 0 /dev/ttyUSB1 3
1343858282 0 /dev/ttyUSB1 3
1343858288 0 /dev/ttyUSB1 3
1343858294 0 /dev/ttyUSB1 3
1343858300 0 /dev/ttyUSB1 3
1343858306 0 /dev/ttyUSB1 3
1343858313 0 /dev/ttyUSB1 3
1343858319 0 /dev/ttyUSB1 3
1343858325 0 /dev/ttyUSB1 3
1343858331 0 /dev/ttyUSB1 3
1343858349 0 /dev/ttyUSB1 3
1343858355 0 /dev/ttyUSB1 3
1343858362 0 /dev/ttyUSB1 3
1343858368 0 /dev/ttyUSB1 3
1343858374 0 /dev/ttyUSB1 3
1343858380 0 /dev/ttyUSB1 3
1343858386 0 /dev/ttyUSB1 3
1343858392 0 /dev/ttyUSB1 3
1343858398 0 /dev/ttyUSB1 3
1343858404 0 /dev/ttyUSB1 3
1343858411 0 /dev/ttyUSB1 3
1343858423 0 /dev/ttyUSB1 3
1343858429 0 /dev/ttyUSB1 3
1343858435 0 /dev/ttyUSB1 3
1343858453 0 /dev/ttyUSB1 3
1343858466 0 /dev/ttyUSB1 3
1343858472 0 /dev/ttyUSB1 3
1343858478 0 /dev/ttyUSB1 3
1343858484 0 /dev/ttyUSB1 3
1343858490 0 /dev/ttyUSB1 3
1343858496 0 /dev/ttyUSB1 3
1343858502 0 /dev/ttyUSB1 3
1343858509 0 /dev/ttyUSB1 3
1343858515 0 /dev/ttyUSB1 3
1343858521 0 /dev/ttyUSB1 3
1343858527 0 /dev/ttyUSB1 3
1343858533 0 /dev/ttyUSB1 3
1343858539 0 /dev/ttyUSB1 3
1343858545 0 /dev/ttyUSB1 3
1343858551 0 /dev/ttyUSB1 3
1343858558 0 /dev/ttyUSB1 3
1343858564 0 /dev/ttyUSB1 3
1343858570 0 /dev/ttyUSB1 3
1343858576 0 /dev/ttyUSB1 3
1343858582 0 /dev/ttyUSB1 3
1343858588 0 /dev/ttyUSB1 3
1343858594 0 /dev/ttyUSB1 3
1343858600 0 /dev/ttyUSB1 3
1343858607 0 /dev/ttyUSB1 3
1343858613 0 /dev/ttyUSB1 3
1343858619 0 /dev/ttyUSB1 3
1343858625 0 /dev/ttyUSB1 3
1343858631 0 /dev/ttyUSB1 3
1343858637 0 /dev/ttyUSB1 3
1343858643 0 /dev/ttyUSB1 3
1343858649 0 /dev/ttyUSB1 3
1343858656 0 /dev/ttyUSB1 3
1343858662 0 /dev/ttyUSB1 3
1343858668 0 /dev/ttyUSB1 3
1343858674 0 /dev/ttyUSB1 3
1343858680 0 /dev/ttyUSB1 3
1343858686 0 /dev/ttyUSB1 3
1343858692 0 /dev/ttyUSB1 3
1343858698 0 /dev/ttyUSB1 3
1343858705 0 /dev/ttyUSB1 3
1343858711 0 /dev/ttyUSB1 3
1343858717 0 /dev/ttyUSB1 3
1343858723 0 /dev/ttyUSB1 3
1343858729 0 /dev/ttyUSB1 3
1343858735 0 /dev/ttyUSB1 3
1343858741 0 /dev/ttyUSB1 3
1343858747 0 /dev/ttyUSB1 3
1343858754 0 /dev/ttyUSB1 3
1343858760 0 /dev/ttyUSB1 3
1343858766 0 /dev/ttyUSB1 3
1343858772 0 /dev/ttyUSB1 3
1343858778 0 /dev/ttyUSB1 3
1343858784 0 /dev/ttyUSB1 3
1343858790 0 /dev/ttyUSB1 3
1343858796 0 /dev/ttyUSB1 3
1343858803 0 /dev/ttyUSB1 3
1343858809 0 /dev/ttyUSB1 3
1343858815 0 /dev/ttyUSB1 3
1343858821 0 /dev/ttyUSB1 3
1343858845 0 /dev/ttyUSB1 3
1343858852 0 /dev/ttyUSB1 3
1343858858 0 /dev/ttyUSB1 3
1343858864 0 /dev/ttyUSB1 3
1343858870 0 /dev/ttyUSB1 3
1343858876 0 /dev/ttyUSB1 3
1343858882 0 /dev/ttyUSB1 3
1343858888 0 /dev/ttyUSB1 3
1343858894 0 /dev/ttyUSB1 3
1343858901 0 /dev/ttyUSB1 3
1343858907 0 /dev/ttyUSB1 3
1343858913 0 /dev/ttyUSB1 3
1343858919 0 /dev/ttyUSB1 3
1343858937 0 /dev/ttyUSB1 3
1343858943 0 /dev/ttyUSB1 3
1343858949 0 /dev/ttyUSB1 3
